,Statecode,Districtcode,VillageCode,Population,Males,Females
0,21,387,2877900,4600,2353,2247
1,21,387,2878000,713,364,349
2,21,387,2878100,1809,908,901
3,21,387,2878200,1636,842,794
4,21,387,2878300,0,0,0
5,21,387,2878400,127,61,66
6,21,387,2878500,0,0,0
7,21,387,2878600,152,80,72
8,21,387,2878700,108,54,54
9,21,387,2878800,578,295,283
10,21,387,2878900,407,200,207
11,21,387,2879000,893,454,439
12,21,387,2879100,164,84,80
13,21,387,2879200,1260,651,609
14,21,387,2879300,182,89,93
15,21,387,2879400,57,27,30
16,21,387,2879500,1274,635,639
17,21,387,2879600,821,417,404
18,21,387,2879700,778,400,378
19,21,387,2879800,468,222,246
20,21,387,2879900,393,216,177
21,21,387,2880000,223,95,128
22,21,387,2880100,12,6,6
23,21,387,2880200,1041,533,508
24,21,387,2880300,1829,949,880
25,21,387,2880400,2420,1240,1180
26,21,387,2880500,0,0,0
27,21,387,2880600,445,226,219
28,21,387,2880700,930,472,458
29,21,387,2880800,821,412,409
30,21,387,2880900,694,355,339
31,21,387,2881000,32,15,17
32,21,387,2881100,868,445,423
33,21,387,2881200,1349,668,681
34,21,387,2881300,837,405,432
35,21,387,2881400,919,447,472
36,21,387,2881500,1244,628,616
37,21,387,2881600,582,291,291
38,21,387,2881700,320,153,167
39,21,387,2881800,610,302,308
40,21,387,2881900,440,215,225
41,21,387,2882000,700,344,356
42,21,387,2882100,333,156,177
43,21,387,2882200,1578,777,801
44,21,387,2882300,1201,613,588
45,21,387,2882400,415,216,199
46,21,387,2882500,685,361,324
47,21,387,2882600,730,358,372
48,21,387,2882700,618,306,312
49,21,387,2882800,277,140,137
50,21,387,2882900,320,158,162
51,21,387,2883000,1006,514,492
52,21,387,2883100,611,317,294
53,21,387,2883200,108,55,53
54,21,387,2883300,120,61,59
55,21,387,2883400,0,0,0
56,21,387,2883500,378,185,193
57,21,387,2883600,3402,1735,1667
58,21,387,2883700,229,114,115
59,21,387,2883800,893,444,449
60,21,387,2883900,857,441,416
61,21,387,2884000,389,195,194
62,21,387,2884100,345,177,168
63,21,387,2884200,751,369,382
64,21,387,2884300,1528,737,791
65,21,387,2884400,88,47,41
66,21,387,2884500,619,306,313
67,21,387,2884600,727,360,367
68,21,387,2884700,185,89,96
69,21,387,2884800,1856,899,957
70,21,387,2884900,474,237,237
71,21,387,2885000,669,322,347
72,21,387,2885100,811,381,430
73,21,387,2885200,1062,541,521
74,21,387,2885300,310,148,162
75,21,387,2885400,196,88,108
76,21,387,2885500,393,202,191
77,21,387,2885600,449,222,227
78,21,387,2885700,1958,973,985
79,21,387,2885800,749,385,364
80,21,387,2885900,1560,790,770
81,21,387,2886000,111,60,51
82,21,387,2886100,154,81,73
83,21,387,2886200,583,277,306
84,21,387,2886300,1354,660,694
85,21,387,2886400,779,398,381
86,21,387,2886500,0,0,0
87,21,387,2886600,512,264,248
88,21,387,2886700,0,0,0
89,21,387,2886800,1020,520,500
90,21,387,2886900,246,127,119
91,21,387,2887000,128,62,66
92,21,387,2887100,42,20,22
93,21,387,2887200,103,45,58
94,21,387,2887300,188,92,96
95,21,387,2887400,1005,500,505
96,21,387,2887500,500,241,259
97,21,387,2887600,212,111,101
98,21,387,2887700,329,162,167
99,21,387,2887800,545,270,275
100,21,387,2887900,1090,562,528
101,21,387,2888000,840,415,425
102,21,387,2888100,481,252,229
103,21,387,2888200,1836,934,902
104,21,387,2888300,1168,584,584
105,21,387,2888400,1497,736,761
106,21,387,2888500,122,63,59
107,21,387,2888600,278,138,140
108,21,387,2888700,200,103,97
109,21,387,2888800,1238,608,630
110,21,387,2888900,313,148,165
111,21,387,2889000,0,0,0
112,21,387,2889100,779,386,393
113,21,387,2889200,547,281,266
114,21,387,2889300,1671,821,850
115,21,387,2889400,366,182,184
116,21,387,2889500,303,141,162
117,21,387,2889600,0,0,0
118,21,387,2889700,543,273,270
119,21,387,2889800,152,74,78
120,21,387,2889900,291,155,136
121,21,387,2890000,33,18,15
122,21,387,2890100,50,25,25
123,21,387,2890200,809,421,388
124,21,387,2890300,141,71,70
125,21,387,2890400,144,72,72
126,21,387,2890500,596,306,290
127,21,387,2890600,307,147,160
128,21,387,2890700,268,137,131
129,21,387,2890800,540,284,256
130,21,387,2890900,253,127,126
131,21,387,2891000,449,232,217
132,21,387,2891100,695,351,344
133,21,387,2891200,603,299,304
134,21,387,2891300,1247,648,599
135,21,387,2891400,1647,841,806
136,21,387,2891500,378,200,178
137,21,387,2891600,269,136,133
138,21,387,2891700,861,435,426
139,21,387,2891800,651,339,312
140,21,387,2891900,1417,702,715
141,21,387,2892000,283,141,142
142,21,387,2892100,621,322,299
143,21,387,2892200,202,100,102
144,21,387,2892300,7,3,4
145,21,387,2892400,0,0,0
146,21,387,2892500,641,331,310
147,21,387,2892600,675,360,315
148,21,387,2892700,536,275,261
149,21,387,2892800,443,241,202
150,21,387,2892900,1099,593,506
151,21,387,2893000,616,324,292
152,21,387,2893100,0,0,0
153,21,387,2893200,92,47,45
154,21,387,2893300,328,173,155
155,21,387,2893400,796,422,374
156,21,387,2893500,256,139,117
157,21,387,2893600,418,211,207
158,21,387,2893700,1135,587,548
159,21,387,2893800,1535,786,749
160,21,387,2893900,842,417,425
161,21,387,2894000,775,393,382
162,21,387,2894100,944,470,474
163,21,387,2894200,1068,530,538
164,21,387,2894300,1040,518,522
165,21,387,2894400,473,232,241
166,21,387,2894500,608,302,306
167,21,387,2894600,250,137,113
168,21,387,2894700,280,136,144
169,21,387,2894800,165,90,75
170,21,387,2894900,141,70,71
171,21,387,2895000,593,306,287
172,21,387,2895100,426,213,213
173,21,387,2895200,250,121,129
174,21,387,2895300,119,64,55
175,21,387,2895400,0,0,0
176,21,387,2895500,2268,1169,1099
177,21,387,2895600,276,130,146
178,21,387,2895700,808,389,419
179,21,387,2895800,24,12,12
180,21,387,2895900,222,118,104
181,21,387,2896000,595,297,298
182,21,387,2896100,40,18,22
183,21,387,2896200,97,54,43
184,21,387,2896300,169,88,81
185,21,387,2896400,544,256,288
186,21,387,2896500,436,226,210
187,21,387,2896600,371,193,178
188,21,387,2896700,655,327,328
189,21,387,2896800,140,78,62
190,21,387,2896900,381,188,193
191,21,387,2897000,0,0,0
192,21,387,2897100,0,0,0
193,21,387,2897200,672,344,328
194,21,387,2897300,1377,701,676
195,21,387,2897400,555,275,280
196,21,387,2897500,1878,945,933
197,21,387,2897600,1033,534,499
198,21,387,2897700,494,265,229
199,21,387,2897800,307,153,154
200,21,387,2897900,133,68,65
201,21,387,2898000,952,492,460
202,21,387,2898100,1206,601,605
203,21,387,2898200,1142,580,562
204,21,387,2898300,331,171,160
205,21,387,2898400,1861,966,895
206,21,387,2898500,570,294,276
207,21,387,2898600,574,302,272
208,21,387,2898700,370,194,176
209,21,387,2898800,635,319,316
210,21,387,2898900,232,113,119
211,21,387,2899000,513,256,257
212,21,387,2899100,197,95,102
213,21,387,2899200,277,133,144
214,21,387,2899300,417,209,208
215,21,387,2899400,1090,530,560
216,21,387,2899500,0,0,0
217,21,387,2899600,215,102,113
218,21,387,2899700,213,114,99
219,21,387,2899800,159,82,77
220,21,387,2899900,629,327,302
221,21,387,2900000,81,42,39
222,21,387,2900100,464,237,227
223,21,387,2900200,583,310,273
224,21,387,2900300,3417,1779,1638
225,21,387,2900400,460,230,230
226,21,387,2900500,184,96,88
227,21,387,2900600,162,79,83
228,21,387,2900700,165,87,78
229,21,387,2900800,5308,2736,2572
230,21,387,2900900,469,250,219
231,21,387,2901000,729,364,365
232,21,387,2901100,18,9,9
233,21,387,2901200,283,143,140
234,21,387,2901300,308,150,158
235,21,387,2901400,0,0,0
236,21,387,2901500,326,156,170
237,21,387,2901600,565,292,273
238,21,387,2901700,1221,608,613
239,21,387,2901800,222,108,114
240,21,387,2901900,338,161,177
241,21,387,2902000,498,258,240
242,21,387,2902100,755,384,371
243,21,387,2902200,101,50,51
244,21,387,2902300,129,60,69
245,21,387,2902400,604,310,294
246,21,387,2902500,147,74,73
247,21,387,2902600,28,19,9
248,21,387,2902700,2104,1056,1048
249,21,387,2902800,262,141,121
250,21,387,2902900,472,229,243
251,21,387,2903000,1609,824,785
252,21,387,2903100,1524,787,737
253,21,387,2903200,158,68,90
254,21,387,2903300,330,167,163
255,21,387,2903400,509,260,249
256,21,387,2903500,1351,675,676
257,21,387,2903600,92,48,44
258,21,387,2903700,0,0,0
259,21,387,2903800,216,108,108
260,21,387,2903900,756,405,351
261,21,387,2904000,112,60,52
262,21,387,2904100,59,25,34
263,21,387,2904200,94,43,51
264,21,387,2904300,224,116,108
265,21,387,2904400,1405,718,687
266,21,387,2904500,185,92,93
267,21,387,2904600,434,222,212
268,21,387,2904700,203,107,96
269,21,387,2904800,394,204,190
270,21,387,2904900,576,284,292
271,21,387,2905000,505,244,261
272,21,387,2905100,257,139,118
273,21,387,2905200,155,75,80
274,21,387,2905300,327,168,159
275,21,387,2905400,0,0,0
276,21,387,2905500,874,460,414
277,21,387,2905600,93,43,50
278,21,387,2905700,472,255,217
279,21,387,2905800,576,311,265
280,21,387,2905900,449,233,216
281,21,387,2906000,104,52,52
282,21,387,2906100,0,0,0
283,21,387,2906200,49,23,26
284,21,387,2906300,494,251,243
285,21,387,2906400,878,430,448
286,21,387,2906500,266,148,118
287,21,387,2906600,336,174,162
288,21,387,2906700,338,180,158
289,21,387,2906800,177,94,83
290,21,387,2906900,358,179,179
291,21,387,2907000,28,13,15
292,21,387,2907100,478,244,234
293,21,387,2907200,334,165,169
294,21,387,2907300,26,10,16
295,21,387,2907400,4067,2071,1996
296,21,387,2907500,65,32,33
297,21,387,2907600,1682,869,813
298,21,387,2907700,0,0,0
299,21,387,2907800,1837,943,894
300,21,387,2907900,145,68,77
301,21,387,2908000,1242,623,619
302,21,387,2908100,625,304,321
303,21,387,2908200,149,72,77
304,21,387,2908300,345,175,170
305,21,387,2908400,507,257,250
306,21,387,2908500,265,130,135
307,21,387,2908600,315,158,157
308,21,387,2908700,0,0,0
309,21,387,2908800,345,180,165
310,21,387,2908900,715,384,331
311,21,387,2909000,188,92,96
312,21,387,2909100,238,114,124
313,21,387,2909200,234,121,113
314,21,387,2909300,371,176,195
315,21,387,2909400,231,109,122
316,21,387,2909500,283,144,139
317,21,387,2909600,353,175,178
318,21,387,2909700,226,111,115
319,21,387,2909800,442,219,223
320,21,387,2909900,126,65,61
321,21,387,2910000,1412,709,703
322,21,387,2910100,276,146,130
323,21,387,2910200,73,36,37
324,21,387,2910300,997,486,511
325,21,387,2910400,205,99,106
326,21,387,2910500,581,310,271
327,21,387,2910600,575,285,290
328,21,387,2910700,1386,704,682
329,21,387,2910800,269,139,130
330,21,387,2910900,971,489,482
331,21,387,2911000,350,181,169
332,21,387,2911100,182,94,88
333,21,387,2911200,531,262,269
334,21,387,2911300,301,155,146
335,21,387,2911400,2088,1084,1004
336,21,387,2911500,310,152,158
337,21,387,2911600,477,237,240
338,21,387,2911700,1340,662,678
339,21,387,2911800,606,297,309
340,21,387,2911900,804,407,397
341,21,387,2912000,824,412,412
342,21,387,2912100,1740,898,842
343,21,387,2912200,709,357,352
344,21,387,2912300,673,338,335
345,21,387,2912400,289,150,139
346,21,387,2912500,691,343,348
347,21,387,2912600,263,148,115
348,21,387,2912700,837,422,415
349,21,387,2912800,880,459,421
350,21,387,2912900,470,231,239
351,21,387,2913000,1258,619,639
352,21,387,2913100,301,135,166
353,21,387,2913200,242,126,116
354,21,387,2913300,2018,1051,967
355,21,387,2913400,243,113,130
356,21,387,2913500,434,210,224
357,21,387,2913600,1149,592,557
358,21,387,2913700,683,342,341
359,21,387,2913800,475,240,235
360,21,387,2913900,1003,515,488
361,21,387,2914000,287,149,138
362,21,387,2914100,1943,1005,938
363,21,387,2914200,405,206,199
364,21,387,2914300,290,151,139
365,21,387,2914400,397,197,200
366,21,387,2914500,1317,682,635
367,21,387,2914600,534,271,263
368,21,387,2914700,2540,1343,1197
369,21,387,2914800,84,47,37
370,21,387,2914900,350,168,182
371,21,387,2915000,1003,508,495
372,21,387,2915100,1236,597,639
373,21,387,2915200,660,332,328
374,21,387,2915300,0,0,0
375,21,387,2915400,53,26,27
376,21,387,2915500,74,32,42
377,21,387,2915600,247,126,121
378,21,387,2915700,520,265,255
379,21,387,2915800,398,197,201
380,21,387,2915900,214,101,113
381,21,387,2916000,533,263,270
382,21,387,2916100,892,446,446
383,21,387,2916200,304,149,155
384,21,387,2916300,606,314,292
385,21,387,2916400,1963,1031,932
386,21,387,2916500,1119,581,538
387,21,387,2916600,1006,527,479
388,21,387,2916700,773,397,376
389,21,387,2916800,3319,1715,1604
390,21,387,2916900,306,157,149
391,21,387,2917000,2166,1089,1077
392,21,387,2917100,669,329,340
393,21,387,2917200,2121,1037,1084
394,21,387,2917300,703,360,343
395,21,387,2917400,193,96,97
396,21,387,2917500,604,318,286
397,21,387,2917600,471,243,228
398,21,387,2917700,482,243,239
399,21,387,2917800,843,425,418
400,21,387,2917900,510,257,253
401,21,387,2918000,777,377,400
402,21,387,2918100,219,114,105
403,21,387,2918200,385,202,183
404,21,387,2918300,773,401,372
405,21,387,2918400,743,372,371
406,21,387,2918500,539,266,273
407,21,387,2918600,120,58,62
408,21,387,2918700,63,32,31
409,21,387,2918800,566,271,295
410,21,387,2918900,133,66,67
411,21,387,2919000,2029,1037,992
412,21,387,2919100,1135,587,548
413,21,387,2919200,869,442,427
414,21,387,2919300,625,317,308
415,21,387,2919400,0,0,0
416,21,387,2919500,234,124,110
417,21,387,2919600,419,206,213
418,21,387,2919700,821,426,395
419,21,387,2919800,655,329,326
420,21,387,2919900,985,513,472
421,21,387,2920000,439,209,230
422,21,387,2920100,1263,640,623
423,21,387,2920200,1579,822,757
424,21,387,2920300,1229,617,612
425,21,387,2920400,469,235,234
426,21,387,2920500,479,232,247
427,21,387,2920600,236,119,117
428,21,387,2920700,366,187,179
429,21,387,2920800,0,0,0
430,21,387,2920900,499,227,272
431,21,387,2921000,668,326,342
432,21,387,2921100,76,37,39
433,21,387,2921200,0,0,0
434,21,387,2921300,845,412,433
435,21,387,2921400,390,197,193
436,21,387,2921500,385,193,192
437,21,387,2921600,4086,2101,1985
438,21,387,2921700,1132,542,590
439,21,387,2921800,42,23,19
440,21,387,2921900,187,97,90
441,21,387,2922000,539,276,263
442,21,387,2922100,761,393,368
443,21,387,2922200,164,85,79
444,21,387,2922300,1309,664,645
445,21,387,2922400,159,80,79
446,21,387,2922500,259,137,122
447,21,387,2922600,663,315,348
448,21,387,2922700,362,178,184
449,21,387,2922800,711,357,354
450,21,387,2922900,645,334,311
451,21,387,2923000,206,109,97
452,21,387,2923100,337,177,160
453,21,387,2923200,321,162,159
454,21,387,2923300,1731,893,838
455,21,387,2923400,1265,628,637
456,21,387,2923500,98,51,47
457,21,387,2923600,153,87,66
458,21,387,2923700,122,64,58
459,21,387,2923800,158,78,80
460,21,387,2923900,129,67,62
461,21,387,2924000,295,139,156
462,21,387,2924100,707,354,353
463,21,387,2924200,487,245,242
464,21,387,2924300,484,236,248
465,21,387,2924400,877,442,435
466,21,387,2924500,175,77,98
467,21,387,2924600,1018,524,494
468,21,387,2924700,374,199,175
469,21,387,2924800,682,334,348
470,21,387,2924900,151,72,79
471,21,387,2925000,170,83,87
472,21,387,2925100,596,306,290
473,21,387,2925200,359,173,186
474,21,387,2925300,212,118,94
475,21,387,2925400,412,205,207
476,21,387,2925500,274,141,133
477,21,387,2925600,256,127,129
478,21,387,2925700,443,231,212
479,21,387,2925800,358,170,188
480,21,387,2925900,371,189,182
481,21,387,2926000,246,124,122
482,21,387,2926100,27,15,12
483,21,387,2926200,167,84,83
484,21,387,2926300,554,265,289
485,21,387,2926400,275,148,127
486,21,387,2926500,31,17,14
487,21,387,2926600,2229,1119,1110
488,21,387,2926700,209,91,118
489,21,387,2926800,784,402,382
490,21,387,2926900,1060,544,516
491,21,387,2927000,810,405,405
492,21,387,2927100,608,309,299
493,21,387,2927200,311,165,146
494,21,387,2927300,33,20,13
495,21,387,2927400,1070,532,538
496,21,387,2927500,108,57,51
497,21,387,2927600,949,497,452
498,21,387,2927700,207,108,99
499,21,387,2927800,529,272,257
500,21,387,2927900,540,273,267
501,21,387,2928000,533,275,258
502,21,387,2928100,1335,640,695
503,21,387,2928200,855,439,416
504,21,387,2928300,221,110,111
505,21,387,2928400,813,413,400
506,21,387,2928500,273,148,125
507,21,387,2928600,368,181,187
508,21,387,2928700,60,31,29
509,21,387,2928800,1235,614,621
510,21,387,2928900,300,142,158
511,21,387,2929000,216,97,119
512,21,387,2929100,1098,570,528
513,21,387,2929200,1052,539,513
514,21,387,2929300,127,60,67
515,21,387,2929400,271,131,140
516,21,387,2929500,537,262,275
517,21,387,2929600,520,260,260
518,21,387,2929700,1014,506,508
519,21,387,2929800,2159,1067,1092
520,21,387,2929900,4701,2418,2283
521,21,387,2930000,114,61,53
522,21,387,2930100,260,139,121
523,21,387,2930200,909,447,462
524,21,387,2930300,489,258,231
525,21,387,2930400,243,126,117
526,21,387,2930500,1437,716,721
527,21,387,2930600,295,156,139
528,21,387,2930700,113,59,54
529,21,387,2930800,486,248,238
530,21,387,2930900,144,68,76
531,21,387,2931000,179,94,85
532,21,387,2931100,360,179,181
533,21,387,2931200,20,13,7
534,21,387,2931300,47,27,20
535,21,387,2931400,795,410,385
536,21,387,2931500,346,168,178
537,21,387,2931600,1008,517,491
538,21,387,2931700,265,128,137
539,21,387,2931800,972,504,468
540,21,387,2931900,96,46,50
541,21,387,2932000,762,383,379
542,21,387,2932100,542,269,273
543,21,387,2932200,1136,549,587
544,21,387,2932300,441,210,231
545,21,387,2932400,439,222,217
546,21,387,2932500,499,269,230
547,21,387,2932600,311,157,154
548,21,387,2932700,986,523,463
549,21,387,2932800,2,1,1
550,21,387,2932900,429,224,205
551,21,387,2933000,305,158,147
552,21,387,2933100,234,107,127
553,21,387,2933200,44,20,24
554,21,387,2933300,644,326,318
555,21,387,2933400,1446,707,739
556,21,387,2933500,225,110,115
557,21,387,2933600,889,458,431
558,21,387,2933700,1423,721,702
559,21,387,2933800,299,150,149
560,21,387,2933900,603,308,295
561,21,387,2934000,190,100,90
562,21,387,2934100,381,189,192
563,21,387,2934200,509,249,260
564,21,387,2934300,72,34,38
565,21,387,2934400,155,78,77
566,21,387,2934500,1078,552,526
567,21,387,2934600,160,81,79
568,21,387,2934700,781,382,399
569,21,387,2934800,292,150,142
570,21,387,2934900,1031,521,510
571,21,387,2935000,135,76,59
572,21,387,2935100,466,236,230
573,21,387,2935200,536,281,255
574,21,387,2935300,0,0,0
575,21,387,2935400,53,22,31
576,21,387,2935500,1006,520,486
577,21,387,2935600,571,296,275
578,21,387,2935700,131,67,64
579,21,387,2935800,452,221,231
580,21,387,2935900,0,0,0
581,21,387,2936000,505,254,251
582,21,387,2936100,329,154,175
583,21,387,2936200,748,368,380
584,21,387,2936300,364,187,177
585,21,387,2936400,489,251,238
586,21,387,2936500,224,110,114
587,21,387,2936600,2858,1439,1419
588,21,387,2936700,2167,1125,1042
589,21,387,2936800,356,184,172
590,21,387,2936900,292,149,143
591,21,387,2937000,70,41,29
592,21,387,2937100,495,248,247
593,21,387,2937200,547,290,257
594,21,387,2937300,364,184,180
595,21,387,2937400,0,0,0
596,21,387,2937500,263,137,126
597,21,387,2937600,324,168,156
598,21,387,2937700,75,36,39
599,21,387,2937800,795,398,397
600,21,387,2937900,277,146,131
601,21,387,2938000,1006,483,523
602,21,387,2938100,200,106,94
603,21,387,2938200,306,154,152
604,21,387,2938300,504,269,235
605,21,387,2938400,1011,525,486
606,21,387,2938500,298,149,149
607,21,387,2938600,563,287,276
608,21,387,2938700,888,452,436
609,21,387,2938800,2344,1200,1144
610,21,387,2938900,693,358,335
611,21,387,2939000,1087,535,552
612,21,387,2939100,901,464,437
613,21,387,2939200,1003,499,504
614,21,387,2939300,1517,758,759
615,21,387,2939400,2696,1380,1316
616,21,387,2939500,216,114,102
617,21,387,2939600,1040,533,507
618,21,387,2939700,492,251,241
619,21,387,2939800,437,218,219
620,21,387,2939900,836,435,401
621,21,387,2940000,515,251,264
622,21,387,2940100,545,284,261
623,21,387,2940200,189,94,95
624,21,387,2940300,669,331,338
625,21,387,2940400,399,207,192
626,21,387,2940500,216,112,104
627,21,387,2940600,769,372,397
628,21,387,2940700,615,298,317
629,21,387,2940800,171,85,86
630,21,387,2940900,675,323,352
631,21,387,2941000,528,274,254
632,21,387,2941100,0,0,0
633,21,387,2941200,852,447,405
634,21,387,2941300,578,272,306
635,21,387,2941400,343,180,163
636,21,387,2941500,1027,560,467
637,21,387,2941600,480,228,252
638,21,387,2941700,4331,2247,2084
639,21,387,2941800,4811,2506,2305
640,21,387,2941900,643,314,329
641,21,387,2942000,1882,986,896
642,21,387,2942100,682,354,328
643,21,387,2942200,2777,1387,1390
644,21,387,2942300,559,274,285
645,21,387,2942400,418,217,201
646,21,387,2942500,256,130,126
647,21,387,2942600,1128,579,549
648,21,387,2942700,220,113,107
649,21,387,2942800,385,188,197
650,21,387,2942900,599,310,289
651,21,387,2943000,0,0,0
652,21,387,2943100,93,51,42
653,21,387,2943200,367,189,178
654,21,387,2943300,533,263,270
655,21,387,2943400,0,0,0
656,21,387,2943500,226,120,106
657,21,387,2943600,336,171,165
658,21,387,2943700,484,211,273
659,21,387,2943800,1228,611,617
660,21,387,2943900,463,232,231
661,21,387,2944000,417,202,215
662,21,387,2944100,54,25,29
663,21,387,2944200,611,314,297
664,21,387,2944300,76,36,40
665,21,387,2944400,0,0,0
666,21,387,2944500,114,59,55
667,21,387,2944600,78,39,39
668,21,387,2944700,851,397,454
669,21,387,2944800,720,351,369
670,21,387,2944900,960,506,454
671,21,387,2945000,377,202,175
672,21,387,2945100,54,18,36
673,21,387,2945200,556,277,279
674,21,387,2945300,303,165,138
675,21,387,2945400,3499,1794,1705
676,21,387,2945500,311,163,148
677,21,387,2945600,119,67,52
678,21,387,2945700,9,4,5
679,21,387,2945800,56,27,29
680,21,387,2945900,1069,542,527
681,21,387,2946000,689,355,334
682,21,387,2946100,1192,594,598
683,21,387,2946200,583,297,286
684,21,387,2946300,1937,986,951
685,21,387,2946400,410,206,204
686,21,387,2946500,183,97,86
687,21,387,2946600,172,87,85
688,21,387,2946700,255,134,121
689,21,387,2946800,230,111,119
690,21,387,2946900,270,140,130
691,21,387,2947000,363,177,186
692,21,387,2947100,867,435,432
693,21,387,2947200,219,118,101
694,21,387,2947300,368,189,179
695,21,387,2947400,0,0,0
696,21,387,2947500,195,97,98
697,21,387,2947600,18,9,9
698,21,387,2947700,0,0,0
699,21,387,2947800,188,87,101
700,21,387,2947900,455,220,235
701,21,387,2948000,745,376,369
702,21,387,2948100,1412,722,690
703,21,387,2948200,1403,701,702
704,21,387,2948300,493,253,240
705,21,387,2948400,592,290,302
706,21,387,2948500,476,242,234
707,21,387,2948600,457,231,226
708,21,387,2948700,351,175,176
709,21,387,2948800,287,146,141
710,21,387,2948900,1099,541,558
711,21,387,2949000,1518,767,751
712,21,387,2949100,215,109,106
713,21,387,2949200,1023,506,517
714,21,387,2949300,1282,656,626
715,21,387,2949400,833,441,392
716,21,387,2949500,229,114,115
717,21,387,2949600,338,175,163
718,21,387,2949700,889,452,437
719,21,387,2949800,702,352,350
720,21,387,2949900,1094,568,526
721,21,387,2950000,103,47,56
722,21,387,2950100,195,99,96
723,21,387,2950200,372,186,186
724,21,387,2950300,325,169,156
725,21,387,2950400,1075,547,528
726,21,387,2950500,279,134,145
727,21,387,2950600,559,297,262
728,21,387,2950700,769,374,395
729,21,387,2950800,780,408,372
730,21,387,2950900,22,12,10
731,21,387,2951000,0,0,0
732,21,387,2951100,472,234,238
733,21,387,2951200,369,189,180
734,21,387,2951300,375,189,186
735,21,387,2951400,378,183,195
736,21,387,2951500,82,40,42
737,21,387,2951600,278,152,126
738,21,387,2951700,518,262,256
739,21,387,2951800,0,0,0
740,21,387,2951900,85,38,47
741,21,387,2952000,292,141,151
742,21,387,2952100,484,254,230
743,21,387,2952200,344,168,176
744,21,387,2952300,1484,754,730
745,21,387,2952400,249,136,113
746,21,387,2952500,125,63,62
747,21,387,2952600,8,5,3
748,21,387,2952700,1297,646,651
749,21,387,2952800,0,0,0
750,21,387,2952900,40,20,20
751,21,387,2953000,0,0,0
752,21,387,2953100,3949,2020,1929
753,21,387,2953200,87,47,40
754,21,387,2953300,2099,1067,1032
755,21,387,2953400,1997,1005,992
756,21,387,2953500,704,349,355
757,21,387,2953600,4378,2108,2270
758,21,387,2953700,1007,486,521
759,21,387,2953800,437,217,220
760,21,387,2953900,631,312,319
761,21,387,2954000,1050,516,534
762,21,387,2954100,251,122,129
763,21,387,2954200,958,500,458
764,21,387,2954300,24,15,9
765,21,387,2954400,0,0,0
766,21,387,2954500,3494,1818,1676
767,21,387,2954600,0,0,0
768,21,387,2954700,0,0,0
769,21,387,2954800,1826,937,889
770,21,387,2954900,923,469,454
771,21,387,2955000,0,0,0
772,21,387,2955100,985,517,468
773,21,387,2955200,1006,500,506
774,21,387,2955300,358,185,173
775,21,387,2955400,2096,1016,1080
776,21,387,2955500,1652,839,813
777,21,387,2955600,745,358,387
778,21,387,2955700,0,0,0
779,21,387,2955800,6409,3185,3224
780,21,387,2955900,2250,1091,1159
781,21,387,2956000,493,245,248
782,21,387,2956100,777,376,401
783,21,387,2956200,499,262,237
784,21,387,2956300,758,358,400
785,21,387,2956400,595,310,285
786,21,387,2956500,303,150,153
787,21,387,2956600,2387,1230,1157
788,21,387,2956700,704,346,358
789,21,387,2956800,1042,527,515
790,21,387,2956900,94,42,52
791,21,387,2957000,540,276,264
792,21,387,2957100,1851,922,929
793,21,387,2957200,216,106,110
794,21,387,2957300,1638,828,810
795,21,387,2957400,2115,1055,1060
796,21,387,2957500,850,420,430
797,21,387,2957600,395,193,202
798,21,387,2957700,334,166,168
799,21,387,2957800,672,342,330
800,21,387,2957900,3034,1545,1489
801,21,387,2958000,29,16,13
802,21,387,2958100,902,472,430
803,21,387,2958200,570,276,294
804,21,387,2958300,1856,965,891
805,21,387,2958400,50,26,24
806,21,387,2958500,1605,799,806
807,21,387,2958600,932,472,460
808,21,387,2958700,618,298,320
809,21,387,2958800,0,0,0
810,21,387,2958900,809,413,396
811,21,387,2959000,424,222,202
812,21,387,2959100,1934,994,940
813,21,387,2959200,425,216,209
814,21,387,2959300,577,313,264
815,21,387,2959400,446,207,239
816,21,387,2959500,728,364,364
817,21,387,2959600,583,310,273
818,21,387,2959700,464,233,231
819,21,387,2959800,0,0,0
820,21,387,2959900,0,0,0
821,21,387,2960000,1191,614,577
822,21,387,2960100,0,0,0
823,21,387,2960200,108,66,42
824,21,387,2960300,914,470,444
825,21,387,2960400,1664,833,831
826,21,387,2960500,439,222,217
827,21,387,2960600,2524,1292,1232
828,21,387,2960700,325,169,156
829,21,387,2960800,978,497,481
830,21,387,2960900,468,229,239
831,21,387,2961000,303,155,148
832,21,387,2961100,331,163,168
833,21,387,2961200,277,148,129
834,21,387,2961300,764,389,375
835,21,387,2961400,918,452,466
836,21,387,2961500,1537,749,788
837,21,387,2961600,2255,1167,1088
838,21,387,2961700,591,308,283
839,21,387,2961800,680,373,307
840,21,387,2961900,1288,668,620
841,21,387,2962000,679,363,316
842,21,387,2962100,877,447,430
843,21,387,2962200,228,121,107
844,21,387,2962300,370,181,189
845,21,387,2962400,875,452,423
846,21,387,2962500,1787,928,859
847,21,387,2962600,173,87,86
848,21,387,2962700,373,176,197
849,21,387,2962800,0,0,0
850,21,387,2962900,0,0,0
851,21,387,2963000,0,0,0
852,21,387,2963100,140,69,71
853,21,387,2963200,440,217,223
854,21,387,2963300,142,71,71
855,21,387,2963400,518,276,242
856,21,387,2963500,459,232,227
857,21,387,2963600,458,218,240
858,21,387,2963700,791,396,395
859,21,387,2963800,614,307,307
860,21,387,2963900,1254,643,611
861,21,387,2964000,1332,686,646
862,21,387,2964100,369,193,176
863,21,387,2964200,678,351,327
864,21,387,2964300,1049,513,536
865,21,387,2964400,352,182,170
866,21,387,2964500,251,127,124
867,21,387,2964600,361,185,176
868,21,387,2964700,1173,614,559
869,21,387,2964800,850,439,411
870,21,387,2964900,295,157,138
871,21,387,2965000,465,237,228
872,21,387,2965100,304,143,161
873,21,387,2965200,337,167,170
874,21,387,2965300,209,112,97
875,21,387,2965400,445,236,209
876,21,387,2965500,424,210,214
877,21,387,2965600,411,201,210
878,21,387,2965700,218,119,99
879,21,387,2965800,530,273,257
880,21,387,2965900,351,182,169
881,21,387,2966000,838,432,406
882,21,387,2966100,175,90,85
883,21,387,2966200,878,447,431
884,21,387,2966300,792,397,395
885,21,387,2966400,3074,1594,1480
886,21,387,2966500,908,463,445
887,21,387,2966600,1166,601,565
888,21,387,2966700,324,168,156
889,21,387,2966800,1423,738,685
890,21,387,2966900,419,211,208
891,21,387,2967000,511,273,238
892,21,387,2967100,159,79,80
893,21,387,2967200,655,311,344
894,21,387,2967300,702,333,369
895,21,387,2967400,1289,641,648
896,21,387,2967500,731,382,349
897,21,387,2967600,450,229,221
898,21,387,2967700,517,262,255
899,21,387,2967800,205,97,108
900,21,387,2967900,376,188,188
901,21,387,2968000,570,296,274
902,21,387,2968100,1451,749,702
903,21,387,2968200,1489,756,733
904,21,387,2968300,722,364,358
905,21,387,2968400,77,40,37
906,21,387,2968500,364,195,169
907,21,387,2968600,1126,587,539
908,21,387,2968700,554,296,258
909,21,387,2968800,624,314,310
910,21,387,2968900,409,215,194
911,21,387,2969000,26,13,13
912,21,387,2969100,319,168,151
913,21,387,2969200,650,340,310
914,21,387,2969300,452,212,240
915,21,387,2969400,271,146,125
916,21,387,2969500,170,90,80
917,21,387,2969600,0,0,0
918,21,387,2969700,160,86,74
919,21,387,2969800,285,148,137
920,21,387,2969900,1114,591,523
921,21,387,2970000,368,187,181
922,21,387,2970100,175,89,86
923,21,387,2970200,809,405,404
924,21,387,2970300,263,139,124
925,21,387,2970400,129,60,69
926,21,387,2970500,0,0,0
927,21,387,2970600,0,0,0
928,21,387,2970700,0,0,0
929,21,387,2970800,44,24,20
930,21,387,2970900,0,0,0
931,21,387,2971000,210,112,98
932,21,387,2971100,59,28,31
933,21,387,2971200,931,472,459
934,21,387,2971300,206,108,98
935,21,387,2971400,0,0,0
936,21,387,2971500,301,156,145
937,21,387,2971600,836,398,438
938,21,387,2971700,243,117,126
939,21,387,2971800,0,0,0
940,21,387,2971900,378,189,189
941,21,387,2972000,607,310,297
942,21,387,2972100,0,0,0
943,21,387,2972200,885,459,426
944,21,387,2972300,755,395,360
945,21,387,2972400,424,215,209
946,21,387,2972500,94,46,48
947,21,387,2972600,83,41,42
948,21,387,2972700,516,266,250
949,21,387,2972800,305,144,161
950,21,387,2972900,225,108,117
951,21,387,2973000,436,229,207
952,21,387,2973100,182,89,93
953,21,387,2973200,0,0,0
954,21,387,2973300,0,0,0
955,21,387,2973400,0,0,0
956,21,387,2973500,1320,669,651
957,21,387,2973600,527,261,266
958,21,387,2973700,275,145,130
959,21,387,2973800,618,310,308
960,21,387,2973900,508,255,253
961,21,387,2974000,562,289,273
962,21,387,2974100,298,145,153
963,21,387,2974200,183,92,91
964,21,387,2974300,504,257,247
965,21,387,2974400,329,169,160
966,21,387,2974500,1175,587,588
967,21,387,2974600,511,255,256
968,21,387,2974700,956,475,481
969,21,387,2974800,214,111,103
970,21,387,2974900,430,216,214
971,21,387,2975000,345,178,167
972,21,387,2975100,357,185,172
973,21,387,2975200,282,144,138
974,21,387,2975300,2190,1089,1101
975,21,387,2975400,2594,1250,1344
976,21,387,2975500,1437,702,735
977,21,387,2975600,1174,608,566
978,21,387,2975700,0,0,0
979,21,387,2975800,291,151,140
980,21,387,2975900,525,270,255
981,21,387,2976000,555,273,282
982,21,387,2976100,558,296,262
983,21,387,2976200,91,47,44
984,21,387,2976300,702,349,353
985,21,387,2976400,514,268,246
986,21,387,2976500,465,232,233
987,21,387,2976600,241,118,123
988,21,387,2976700,1405,718,687
989,21,387,2976800,135,74,61
990,21,387,2976900,182,90,92
991,21,387,2977000,287,138,149
992,21,387,2977100,954,482,472
993,21,387,2977200,321,155,166
994,21,387,2977300,590,305,285
995,21,387,2977400,64,30,34
996,21,387,2977500,3,2,1
997,21,387,2977600,329,170,159
998,21,387,2977700,217,110,107
999,21,387,2977800,654,330,324
1000,21,387,2977900,228,111,117
1001,21,387,2978000,1547,784,763
1002,21,387,2978100,862,433,429
1003,21,387,2978200,327,160,167
1004,21,387,2978300,110,55,55
1005,21,387,2978400,158,72,86
1006,21,387,2978500,151,81,70
1007,21,387,2978600,359,182,177
1008,21,387,2978700,1601,815,786
1009,21,387,2978800,7371,3723,3648
1010,21,387,2978900,1867,901,966
1011,21,387,2979000,488,250,238
1012,21,387,2979100,698,339,359
1013,21,387,2979200,479,235,244
1014,21,387,2979300,837,396,441
1015,21,387,2979400,785,396,389
1016,21,387,2979500,127,63,64
1017,21,387,2979600,997,494,503
1018,21,387,2979700,831,412,419
1019,21,387,2979800,1082,525,557
1020,21,387,2979900,0,0,0
1021,21,387,2980000,2627,1315,1312
1022,21,387,2980100,716,373,343
1023,21,387,2980200,425,212,213
1024,21,387,2980300,0,0,0
1025,21,387,2980400,281,141,140
1026,21,387,2980500,384,197,187
1027,21,387,2980600,587,305,282
1028,21,387,2980700,506,266,240
1029,21,387,2980800,491,239,252
1030,21,387,2980900,113,55,58
1031,21,387,2981000,425,217,208
1032,21,387,2981100,304,152,152
1033,21,387,2981200,912,472,440
1034,21,387,2981300,610,312,298
1035,21,387,2981400,1725,871,854
1036,21,387,2981500,3055,1529,1526
1037,21,387,2981600,138,66,72
1038,21,387,2981700,844,424,420
1039,21,387,2981800,231,112,119
1040,21,387,2981900,894,423,471
1041,21,387,2982000,366,178,188
1042,21,387,2982100,494,238,256
1043,21,387,2982200,534,281,253
1044,21,387,2982300,1820,894,926
1045,21,387,2982400,461,220,241
1046,21,387,2982500,539,278,261
1047,21,387,2982600,620,293,327
1048,21,387,2982700,94,47,47
1049,21,387,2982800,99,53,46
1050,21,387,2982900,1277,629,648
1051,21,387,2983000,2117,1081,1036
1052,21,387,2983100,1724,891,833
1053,21,387,2983200,358,173,185
1054,21,387,2983300,1133,553,580
1055,21,387,2983400,193,91,102
1056,21,387,2983500,664,326,338
1057,21,387,2983600,1061,517,544
1058,21,387,2983700,623,312,311
1059,21,387,2983800,320,157,163
1060,21,387,2983900,1252,626,626
1061,21,387,2984000,617,316,301
1062,21,387,2984100,418,195,223
1063,21,387,2984200,154,73,81
1064,21,387,2984300,0,0,0
1065,21,387,2984400,0,0,0
1066,21,387,2984500,7,3,4
1067,21,387,2984600,311,165,146
1068,21,387,2984700,1169,567,602
1069,21,387,2984800,1603,777,826
1070,21,387,2984900,890,438,452
1071,21,387,2985000,540,269,271
1072,21,387,2985100,398,197,201
1073,21,387,2985200,281,137,144
1074,21,387,2985300,590,292,298
1075,21,387,2985400,165,85,80
1076,21,387,2985500,562,290,272
1077,21,387,2985600,477,230,247
1078,21,387,2985700,2149,1065,1084
1079,21,387,2985800,659,321,338
1080,21,387,2985900,391,198,193
1081,21,387,2986000,4,2,2
1082,21,387,2986100,95,47,48
1083,21,387,2986200,1390,702,688
1084,21,387,2986300,1331,681,650
1085,21,387,2986400,247,121,126
1086,21,387,2986500,779,395,384
1087,21,387,2986600,357,180,177
1088,21,387,2986700,213,108,105
1089,21,387,2986800,581,297,284
1090,21,387,2986900,196,107,89
1091,21,387,2987000,490,247,243
1092,21,387,2987100,609,316,293
1093,21,387,2987200,63,30,33
1094,21,387,2987300,197,101,96
1095,21,387,2987400,412,202,210
1096,21,387,2987500,567,286,281
1097,21,387,2987600,1024,520,504
1098,21,387,2987700,424,210,214
1099,21,387,2987800,1259,661,598
1100,21,387,2987900,506,251,255
1101,21,387,2988000,737,356,381
1102,21,387,2988100,648,324,324
1103,21,387,2988200,44,23,21
1104,21,387,2988300,3318,1646,1672
1105,21,387,2988400,581,315,266
1106,21,387,2988500,975,502,473
1107,21,387,2988600,68,31,37
1108,21,387,2988700,101,49,52
1109,21,387,2988800,185,91,94
1110,21,387,2988900,471,242,229
1111,21,387,2989000,833,412,421
1112,21,387,2989100,1179,605,574
1113,21,387,2989200,2883,1453,1430
1114,21,387,2989300,1512,777,735
1115,21,387,2989400,321,169,152
1116,21,387,2989500,594,308,286
1117,21,387,2989600,1438,736,702
1118,21,387,2989700,370,191,179
1119,21,387,2989800,448,217,231
1120,21,387,2989900,2332,1174,1158
1121,21,387,2990000,713,349,364
1122,21,387,2990100,1385,712,673
1123,21,387,2990200,749,377,372
1124,21,387,2990300,1021,510,511
1125,21,387,2990400,0,0,0
1126,21,387,2990500,1256,621,635
1127,21,387,2990600,869,429,440
1128,21,387,2990700,991,501,490
1129,21,387,2990800,472,242,230
1130,21,387,2990900,771,388,383
1131,21,387,2991000,513,263,250
1132,21,387,2991100,1089,549,540
1133,21,387,2991200,973,478,495
1134,21,387,2991300,0,0,0
1135,21,387,2991400,1247,628,619
1136,21,387,2991500,450,235,215
1137,21,387,2991600,0,0,0
1138,21,387,2991700,1156,573,583
1139,21,387,2991800,844,417,427
1140,21,387,2991900,813,430,383
1141,21,387,2992000,1322,661,661
1142,21,387,2992100,2501,1280,1221
1143,21,387,2992200,2786,1452,1334
1144,21,387,2992300,2045,1077,968
1145,21,387,2992400,1385,705,680
1146,21,387,2992500,5391,2699,2692
1147,21,387,2992600,900,467,433
1148,21,387,2992700,549,277,272
1149,21,387,2992800,1225,594,631
1150,21,387,2992900,628,306,322
1151,21,387,2993000,3937,1945,1992
1152,21,387,2993100,210,110,100
1153,21,387,2993200,602,290,312
1154,21,387,2993300,586,297,289
1155,21,387,2993400,248,121,127
1156,21,387,2993500,283,128,155
1157,21,387,2993600,1256,614,642
1158,21,387,2993700,996,480,516
1159,21,387,2993800,598,300,298
1160,21,387,2993900,752,373,379
1161,21,387,2994000,240,116,124
1162,21,387,2994100,306,155,151
1163,21,387,2994200,209,109,100
1164,21,387,2994300,361,183,178
1165,21,387,2994400,0,0,0
1166,21,387,2994500,3187,1595,1592
1167,21,387,2994600,1370,682,688
1168,21,387,2994700,500,241,259
1169,21,387,2994800,564,267,297
1170,21,387,2994900,496,238,258
1171,21,387,2995000,1035,515,520
1172,21,387,2995100,202,103,99
1173,21,387,2995200,532,263,269
1174,21,387,2995300,1793,910,883
1175,21,387,2995400,1754,912,842
1176,21,387,2995500,624,304,320
1177,21,387,2995600,2031,1020,1011
1178,21,387,2995700,1123,567,556
1179,21,387,2995800,296,148,148
1180,21,387,2995900,1169,594,575
1181,21,387,2996000,0,0,0
1182,21,387,2996100,839,423,416
1183,21,387,2996200,0,0,0
1184,21,387,2996300,851,428,423
1185,21,387,2996400,522,263,259
1186,21,387,2996500,271,133,138
1187,21,387,2996600,235,116,119
1188,21,387,2996700,676,351,325
1189,21,387,2996800,562,277,285
1190,21,387,2996900,786,403,383
1191,21,387,2997000,327,165,162
1192,21,387,2997100,629,321,308
1193,21,387,2997200,280,141,139
1194,21,387,2997300,1224,626,598
1195,21,387,2997400,0,0,0
1196,21,387,2997500,420,219,201
1197,21,387,2997600,477,243,234
1198,21,387,2997700,2775,1423,1352
1199,21,387,2997800,243,122,121
1200,21,387,2997900,520,261,259
1201,21,387,2998000,2058,1035,1023
1202,21,387,2998100,452,239,213
1203,21,387,2998200,767,396,371
1204,21,387,2998300,310,168,142
1205,21,387,2998400,722,366,356
1206,21,387,2998500,1375,696,679
1207,21,387,2998600,60,33,27
1208,21,387,2998700,842,431,411
1209,21,387,2998800,622,307,315
1210,21,387,2998900,15,8,7
1211,21,387,2999000,809,405,404
1212,21,387,2999100,570,277,293
1213,21,387,2999200,1087,547,540
1214,21,387,2999300,0,0,0
1215,21,387,2999400,275,142,133
1216,21,387,2999500,513,270,243
1217,21,387,2999600,0,0,0
1218,21,387,2999700,386,210,176
1219,21,387,2999800,618,304,314
1220,21,387,2999900,419,213,206
1221,21,387,3000000,1371,691,680
1222,21,387,3000100,529,273,256
1223,21,387,3000200,342,166,176
1224,21,387,3000300,231,121,110
1225,21,387,3000400,682,339,343
1226,21,387,3000500,645,331,314
1227,21,387,3000600,2658,1368,1290
1228,21,387,3000700,2963,1517,1446
1229,21,387,3000800,3731,1881,1850
1230,21,387,3000900,1601,824,777
1231,21,387,3001000,687,356,331
1232,21,387,3001100,522,288,234
1233,21,387,3001200,342,162,180
1234,21,387,3001300,187,89,98
1235,21,387,3001400,316,159,157
1236,21,387,3001500,1,1,0
1237,21,387,3001600,2525,1272,1253
1238,21,387,3001700,210,101,109
1239,21,387,3001800,134,69,65
1240,21,387,3001900,1599,776,823
1241,21,387,3002000,130,66,64
1242,21,387,3002100,433,224,209
1243,21,387,3002200,1517,760,757
1244,21,387,3002300,0,0,0
1245,21,387,3002400,254,137,117
1246,21,387,3002500,169,90,79
1247,21,387,3002600,581,296,285
1248,21,387,3002700,676,331,345
1249,21,387,3002800,870,439,431
1250,21,387,3002900,92,50,42
1251,21,387,3003000,653,336,317
1252,21,387,3003100,394,199,195
1253,21,387,3003200,1700,852,848
1254,21,387,3003300,2532,1250,1282
1255,21,387,3003400,1013,509,504
1256,21,387,3003500,1048,550,498
1257,21,387,3003600,473,241,232
1258,21,387,3003700,1084,540,544
1259,21,387,3003800,5,2,3
1260,21,387,3003900,1741,899,842
1261,21,387,3004000,891,468,423
1262,21,387,3004100,449,244,205
1263,21,387,3004200,958,491,467
1264,21,387,3004300,2939,1504,1435
1265,21,387,3004400,2147,1086,1061
1266,21,387,3004500,233,119,114
1267,21,387,3004600,346,187,159
1268,21,387,3004700,994,497,497
1269,21,387,3004800,1514,744,770
1270,21,387,3004900,689,354,335
1271,21,387,3005000,653,319,334
1272,21,387,3005100,108,52,56
1273,21,387,3005200,0,0,0
1274,21,387,3005300,858,410,448
1275,21,387,3005400,1601,787,814
1276,21,387,3005500,298,148,150
1277,21,387,3005600,939,458,481
1278,21,387,3005700,260,137,123
1279,21,387,3005800,263,134,129
1280,21,387,3005900,21,12,9
1281,21,387,3006000,648,310,338
1282,21,387,3006100,621,317,304
1283,21,387,3006200,19,10,9
1284,21,387,3006300,520,256,264
1285,21,387,3006400,435,211,224
1286,21,387,3006500,445,217,228
1287,21,387,3006600,1348,666,682
1288,21,387,3006700,365,182,183
1289,21,387,3006800,39,20,19
1290,21,387,3006900,198,95,103
1291,21,387,3007000,0,0,0
1292,21,387,3007100,1527,752,775
1293,21,387,3007200,508,262,246
1294,21,387,3007300,777,384,393
1295,21,387,3007400,7135,3604,3531
1296,21,387,3007500,883,439,444
1297,21,387,3007600,363,191,172
1298,21,387,3007700,482,237,245
1299,21,387,3007800,709,372,337
1300,21,387,3007900,0,0,0
1301,21,387,3008000,0,0,0
1302,21,387,3008100,270,142,128
1303,21,387,3008200,0,0,0
1304,21,387,3008300,0,0,0
1305,21,387,3008400,2048,1041,1007
1306,21,387,3008500,13,10,3
1307,21,387,3008600,0,0,0
1308,21,387,3008700,31,14,17
1309,21,387,3008800,0,0,0
1310,21,387,3008900,1284,656,628
1311,21,387,3009000,1324,682,642
1312,21,387,3009100,168,86,82
1313,21,387,3009200,5,3,2
1314,21,387,3009300,3866,1937,1929
1315,21,387,3009400,998,505,493
1316,21,387,3009500,2041,1058,983
1317,21,387,3009600,732,370,362
1318,21,387,3009700,441,218,223
1319,21,387,3009800,1955,971,984
1320,21,387,3009900,0,0,0
1321,21,387,3010000,625,310,315
1322,21,387,3010100,122,60,62
1323,21,387,3010200,0,0,0
1324,21,387,3010300,1136,579,557
1325,21,387,3010400,391,197,194
1326,21,387,3010500,792,401,391
1327,21,387,3010600,1091,546,545
1328,21,387,3010700,813,412,401
1329,21,387,3010800,614,314,300
1330,21,387,3010900,752,379,373
1331,21,387,3011000,322,168,154
1332,21,387,3011100,857,436,421
1333,21,387,3011200,604,297,307
1334,21,387,3011300,1789,918,871
1335,21,387,3011400,1391,700,691
1336,21,387,3011500,1100,548,552
1337,21,387,3011600,674,337,337
1338,21,387,3011700,383,183,200
1339,21,387,3011800,775,417,358
1340,21,387,3011900,652,343,309
1341,21,387,3012000,712,372,340
1342,21,387,3012100,314,151,163
1343,21,387,3012200,218,103,115
1344,21,387,3012300,855,449,406
1345,21,387,3012400,418,211,207
1346,21,387,3012500,308,164,144
1347,21,387,3012600,927,452,475
1348,21,387,3012700,305,148,157
1349,21,387,3012800,123,64,59
1350,21,387,3012900,1137,549,588
1351,21,387,3013000,2200,1078,1122
1352,21,387,3013100,352,173,179
1353,21,387,3013200,621,320,301
1354,21,387,3013300,235,119,116
1355,21,387,3013400,553,274,279
1356,21,387,3013500,5,3,2
1357,21,387,3013600,5,0,5
1358,21,387,3013700,276,144,132
1359,21,387,3013800,986,509,477
1360,21,387,3013900,92,46,46
1361,21,387,3014000,64,33,31
1362,21,387,3014100,339,173,166
1363,21,387,3014200,598,297,301
1364,21,387,3014300,594,301,293
1365,21,387,3014400,0,0,0
1366,21,387,3014500,4268,2187,2081
1367,21,387,3014600,1381,728,653
1368,21,387,3014700,249,129,120
1369,21,387,3014800,621,297,324
1370,21,387,3014900,608,317,291
1371,21,387,3015000,0,0,0
1372,21,387,3015100,0,0,0
1373,21,387,3015200,392,203,189
1374,21,387,3015300,143,77,66
1375,21,387,3015400,596,301,295
1376,21,387,3015500,3173,1620,1553
1377,21,387,3015600,82,47,35
1378,21,387,3015700,905,432,473
1379,21,387,3015800,352,168,184
1380,21,387,3015900,346,175,171
1381,21,387,3016000,2266,1063,1203
1382,21,387,3016100,570,283,287
1383,21,387,3016200,1378,709,669
1384,21,387,3016300,720,351,369
1385,21,387,3016400,665,328,337
1386,21,387,3016500,338,158,180
1387,21,387,3016600,1351,669,682
1388,21,387,3016700,0,0,0
1389,21,387,3016800,51,27,24
1390,21,387,3016900,1267,658,609
1391,21,387,3017000,513,244,269
1392,21,387,3017100,545,273,272
1393,21,387,3017200,352,179,173
1394,21,387,3017300,918,481,437
1395,21,387,3017400,102,55,47
1396,21,387,3017500,479,236,243
1397,21,387,3017600,361,176,185
1398,21,387,3017700,229,118,111
1399,21,387,3017800,288,150,138
1400,21,387,3017900,198,94,104
1401,21,387,3018000,1047,511,536
1402,21,387,3018100,996,494,502
1403,21,387,3018200,3599,1778,1821
1404,21,387,3018300,337,163,174
1405,21,387,3018400,89,45,44
1406,21,387,3018500,205,85,120
1407,21,387,3018600,520,255,265
1408,21,387,3018700,1553,803,750
1409,21,387,3018800,2510,1277,1233
1410,21,387,3018900,781,408,373
1411,21,387,3019000,599,297,302
1412,21,387,3019100,2486,1250,1236
1413,21,387,3019200,299,149,150
1414,21,387,3019300,2652,1364,1288
1415,21,387,3019400,0,0,0
1416,21,387,3019500,0,0,0
1417,21,387,3019600,379,194,185
1418,21,387,3019700,576,306,270
1419,21,387,3019800,201,98,103
1420,21,387,3019900,657,316,341
1421,21,387,3020000,847,439,408
1422,21,387,3020100,1142,578,564
1423,21,387,3020200,892,454,438
1424,21,387,3020300,823,429,394
1425,21,387,3020400,274,142,132
1426,21,387,3020500,234,125,109
1427,21,387,3020600,429,214,215
1428,21,387,3020700,0,0,0
1429,21,387,3020800,0,0,0
1430,21,387,3020900,886,427,459
1431,21,387,3021000,780,393,387
1432,21,387,3021100,1570,805,765
1433,21,387,3021200,344,177,167
1434,21,387,3021300,432,213,219
1435,21,387,3021400,439,213,226
1436,21,387,3021500,715,325,390
1437,21,387,3021600,777,389,388
1438,21,387,3021700,164,76,88
1439,21,387,3021800,819,409,410
1440,21,387,3021900,989,509,480
1441,21,387,3022000,1432,721,711
1442,21,387,3022100,1324,662,662
1443,21,387,3022200,57,27,30
1444,21,387,3022300,463,228,235
1445,21,387,3022400,1360,645,715
1446,21,387,3022500,570,304,266
1447,21,387,3022600,472,232,240
1448,21,387,3022700,321,160,161
1449,21,387,3022800,1194,628,566
1450,21,387,3022900,1336,668,668
1451,21,387,3023000,445,212,233
1452,21,387,3023100,832,418,414
1453,21,387,3023200,404,206,198
1454,21,387,3023300,1219,610,609
1455,21,387,3023400,2247,1134,1113
1456,21,387,3023500,1010,519,491
1457,21,387,3023600,1810,938,872
1458,21,387,3023700,1366,697,669
1459,21,387,3023800,897,439,458
1460,21,387,3023900,885,444,441
1461,21,387,3024000,860,418,442
1462,21,387,3024100,0,0,0
1463,21,387,3024200,0,0,0
1464,21,387,3024300,1250,614,636
1465,21,387,3024400,2964,1460,1504
1466,21,387,3024500,530,275,255
1467,21,387,3024600,0,0,0
1468,21,387,3024700,1079,511,568
1469,21,387,3024800,625,306,319
1470,21,387,3024900,807,417,390
1471,21,387,3025000,494,250,244
1472,21,387,3025100,647,329,318
1473,21,387,3025200,152,87,65
1474,21,387,3025300,398,197,201
1475,21,387,3025400,353,186,167
1476,21,387,3025500,33,17,16
1477,21,387,3025600,0,0,0
1478,21,387,3025700,527,277,250
1479,21,387,3025800,436,233,203
1480,21,387,3025900,597,305,292
1481,21,387,3026000,748,375,373
1482,21,387,3026100,379,186,193
1483,21,387,3026200,1029,506,523
1484,21,387,3026300,0,0,0
1485,21,387,3026400,1396,735,661
1486,21,387,3026500,478,239,239
1487,21,387,3026600,0,0,0
1488,21,387,3026700,265,131,134
1489,21,387,3026800,234,104,130
1490,21,387,3026900,325,167,158
1491,21,387,3027000,0,0,0
1492,21,387,3027100,391,209,182
1493,21,387,3027200,70,34,36
1494,21,387,3027300,447,213,234
1495,21,387,3027400,302,152,150
1496,21,387,3027500,635,324,311
1497,21,387,3027600,47,25,22
1498,21,387,3027700,1504,750,754
1499,21,387,3027800,357,188,169
1500,21,387,3027900,1367,694,673
1501,21,387,3028000,816,423,393
1502,21,387,3028100,354,188,166
1503,21,387,3028200,395,204,191
1504,21,387,3028300,290,143,147
1505,21,387,3028400,206,106,100
1506,21,387,3028500,673,344,329
1507,21,387,3028600,348,174,174
1508,21,387,3028700,434,222,212
1509,21,387,3028800,195,94,101
1510,21,387,3028900,158,85,73
1511,21,387,3029000,0,0,0
1512,21,387,3029100,429,209,220
1513,21,387,3029200,215,108,107
1514,21,387,3029300,73,37,36
1515,21,387,3029400,344,179,165
1516,21,387,3029500,123,67,56
1517,21,387,3029600,1581,800,781
1518,21,387,3029700,0,0,0
1519,21,387,3029800,292,142,150
1520,21,387,3029900,0,0,0
1521,21,387,3030000,0,0,0
1522,21,387,3030100,383,206,177
1523,21,387,3030200,54,26,28
1524,21,387,3030300,545,271,274
1525,21,387,3030400,292,146,146
1526,21,387,3030500,533,277,256
1527,21,387,3030600,0,0,0
1528,21,387,3030700,222,109,113
1529,21,387,3030800,438,218,220
1530,21,387,3030900,1772,889,883
1531,21,387,3031000,2358,1248,1110
1532,21,387,3031100,295,148,147
1533,21,387,3031200,716,355,361
1534,21,387,3031300,496,241,255
1535,21,387,3031400,2573,1321,1252
1536,21,387,3031500,398,199,199
1537,21,387,3031600,533,267,266
1538,21,387,3031700,214,108,106
1539,21,387,3031800,702,360,342
1540,21,387,3031900,3254,1617,1637
1541,21,387,3032000,1659,833,826
1542,21,387,3032100,494,249,245
1543,21,387,3032200,14,8,6
1544,21,387,3032300,708,350,358
1545,21,387,3032400,802,402,400
1546,21,387,3032500,54,27,27
1547,21,387,3032600,242,127,115
1548,21,387,3032700,183,87,96
1549,21,387,3032800,15,6,9
1550,21,387,3032900,263,128,135
1551,21,387,3033000,535,259,276
1552,21,387,3033100,412,197,215
1553,21,387,3033200,57,28,29
1554,21,387,3033300,1236,646,590
1555,21,387,3033400,207,101,106
1556,21,387,3033500,379,202,177
1557,21,387,3033600,222,117,105
1558,21,387,3033700,358,200,158
1559,21,387,3033800,366,196,170
1560,21,387,3033900,0,0,0
1561,21,387,3034000,511,263,248
1562,21,387,3034100,844,419,425
1563,21,387,3034200,0,0,0
1564,21,387,3034300,230,108,122
1565,21,387,3034400,257,136,121
1566,21,387,3034500,505,255,250
1567,21,387,3034600,352,176,176
1568,21,387,3034700,2111,1078,1033
1569,21,387,3034800,345,168,177
1570,21,387,3034900,150,74,76
1571,21,387,3035000,324,166,158
1572,21,387,3035100,428,213,215
1573,21,387,3035200,19,8,11
1574,21,387,3035300,172,88,84
1575,21,387,3035400,1288,673,615
1576,21,387,3035500,495,250,245
1577,21,387,3035600,603,292,311
1578,21,387,3035700,11,6,5
1579,21,387,3035800,324,168,156
1580,21,387,3035900,427,213,214
1581,21,387,3036000,0,0,0
1582,21,387,3036100,701,342,359
1583,21,387,3036200,537,266,271
1584,21,387,3036300,620,332,288
1585,21,387,3036400,1013,538,475
1586,21,387,3036500,1683,871,812
1587,21,387,3036600,172,87,85
1588,21,387,3036700,934,490,444
1589,21,387,3036800,1558,789,769
1590,21,387,3036900,219,111,108
1591,21,387,3037000,268,130,138
1592,21,387,3037100,736,379,357
1593,21,387,3037200,536,277,259
1594,21,387,3037300,174,93,81
1595,21,387,3037400,9,6,3
1596,21,387,3037500,1238,626,612
1597,21,387,3037600,1662,841,821
1598,21,387,3037700,251,126,125
1599,21,387,3037800,3151,1601,1550
1600,21,387,3037900,450,241,209
1601,21,387,3038000,740,378,362
1602,21,387,3038100,593,309,284
1603,21,387,3038200,474,253,221
1604,21,387,3038300,539,268,271
1605,21,387,3038400,708,372,336
1606,21,387,3038500,1143,619,524
1607,21,387,3038600,767,385,382
1608,21,387,3038700,396,198,198
1609,21,387,3038800,258,133,125
1610,21,387,3038900,2,1,1
1611,21,387,3039000,1057,539,518
1612,21,387,3039100,1709,877,832
1613,21,387,3039200,256,115,141
1614,21,387,3039300,921,449,472
1615,21,387,3039400,6,6,0
1616,21,387,3039500,0,0,0
1617,21,387,3039600,373,197,176
1618,21,387,3039700,1758,917,841
1619,21,387,3039800,802,413,389
1620,21,387,3039900,730,359,371
1621,21,387,3040000,0,0,0
1622,21,387,3040100,770,406,364
1623,21,387,3040200,1556,806,750
1624,21,387,3040300,217,111,106
1625,21,387,3040400,327,163,164
1626,21,387,3040500,592,309,283
1627,21,387,3040600,114,58,56
1628,21,387,3040700,333,173,160
1629,21,387,3040800,594,299,295
1630,21,387,3040900,0,0,0
1631,21,387,3041000,637,326,311
1632,21,387,3041100,170,86,84
1633,21,387,3041200,369,193,176
1634,21,387,3041300,180,90,90
1635,21,387,3041400,316,162,154
1636,21,387,3041500,203,113,90
1637,21,387,3041600,266,135,131
1638,21,387,3041700,311,161,150
1639,21,387,3041800,579,293,286
1640,21,387,3041900,0,0,0
1641,21,387,3042000,0,0,0
1642,21,387,3042100,902,460,442
1643,21,387,3042200,838,423,415
1644,21,387,3042300,864,447,417
1645,21,387,3042400,1304,630,674
1646,21,387,3042500,1089,570,519
1647,21,387,3042600,0,0,0
1648,21,387,3042700,270,141,129
1649,21,387,3042800,297,152,145
1650,21,387,3042900,332,216,116
1651,21,387,3043000,459,224,235
1652,21,387,3043100,356,172,184
1653,21,387,3043200,310,151,159
1654,21,387,3043300,661,328,333
1655,21,387,3043400,227,115,112
1656,21,387,3043500,200,96,104
1657,21,387,3043600,1252,623,629
1658,21,387,3043700,90,44,46
1659,21,387,3043800,734,367,367
1660,21,387,3043900,89,38,51
1661,21,387,3044000,276,141,135
1662,21,387,3044100,131,66,65
1663,21,387,3044200,431,223,208
1664,21,387,3044300,0,0,0
1665,21,387,3044400,311,158,153
1666,21,387,3044500,622,318,304
1667,21,387,3044600,519,256,263
1668,21,387,3044700,106,57,49
1669,21,387,3044800,767,386,381
1670,21,387,3044900,525,260,265
1671,21,387,3045000,864,437,427
1672,21,387,3045100,222,110,112
1673,21,387,3045200,387,198,189
1674,21,387,3045300,162,70,92
1675,21,387,3045400,476,244,232
1676,21,387,3045500,467,236,231
1677,21,387,3045600,474,243,231
1678,21,387,3045700,224,115,109
1679,21,387,3045800,853,449,404
1680,21,387,3045900,417,213,204
1681,21,387,3046000,1475,762,713
1682,21,387,3046100,271,136,135
1683,21,387,3046200,2520,1296,1224
1684,21,387,3046300,234,123,111
1685,21,387,3046400,702,372,330
1686,21,387,3046500,451,215,236
1687,21,387,3046600,739,403,336
1688,21,387,3046700,167,85,82
1689,21,387,3046800,381,203,178
1690,21,387,3046900,581,309,272
1691,21,387,3047000,1434,734,700
1692,21,387,3047100,871,437,434
1693,21,387,3047200,270,148,122
1694,21,387,3047300,381,205,176
1695,21,387,3047400,195,105,90
1696,21,387,3047500,972,482,490
1697,21,387,3047600,0,0,0
1698,21,387,3047700,0,0,0
1699,21,387,3047800,0,0,0
1700,21,387,3047900,0,0,0
1701,21,387,3048000,0,0,0
1702,21,387,3048100,324,163,161
1703,21,387,3048200,584,296,288
1704,21,387,3048300,716,363,353
1705,21,387,3048400,731,378,353
1706,21,387,3048500,165,90,75
1707,21,387,3048600,235,121,114
1708,21,387,3048700,121,60,61
1709,21,387,3048800,213,106,107
1710,21,387,3048900,0,0,0
1711,21,387,3049000,0,0,0
1712,21,387,3049100,0,0,0
1713,21,387,3049200,0,0,0
1714,21,387,3049300,30,14,16
