,Statecode,Districtcode,VillageCode,Population,Males,Females
0,21,5,375300,381,200,181
1,21,5,375400,463,237,226
2,21,5,375500,6,3,3
3,21,5,375600,276,148,128
4,21,5,375700,57,30,27
5,21,5,375800,86,43,43
6,21,5,375900,55,34,21
7,21,5,376000,251,128,123
8,21,5,376100,96,43,53
9,21,5,376200,345,172,173
10,21,5,376300,210,106,104
11,21,5,376400,364,183,181
12,21,5,376500,21,10,11
13,21,5,376600,113,61,52
14,21,5,376700,216,116,100
15,21,5,376800,440,221,219
16,21,5,376900,130,65,65
17,21,5,377000,89,47,42
18,21,5,377100,621,303,318
19,21,5,377200,231,108,123
20,21,5,377300,634,313,321
21,21,5,377400,400,214,186
22,21,5,377500,210,106,104
23,21,5,377600,871,423,448
24,21,5,377700,226,119,107
25,21,5,377800,609,302,307
26,21,5,377900,922,456,466
27,21,5,378000,817,384,433
28,21,5,378100,250,127,123
29,21,5,378200,919,470,449
30,21,5,378300,1005,512,493
31,21,5,378400,687,337,350
32,21,5,378500,2567,1400,1167
33,21,5,378600,1381,692,689
34,21,5,378700,434,217,217
35,21,5,378800,1998,1185,813
36,21,5,378900,423,214,209
37,21,5,379000,990,484,506
38,21,5,379100,213,107,106
39,21,5,379200,607,303,304
40,21,5,379300,0,0,0
41,21,5,379400,257,118,139
42,21,5,379500,293,157,136
43,21,5,379600,525,258,267
44,21,5,379700,598,307,291
45,21,5,379800,875,449,426
46,21,5,379900,331,164,167
47,21,5,380000,490,279,211
48,21,5,380100,104,45,59
49,21,5,380200,2168,1078,1090
50,21,5,380300,729,364,365
51,21,5,380400,17,9,8
52,21,5,380500,1137,555,582
53,21,5,380600,1301,652,649
54,21,5,380700,682,330,352
55,21,5,380800,251,128,123
56,21,5,380900,259,127,132
57,21,5,381000,2008,1002,1006
58,21,5,381100,280,148,132
59,21,5,381200,160,76,84
60,21,5,381300,211,104,107
61,21,5,381400,75,30,45
62,21,5,381500,718,358,360
63,21,5,381600,255,120,135
64,21,5,381700,486,243,243
65,21,5,381800,721,361,360
66,21,5,381900,971,476,495
67,21,5,382000,345,179,166
68,21,5,382100,683,349,334
69,21,5,382200,355,184,171
70,21,5,382300,408,201,207
71,21,5,382400,906,443,463
72,21,5,382500,707,354,353
73,21,5,382600,114,63,51
74,21,5,382700,153,78,75
75,21,5,382800,1111,559,552
76,21,5,382900,139,72,67
77,21,5,383000,824,414,410
78,21,5,383100,483,251,232
79,21,5,383200,381,191,190
80,21,5,383300,289,153,136
81,21,5,383400,308,144,164
82,21,5,383500,424,206,218
83,21,5,383600,97,48,49
84,21,5,383700,738,364,374
85,21,5,383800,232,123,109
86,21,5,383900,165,82,83
87,21,5,384000,272,134,138
88,21,5,384100,498,255,243
89,21,5,384200,392,201,191
90,21,5,384300,202,107,95
91,21,5,384400,3,2,1
92,21,5,384500,417,204,213
93,21,5,384600,168,92,76
94,21,5,384700,98,46,52
95,21,5,384800,211,108,103
96,21,5,384900,83,42,41
97,21,5,385000,53,30,23
98,21,5,385100,0,0,0
99,21,5,385200,3277,1643,1634
100,21,5,385300,81,41,40
101,21,5,385400,302,151,151
102,21,5,385500,204,104,100
103,21,5,385600,228,116,112
104,21,5,385700,181,94,87
105,21,5,385800,175,90,85
106,21,5,385900,227,116,111
107,21,5,386000,210,99,111
108,21,5,386100,263,137,126
109,21,5,386200,974,481,493
110,21,5,386300,257,135,122
111,21,5,386400,155,82,73
112,21,5,386500,102,53,49
113,21,5,386600,165,77,88
114,21,5,386700,138,71,67
115,21,5,386800,45,23,22
116,21,5,386900,2,1,1
117,21,5,387000,529,270,259
118,21,5,387100,255,128,127
119,21,5,387200,116,63,53
120,21,5,387300,0,0,0
121,21,5,387400,81,39,42
122,21,5,387500,104,49,55
123,21,5,387600,155,92,63
124,21,5,387700,2679,1322,1357
125,21,5,387800,168,92,76
126,21,5,387900,166,92,74
127,21,5,388000,74,41,33
128,21,5,388100,811,424,387
129,21,5,388200,292,153,139
130,21,5,388300,94,42,52
131,21,5,388400,808,406,402
132,21,5,388500,537,261,276
133,21,5,388600,91,50,41
134,21,5,388700,187,92,95
135,21,5,388800,0,0,0
136,21,5,388900,123,61,62
137,21,5,389000,364,215,149
138,21,5,389100,0,0,0
139,21,5,389200,30,18,12
140,21,5,389300,439,234,205
141,21,5,389400,202,102,100
142,21,5,389500,242,117,125
143,21,5,389600,75,39,36
144,21,5,389700,189,91,98
145,21,5,389800,430,215,215
146,21,5,389900,226,115,111
147,21,5,390000,24,12,12
148,21,5,390100,192,92,100
149,21,5,390200,232,117,115
150,21,5,390300,282,134,148
151,21,5,390400,79,40,39
152,21,5,390500,1,1,0
153,21,5,390600,357,175,182
154,21,5,390700,222,112,110
155,21,5,390800,224,110,114
156,21,5,390900,347,181,166
157,21,5,391000,71,33,38
158,21,5,391100,163,79,84
159,21,5,391200,28,16,12
160,21,5,391300,80,39,41
161,21,5,391400,879,452,427
162,21,5,391500,209,110,99
163,21,5,391600,235,123,112
164,21,5,391700,367,173,194
165,21,5,391800,190,92,98
166,21,5,391900,397,196,201
167,21,5,392000,255,123,132
168,21,5,392100,252,130,122
169,21,5,392200,344,163,181
170,21,5,392300,127,61,66
171,21,5,392400,819,411,408
172,21,5,392500,248,123,125
173,21,5,392600,539,262,277
174,21,5,392700,264,161,103
175,21,5,392800,401,196,205
176,21,5,392900,143,72,71
177,21,5,393000,75,34,41
178,21,5,393100,55,24,31
179,21,5,393200,115,55,60
180,21,5,393300,18,11,7
181,21,5,393400,14,7,7
182,21,5,393500,61,32,29
183,21,5,393600,84,39,45
184,21,5,393700,480,243,237
185,21,5,393800,241,118,123
186,21,5,393900,164,80,84
187,21,5,394000,58,30,28
188,21,5,394100,192,87,105
189,21,5,394200,95,48,47
190,21,5,394300,282,135,147
191,21,5,394400,1106,559,547
192,21,5,394500,220,104,116
193,21,5,394600,144,68,76
194,21,5,394700,74,36,38
195,21,5,394800,234,113,121
196,21,5,394900,553,269,284
197,21,5,395000,565,264,301
198,21,5,395100,239,123,116
199,21,5,395200,504,255,249
200,21,5,395300,28,9,19
201,21,5,395400,424,195,229
202,21,5,395500,92,48,44
203,21,5,395600,133,62,71
204,21,5,395700,633,315,318
205,21,5,395800,325,166,159
206,21,5,395900,837,410,427
207,21,5,396000,863,426,437
208,21,5,396100,2271,1164,1107
209,21,5,396200,967,436,531
210,21,5,396300,170,86,84
211,21,5,396400,418,215,203
212,21,5,396500,106,57,49
213,21,5,396600,70,33,37
214,21,5,396700,64,32,32
215,21,5,396800,25,14,11
216,21,5,396900,16,8,8
217,21,5,397000,319,159,160
218,21,5,397100,529,263,266
219,21,5,397200,2242,1137,1105
220,21,5,397300,1235,620,615
221,21,5,397400,1568,839,729
222,21,5,397500,515,260,255
223,21,5,397600,1354,725,629
224,21,5,397700,1241,606,635
225,21,5,397800,1506,757,749
226,21,5,397900,55,30,25
227,21,5,398000,1713,847,866
228,21,5,398100,480,245,235
229,21,5,398200,820,433,387
230,21,5,398300,923,460,463
231,21,5,398400,360,187,173
232,21,5,398500,906,441,465
233,21,5,398600,129,66,63
234,21,5,398700,590,301,289
235,21,5,398800,2248,1118,1130
236,21,5,398900,364,178,186
237,21,5,399000,1132,565,567
238,21,5,399100,215,103,112
239,21,5,399200,688,345,343
240,21,5,399300,802,418,384
241,21,5,399400,617,306,311
242,21,5,399500,245,125,120
243,21,5,399600,243,121,122
244,21,5,399700,1184,588,596
245,21,5,399800,96,49,47
246,21,5,399900,534,284,250
247,21,5,400000,1869,1038,831
248,21,5,400100,181,92,89
249,21,5,400200,192,98,94
250,21,5,400300,499,258,241
251,21,5,400400,676,338,338
252,21,5,400500,1320,662,658
253,21,5,400600,3394,1727,1667
254,21,5,400700,317,164,153
255,21,5,400800,340,178,162
256,21,5,400900,785,386,399
257,21,5,401000,306,159,147
258,21,5,401100,428,209,219
259,21,5,401200,279,154,125
260,21,5,401300,313,143,170
261,21,5,401400,783,375,408
262,21,5,401500,176,96,80
263,21,5,401600,544,290,254
264,21,5,401700,788,393,395
265,21,5,401800,227,110,117
266,21,5,401900,1057,504,553
267,21,5,402000,447,221,226
268,21,5,402100,623,318,305
269,21,5,402200,32,15,17
270,21,5,402300,713,356,357
271,21,5,402400,829,405,424
272,21,5,402500,1766,868,898
273,21,5,402600,1433,719,714
274,21,5,402700,264,139,125
275,21,5,402800,638,322,316
276,21,5,402900,439,221,218
277,21,5,403000,494,242,252
278,21,5,403100,375,183,192
279,21,5,403200,259,124,135
280,21,5,403300,262,126,136
281,21,5,403400,1046,515,531
282,21,5,403500,217,113,104
283,21,5,403600,178,91,87
284,21,5,403700,332,159,173
285,21,5,403800,756,365,391
286,21,5,403900,864,401,463
287,21,5,404000,431,215,216
288,21,5,404100,387,197,190
289,21,5,404200,499,247,252
290,21,5,404300,1249,650,599
291,21,5,404400,1831,926,905
292,21,5,404500,808,424,384
293,21,5,404600,239,120,119
294,21,5,404700,1122,578,544
295,21,5,404800,338,156,182
296,21,5,404900,1709,842,867
297,21,5,405000,669,337,332
298,21,5,405100,272,132,140
299,21,5,405200,933,468,465
300,21,5,405300,542,271,271
301,21,5,405400,433,219,214
302,21,5,405500,156,79,77
303,21,5,405600,465,233,232
304,21,5,405700,1412,688,724
305,21,5,405800,361,176,185
306,21,5,405900,213,104,109
307,21,5,406000,177,84,93
308,21,5,406100,137,69,68
309,21,5,406200,378,184,194
310,21,5,406300,178,92,86
311,21,5,406400,578,283,295
312,21,5,406500,465,245,220
313,21,5,406600,188,98,90
314,21,5,406700,774,395,379
315,21,5,406800,1368,753,615
316,21,5,406900,0,0,0
317,21,5,407000,1497,756,741
318,21,5,407100,258,122,136
319,21,5,407200,362,180,182
320,21,5,407300,488,252,236
321,21,5,407400,332,162,170
322,21,5,407500,627,322,305
323,21,5,407600,596,296,300
324,21,5,407700,559,294,265
325,21,5,407800,962,504,458
326,21,5,407900,405,211,194
327,21,5,408000,297,153,144
328,21,5,408100,896,439,457
329,21,5,408200,619,310,309
330,21,5,408300,608,290,318
331,21,5,408400,2297,1153,1144
332,21,5,408500,465,236,229
333,21,5,408600,585,270,315
334,21,5,408700,954,448,506
335,21,5,408800,97,48,49
336,21,5,408900,215,104,111
337,21,5,409000,337,179,158
338,21,5,409100,559,282,277
339,21,5,409200,603,303,300
340,21,5,409300,212,109,103
341,21,5,409400,1024,515,509
342,21,5,409500,577,293,284
343,21,5,409600,223,107,116
344,21,5,409700,320,172,148
345,21,5,409800,227,121,106
346,21,5,409900,1456,721,735
347,21,5,410000,1217,626,591
348,21,5,410100,478,243,235
349,21,5,410200,1487,763,724
350,21,5,410300,3135,1564,1571
351,21,5,410400,411,205,206
352,21,5,410500,952,490,462
353,21,5,410600,817,411,406
354,21,5,410700,616,320,296
355,21,5,410800,273,137,136
356,21,5,410900,423,216,207
357,21,5,411000,1746,948,798
358,21,5,411100,659,342,317
359,21,5,411200,253,132,121
360,21,5,411300,749,369,380
361,21,5,411400,67,32,35
362,21,5,411500,47,24,23
363,21,5,411600,49,24,25
364,21,5,411700,31,17,14
365,21,5,411800,964,467,497
366,21,5,411900,1200,597,603
367,21,5,412000,1227,654,573
368,21,5,412100,320,156,164
369,21,5,412200,841,427,414
370,21,5,412300,968,464,504
371,21,5,412400,1371,666,705
372,21,5,412500,306,157,149
373,21,5,412600,252,134,118
374,21,5,412700,188,94,94
375,21,5,412800,323,162,161
376,21,5,412900,319,162,157
377,21,5,413000,648,328,320
378,21,5,413100,61,30,31
379,21,5,413200,446,242,204
380,21,5,413300,706,362,344
381,21,5,413400,855,358,497
382,21,5,413500,503,242,261
383,21,5,413600,608,298,310
384,21,5,413700,178,87,91
385,21,5,413800,230,123,107
386,21,5,413900,452,230,222
387,21,5,414000,338,169,169
388,21,5,414100,1848,923,925
389,21,5,414200,148,78,70
390,21,5,414300,487,239,248
391,21,5,414400,2655,1327,1328
392,21,5,414500,1113,575,538
393,21,5,414600,1042,544,498
394,21,5,414700,289,150,139
395,21,5,414800,1076,549,527
396,21,5,414900,676,309,367
397,21,5,415000,701,307,394
398,21,5,415100,614,319,295
399,21,5,415200,378,198,180
400,21,5,415300,720,378,342
401,21,5,415400,631,324,307
402,21,5,415500,613,309,304
403,21,5,415600,1275,621,654
404,21,5,415700,763,387,376
405,21,5,415800,403,196,207
406,21,5,415900,18,9,9
407,21,5,416000,641,319,322
408,21,5,416100,531,260,271
409,21,5,416200,533,274,259
410,21,5,416300,442,212,230
411,21,5,416400,11,6,5
412,21,5,416500,26,14,12
413,21,5,416600,519,261,258
414,21,5,416700,630,314,316
415,21,5,416800,424,207,217
416,21,5,416900,677,339,338
417,21,5,417000,870,432,438
418,21,5,417100,1105,541,564
419,21,5,417200,1024,521,503
420,21,5,417300,431,206,225
421,21,5,417400,641,319,322
422,21,5,417500,1121,576,545
423,21,5,417600,455,226,229
424,21,5,417700,2256,1154,1102
425,21,5,417800,679,334,345
426,21,5,417900,880,438,442
427,21,5,418000,827,404,423
428,21,5,418100,779,398,381
429,21,5,418200,191,93,98
430,21,5,418300,921,448,473
431,21,5,418400,632,319,313
432,21,5,418500,757,397,360
433,21,5,418600,751,383,368
434,21,5,418700,2466,1214,1252
435,21,5,418800,522,260,262
436,21,5,418900,680,344,336
437,21,5,419000,533,278,255
438,21,5,419100,224,113,111
439,21,5,419200,337,172,165
440,21,5,419300,916,401,515
441,21,5,419400,510,259,251
442,21,5,419500,162,80,82
443,21,5,419600,161,83,78
444,21,5,419700,477,247,230
445,21,5,419800,705,350,355
446,21,5,419900,1040,516,524
447,21,5,420000,688,336,352
448,21,5,420100,606,301,305
449,21,5,420200,271,128,143
450,21,5,420300,964,471,493
451,21,5,420400,169,78,91
452,21,5,420500,420,195,225
453,21,5,420600,1109,539,570
454,21,5,420700,1426,688,738
455,21,5,420800,630,311,319
456,21,5,420900,2228,1076,1152
457,21,5,421000,258,119,139
458,21,5,421100,2601,1326,1275
459,21,5,421200,984,490,494
460,21,5,421300,1034,528,506
461,21,5,421400,3610,1805,1805
462,21,5,421500,658,315,343
463,21,5,421600,711,357,354
464,21,5,421700,394,192,202
465,21,5,421800,423,209,214
466,21,5,421900,841,405,436
467,21,5,422000,677,331,346
468,21,5,422100,518,263,255
469,21,5,422200,420,212,208
470,21,5,422300,553,279,274
471,21,5,422400,1396,680,716
472,21,5,422500,1684,843,841
473,21,5,422600,1282,664,618
474,21,5,422700,622,295,327
475,21,5,422800,477,239,238
476,21,5,422900,335,159,176
477,21,5,423000,59,26,33
478,21,5,423100,314,151,163
479,21,5,423200,693,422,271
480,21,5,423300,402,204,198
481,21,5,423400,550,295,255
482,21,5,423500,929,454,475
483,21,5,423600,648,326,322
484,21,5,423700,2077,1052,1025
485,21,5,423800,430,205,225
486,21,5,423900,1620,805,815
487,21,5,424000,1044,495,549
488,21,5,424100,933,443,490
489,21,5,424200,1487,745,742
490,21,5,424300,351,165,186
491,21,5,424400,379,189,190
492,21,5,424500,393,204,189
493,21,5,424600,319,163,156
494,21,5,424700,84,44,40
495,21,5,424800,31,16,15
496,21,5,424900,252,121,131
497,21,5,425000,93,49,44
498,21,5,425100,32,14,18
499,21,5,425200,233,110,123
500,21,5,425300,148,74,74
501,21,5,425400,267,127,140
502,21,5,425500,287,137,150
503,21,5,425600,130,70,60
504,21,5,425700,2729,1316,1413
505,21,5,425800,2535,1247,1288
506,21,5,425900,265,123,142
507,21,5,426000,643,316,327
508,21,5,426100,754,380,374
509,21,5,426200,592,276,316
510,21,5,426300,756,372,384
511,21,5,426400,544,267,277
512,21,5,426500,785,377,408
513,21,5,426600,1162,594,568
514,21,5,426700,0,0,0
515,21,5,426800,0,0,0
516,21,5,426900,16,6,10
517,21,5,427000,144,60,84
518,21,5,427100,73,42,31
519,21,5,427200,190,84,106
520,21,5,427300,69,38,31
521,21,5,427400,81,43,38
522,21,5,427500,154,74,80
523,21,5,427600,36,18,18
524,21,5,427700,479,224,255
525,21,5,427800,493,247,246
526,21,5,427900,362,179,183
527,21,5,428000,0,0,0
528,21,5,428100,0,0,0
529,21,5,428200,110,52,58
530,21,5,428300,63,35,28
531,21,5,428400,241,113,128
532,21,5,428500,23,12,11
533,21,5,428600,498,253,245
534,21,5,428700,1194,558,636
535,21,5,428800,799,397,402
536,21,5,428900,1352,657,695
537,21,5,429000,72,35,37
538,21,5,429100,579,295,284
539,21,5,429200,586,273,313
540,21,5,429300,646,322,324
541,21,5,429400,295,142,153
542,21,5,429500,451,210,241
543,21,5,429600,1709,796,913
544,21,5,429700,428,211,217
545,21,5,429800,0,0,0
546,21,5,429900,937,448,489
547,21,5,430000,0,0,0
548,21,5,430100,110,55,55
549,21,5,430200,441,208,233
550,21,5,430300,278,137,141
551,21,5,430400,891,461,430
552,21,5,430500,918,466,452
553,21,5,430600,706,352,354
554,21,5,430700,292,134,158
555,21,5,430800,191,86,105
556,21,5,430900,213,104,109
557,21,5,431000,172,96,76
558,21,5,431100,227,100,127
559,21,5,431200,2983,1486,1497
560,21,5,431300,1935,951,984
561,21,5,431400,699,341,358
562,21,5,431500,12,6,6
563,21,5,431600,27,12,15
564,21,5,431700,334,168,166
565,21,5,431800,1520,787,733
566,21,5,431900,805,391,414
567,21,5,432000,445,221,224
568,21,5,432100,81,42,39
569,21,5,432200,846,430,416
570,21,5,432300,2583,1266,1317
571,21,5,432400,850,426,424
572,21,5,432500,791,367,424
573,21,5,432600,298,146,152
574,21,5,432700,1195,568,627
575,21,5,432800,1376,662,714
576,21,5,432900,2681,1334,1347
577,21,5,433000,1542,750,792
578,21,5,433100,837,442,395
579,21,5,433200,701,356,345
580,21,5,433300,1285,673,612
581,21,5,433400,4606,2368,2238
582,21,5,433500,547,270,277
583,21,5,433600,794,387,407
584,21,5,433700,712,274,438
585,21,5,433800,1380,674,706
586,21,5,433900,458,216,242
587,21,5,434000,269,140,129
588,21,5,434100,244,126,118
589,21,5,434200,1463,749,714
590,21,5,434300,485,230,255
591,21,5,434400,427,207,220
592,21,5,434500,508,255,253
593,21,5,434600,660,332,328
594,21,5,434700,1954,950,1004
595,21,5,434800,1868,913,955
596,21,5,434900,528,270,258
597,21,5,435000,487,232,255
598,21,5,435100,418,201,217
599,21,5,435200,1213,621,592
600,21,5,435300,309,157,152
601,21,5,435400,557,272,285
602,21,5,435500,423,218,205
603,21,5,435600,744,373,371
604,21,5,435700,3045,1500,1545
605,21,5,435800,600,288,312
606,21,5,435900,1670,852,818
607,21,5,436000,1451,719,732
608,21,5,436100,1146,576,570
609,21,5,436200,891,444,447
610,21,5,436300,461,224,237
611,21,5,436400,2204,1104,1100
612,21,5,436500,1685,864,821
613,21,5,436600,414,192,222
614,21,5,436700,673,327,346
615,21,5,436800,839,422,417
616,21,5,436900,601,302,299
617,21,5,437000,518,260,258
618,21,5,437100,522,256,266
619,21,5,437200,1082,532,550
620,21,5,437300,741,382,359
621,21,5,437400,770,396,374
622,21,5,437500,338,161,177
623,21,5,437600,563,272,291
624,21,5,437700,688,332,356
625,21,5,437800,397,207,190
626,21,5,437900,777,381,396
627,21,5,438000,540,282,258
628,21,5,438100,292,157,135
629,21,5,438200,170,79,91
630,21,5,438300,148,67,81
631,21,5,438400,463,237,226
632,21,5,438500,202,102,100
633,21,5,438600,256,131,125
634,21,5,438700,723,376,347
635,21,5,438800,2102,1100,1002
636,21,5,438900,1933,1008,925
637,21,5,439000,364,190,174
638,21,5,439100,1500,739,761
639,21,5,439200,333,176,157
640,21,5,439300,259,128,131
641,21,5,439400,847,439,408
642,21,5,439500,682,336,346
643,21,5,439600,411,215,196
644,21,5,439700,917,464,453
645,21,5,439800,885,429,456
646,21,5,439900,466,227,239
647,21,5,440000,1767,919,848
648,21,5,440100,425,204,221
649,21,5,440200,449,222,227
650,21,5,440300,1216,603,613
651,21,5,440400,233,115,118
652,21,5,440500,250,129,121
653,21,5,440600,312,157,155
654,21,5,440700,2356,1157,1199
655,21,5,440800,1583,772,811
656,21,5,440900,753,428,325
657,21,5,441000,812,404,408
658,21,5,441100,571,276,295
659,21,5,441200,1465,725,740
660,21,5,441300,859,453,406
661,21,5,441400,467,238,229
662,21,5,441500,492,233,259
663,21,5,441600,165,90,75
664,21,5,441700,1525,772,753
665,21,5,441800,772,381,391
666,21,5,441900,1643,811,832
667,21,5,442000,403,199,204
668,21,5,442100,233,107,126
669,21,5,442200,703,352,351
670,21,5,442300,2589,1303,1286
671,21,5,442400,586,301,285
672,21,5,442500,255,130,125
673,21,5,442600,423,206,217
674,21,5,442700,857,391,466
675,21,5,442800,1346,676,670
676,21,5,442900,3102,1562,1540
677,21,5,443000,369,198,171
678,21,5,443100,1216,591,625
679,21,5,443200,1703,869,834
680,21,5,443300,1014,513,501
681,21,5,443400,965,463,502
682,21,5,443500,1163,582,581
683,21,5,443600,1155,615,540
684,21,5,443700,1260,618,642
685,21,5,443800,885,456,429
686,21,5,443900,1076,550,526
687,21,5,444000,321,163,158
688,21,5,444100,867,441,426
689,21,5,444200,848,417,431
690,21,5,444300,854,459,395
691,21,5,444400,693,362,331
692,21,5,444500,613,294,319
693,21,5,444600,325,160,165
694,21,5,444700,1371,690,681
695,21,5,444800,1044,512,532
696,21,5,444900,3124,1515,1609
697,21,5,445000,1135,541,594
698,21,5,445100,2752,1371,1381
699,21,5,445200,2598,1267,1331
700,21,5,445300,3523,1779,1744
701,21,5,445400,611,314,297
702,21,5,445500,1193,588,605
703,21,5,445600,712,344,368
704,21,5,445700,617,329,288
705,21,5,445800,567,274,293
706,21,5,445900,1208,619,589
707,21,5,446000,1063,523,540
708,21,5,446100,571,282,289
709,21,5,446200,719,352,367
710,21,5,446300,682,338,344
711,21,5,446400,186,104,82
712,21,5,446500,1089,557,532
713,21,5,446600,408,211,197
714,21,5,446700,0,0,0
715,21,5,446800,104,49,55
716,21,5,446900,288,145,143
717,21,5,447000,0,0,0
718,21,5,447100,507,247,260
719,21,5,447200,2804,1451,1353
720,21,5,447300,2852,1438,1414
721,21,5,447400,1273,630,643
722,21,5,447500,1445,724,721
723,21,5,447600,63,31,32
724,21,5,447700,1163,589,574
725,21,5,447800,1546,760,786
726,21,5,447900,2320,1193,1127
727,21,5,448000,910,451,459
728,21,5,448100,1158,589,569
729,21,5,448200,387,179,208
730,21,5,448300,1637,837,800
731,21,5,448400,2183,1090,1093
732,21,5,448500,4649,2336,2313
733,21,5,448600,570,290,280
734,21,5,448700,2253,1156,1097
735,21,5,448800,1382,704,678
736,21,5,448900,1959,986,973
737,21,5,449000,1740,839,901
738,21,5,449100,1125,571,554
739,21,5,449200,2019,1001,1018
740,21,5,449300,586,291,295
741,21,5,449400,985,499,486
742,21,5,449500,622,305,317
743,21,5,449600,1231,631,600
744,21,5,449700,1288,541,747
745,21,5,449800,1070,525,545
746,21,5,449900,1958,964,994
747,21,5,450000,114,55,59
748,21,5,450100,4355,2180,2175
749,21,5,450200,1581,801,780
750,21,5,450300,381,179,202
751,21,5,450400,2160,1065,1095
752,21,5,450500,1771,870,901
753,21,5,450600,455,231,224
754,21,5,450700,221,110,111
755,21,5,450800,459,224,235
756,21,5,450900,190,98,92
757,21,5,451000,162,79,83
758,21,5,451100,955,466,489
759,21,5,451200,1220,633,587
760,21,5,451300,639,325,314
761,21,5,451400,1152,580,572
762,21,5,451500,549,270,279
763,21,5,451600,567,283,284
764,21,5,451700,350,184,166
765,21,5,451800,355,182,173
766,21,5,451900,559,285,274
767,21,5,452000,547,258,289
768,21,5,452100,167,73,94
769,21,5,452200,901,419,482
770,21,5,452300,425,217,208
771,21,5,452400,117,61,56
772,21,5,452500,118,63,55
773,21,5,452600,467,243,224
774,21,5,452700,812,388,424
775,21,5,452800,940,455,485
776,21,5,452900,158,67,91
777,21,5,453000,697,345,352
778,21,5,453100,681,344,337
779,21,5,453200,320,173,147
780,21,5,453300,323,162,161
781,21,5,453400,290,148,142
782,21,5,453500,175,82,93
783,21,5,453600,577,295,282
784,21,5,453700,172,77,95
785,21,5,453800,102,50,52
786,21,5,453900,77,35,42
787,21,5,454000,196,96,100
788,21,5,454100,137,64,73
789,21,5,454200,544,275,269
790,21,5,454300,559,274,285
791,21,5,454400,600,311,289
792,21,5,454500,187,96,91
793,21,5,454600,85,38,47
794,21,5,454700,590,286,304
795,21,5,454800,212,104,108
796,21,5,454900,159,88,71
797,21,5,455000,736,365,371
798,21,5,455100,593,296,297
799,21,5,455200,888,445,443
800,21,5,455300,645,336,309
801,21,5,455400,430,213,217
802,21,5,455500,295,141,154
803,21,5,455600,372,180,192
804,21,5,455700,2936,1465,1471
805,21,5,455800,854,412,442
806,21,5,455900,1439,728,711
807,21,5,456000,504,252,252
808,21,5,456100,602,301,301
809,21,5,456200,392,187,205
810,21,5,456300,717,378,339
811,21,5,456400,694,348,346
812,21,5,456500,2262,1180,1082
813,21,5,456600,872,453,419
814,21,5,456700,728,364,364
815,21,5,456800,631,312,319
816,21,5,456900,2115,1058,1057
817,21,5,457000,2450,1205,1245
818,21,5,457100,638,325,313
819,21,5,457200,633,320,313
820,21,5,457300,1337,645,692
821,21,5,457400,1187,658,529
822,21,5,457500,132,66,66
823,21,5,457600,162,73,89
824,21,5,457700,221,108,113
825,21,5,457800,317,150,167
826,21,5,457900,475,221,254
827,21,5,458000,954,468,486
828,21,5,458100,9,3,6
829,21,5,458200,559,266,293
830,21,5,458300,246,114,132
831,21,5,458400,0,0,0
832,21,5,458500,67,32,35
833,21,5,458600,0,0,0
834,21,5,458700,325,161,164
835,21,5,458800,1116,586,530
836,21,5,458900,308,153,155
837,21,5,459000,981,510,471
838,21,5,459100,940,463,477
839,21,5,459200,2915,1498,1417
840,21,5,459300,341,159,182
841,21,5,459400,90,47,43
842,21,5,459500,899,433,466
843,21,5,459600,301,150,151
844,21,5,459700,738,379,359
845,21,5,459800,218,98,120
846,21,5,459900,188,98,90
847,21,5,460000,507,246,261
848,21,5,460100,401,122,279
849,21,5,460200,308,159,149
850,21,5,460300,596,295,301
851,21,5,460400,344,179,165
852,21,5,460500,715,355,360
853,21,5,460600,378,192,186
854,21,5,460700,193,91,102
855,21,5,460800,144,63,81
856,21,5,460900,195,94,101
857,21,5,461000,842,424,418
858,21,5,461100,663,345,318
859,21,5,461200,431,227,204
860,21,5,461300,10,6,4
861,21,5,461400,755,363,392
862,21,5,461500,664,323,341
863,21,5,461600,479,241,238
864,21,5,461700,965,477,488
865,21,5,461800,932,461,471
866,21,5,461900,1003,516,487
867,21,5,462000,311,154,157
868,21,5,462100,254,132,122
869,21,5,462200,1117,559,558
870,21,5,462300,1140,581,559
871,21,5,462400,1448,745,703
872,21,5,462500,888,428,460
873,21,5,462600,563,278,285
874,21,5,462700,239,113,126
875,21,5,462800,387,186,201
876,21,5,462900,225,127,98
877,21,5,463000,914,455,459
878,21,5,463100,990,473,517
879,21,5,463200,645,319,326
880,21,5,463300,98,55,43
881,21,5,463400,147,71,76
882,21,5,463500,1149,589,560
883,21,5,463600,5519,2834,2685
884,21,5,463700,669,327,342
885,21,5,463800,601,308,293
886,21,5,463900,210,102,108
887,21,5,464000,1039,548,491
888,21,5,464100,284,135,149
889,21,5,464200,352,174,178
890,21,5,464300,2106,1077,1029
891,21,5,464400,598,304,294
892,21,5,464500,237,112,125
893,21,5,464600,314,167,147
894,21,5,464700,211,107,104
895,21,5,464800,1007,514,493
896,21,5,464900,501,261,240
897,21,5,465000,857,419,438
898,21,5,465100,379,178,201
899,21,5,465200,410,201,209
900,21,5,465300,646,310,336
901,21,5,465400,66,33,33
902,21,5,465500,635,307,328
903,21,5,465600,479,227,252
904,21,5,465700,491,237,254
905,21,5,465800,904,448,456
906,21,5,465900,559,285,274
907,21,5,466000,759,369,390
908,21,5,466100,96,44,52
909,21,5,466200,631,308,323
910,21,5,466300,428,209,219
911,21,5,466400,217,109,108
912,21,5,466500,280,136,144
913,21,5,466600,1034,539,495
914,21,5,466700,385,208,177
915,21,5,466800,916,463,453
916,21,5,466900,1519,774,745
917,21,5,467000,2142,1014,1128
918,21,5,467100,216,111,105
919,21,5,467200,451,224,227
920,21,5,467300,415,196,219
921,21,5,467400,1360,679,681
922,21,5,467500,3217,1618,1599
923,21,5,467600,565,348,217
924,21,5,467700,1491,769,722
925,21,5,467800,321,164,157
926,21,5,467900,335,165,170
927,21,5,468000,571,285,286
928,21,5,468100,1506,731,775
929,21,5,468200,343,175,168
930,21,5,468300,1307,675,632
931,21,5,468400,456,226,230
932,21,5,468500,361,179,182
933,21,5,468600,380,185,195
934,21,5,468700,879,448,431
935,21,5,468800,844,417,427
936,21,5,468900,0,0,0
937,21,5,469000,1269,633,636
938,21,5,469100,608,307,301
939,21,5,469200,1227,636,591
940,21,5,469300,2318,1169,1149
941,21,5,469400,715,350,365
942,21,5,469500,688,328,360
943,21,5,469600,916,447,469
944,21,5,469700,879,453,426
945,21,5,469800,750,350,400
946,21,5,469900,731,360,371
947,21,5,470000,461,246,215
948,21,5,470100,210,107,103
949,21,5,470200,336,178,158
950,21,5,470300,61,24,37
951,21,5,470400,516,240,276
952,21,5,470500,247,131,116
953,21,5,470600,1354,658,696
954,21,5,470700,1008,511,497
955,21,5,470800,516,257,259
956,21,5,470900,270,132,138
957,21,5,471000,263,132,131
958,21,5,471100,627,305,322
959,21,5,471200,529,251,278
960,21,5,471300,597,295,302
961,21,5,471400,328,162,166
962,21,5,471500,317,145,172
963,21,5,471600,233,110,123
964,21,5,471700,993,504,489
965,21,5,471800,31,10,21
966,21,5,471900,794,402,392
967,21,5,472000,758,366,392
968,21,5,472100,863,445,418
969,21,5,472200,664,338,326
970,21,5,472300,504,247,257
971,21,5,472400,434,216,218
972,21,5,472500,479,239,240
973,21,5,472600,184,99,85
974,21,5,472700,143,73,70
975,21,5,472800,934,477,457
976,21,5,472900,840,415,425
977,21,5,473000,416,212,204
978,21,5,473100,2887,1466,1421
979,21,5,473200,1547,774,773
980,21,5,473300,915,456,459
981,21,5,473400,565,288,277
982,21,5,473500,349,175,174
983,21,5,473600,641,311,330
984,21,5,473700,335,160,175
985,21,5,473800,267,126,141
986,21,5,473900,184,87,97
987,21,5,474000,445,218,227
988,21,5,474100,342,178,164
989,21,5,474200,541,270,271
990,21,5,474300,672,332,340
991,21,5,474400,685,340,345
992,21,5,474500,1157,582,575
993,21,5,474600,293,141,152
994,21,5,474700,223,109,114
995,21,5,474800,329,160,169
996,21,5,474900,648,309,339
997,21,5,475000,315,159,156
998,21,5,475100,454,227,227
999,21,5,475200,404,208,196
1000,21,5,475300,559,276,283
1001,21,5,475400,1279,631,648
1002,21,5,475500,615,304,311
1003,21,5,475600,460,227,233
1004,21,5,475700,996,501,495
1005,21,5,475800,1365,695,670
1006,21,5,475900,547,290,257
1007,21,5,476000,289,148,141
1008,21,5,476100,408,188,220
1009,21,5,476200,81,36,45
1010,21,5,476300,393,272,121
1011,21,5,476400,365,175,190
1012,21,5,476500,172,85,87
1013,21,5,476600,703,354,349
1014,21,5,476700,578,266,312
1015,21,5,476800,561,294,267
1016,21,5,476900,474,241,233
1017,21,5,477000,598,301,297
1018,21,5,477100,379,190,189
1019,21,5,477200,492,249,243
1020,21,5,477300,252,120,132
1021,21,5,477400,720,344,376
1022,21,5,477500,588,293,295
1023,21,5,477600,720,361,359
1024,21,5,477700,487,290,197
1025,21,5,477800,344,158,186
1026,21,5,477900,178,84,94
1027,21,5,478000,13,8,5
1028,21,5,478100,741,365,376
1029,21,5,478200,170,84,86
1030,21,5,478300,303,162,141
1031,21,5,478400,0,0,0
1032,21,5,478500,909,467,442
1033,21,5,478600,848,425,423
1034,21,5,478700,211,107,104
1035,21,5,478800,1090,541,549
1036,21,5,478900,949,470,479
1037,21,5,479000,1112,555,557
1038,21,5,479100,1571,779,792
1039,21,5,479200,385,195,190
1040,21,5,479300,1010,482,528
1041,21,5,479400,335,163,172
1042,21,5,479500,548,296,252
1043,21,5,479600,954,492,462
1044,21,5,479700,1064,494,570
1045,21,5,479800,1371,688,683
1046,21,5,479900,482,259,223
1047,21,5,480000,1713,870,843
1048,21,5,480100,741,391,350
1049,21,5,480200,392,202,190
1050,21,5,480300,1016,509,507
1051,21,5,480400,1165,583,582
1052,21,5,480500,2127,1140,987
1053,21,5,480600,475,232,243
1054,21,5,480700,595,295,300
1055,21,5,480800,821,412,409
1056,21,5,480900,205,99,106
1057,21,5,481000,395,196,199
1058,21,5,481100,910,440,470
1059,21,5,481200,116,58,58
1060,21,5,481300,300,151,149
1061,21,5,481400,315,153,162
1062,21,5,481500,3276,1655,1621
1063,21,5,481600,305,159,146
1064,21,5,481700,265,125,140
1065,21,5,481800,1217,725,492
1066,21,5,481900,1582,782,800
1067,21,5,482000,1374,672,702
1068,21,5,482100,1112,564,548
1069,21,5,482200,176,90,86
1070,21,5,482300,264,128,136
1071,21,5,482400,439,216,223
1072,21,5,482500,375,202,173
1073,21,5,482600,1249,656,593
1074,21,5,482700,641,312,329
1075,21,5,482800,1070,541,529
1076,21,5,482900,873,439,434
1077,21,5,483000,489,248,241
1078,21,5,483100,1570,780,790
1079,21,5,483200,601,289,312
1080,21,5,483300,479,244,235
1081,21,5,483400,1027,520,507
1082,21,5,483500,369,186,183
1083,21,5,483600,147,68,79
1084,21,5,483700,1638,840,798
1085,21,5,483800,351,166,185
1086,21,5,483900,522,254,268
1087,21,5,484000,886,448,438
1088,21,5,484100,188,88,100
1089,21,5,484200,323,162,161
1090,21,5,484300,32,22,10
1091,21,5,484400,1447,773,674
1092,21,5,484500,867,453,414
1093,21,5,484600,1592,818,774
1094,21,5,484700,1233,640,593
1095,21,5,484800,1209,602,607
1096,21,5,484900,848,447,401
1097,21,5,485000,1261,609,652
1098,21,5,485100,1342,620,722
1099,21,5,485200,264,129,135
1100,21,5,485300,2652,1381,1271
1101,21,5,485400,678,348,330
1102,21,5,485500,238,113,125
1103,21,5,485600,611,313,298
1104,21,5,485700,2076,1028,1048
1105,21,5,485800,486,229,257
1106,21,5,485900,1156,583,573
1107,21,5,486000,1039,528,511
1108,21,5,486100,571,303,268
1109,21,5,486200,1576,786,790
1110,21,5,486300,967,488,479
1111,21,5,486400,276,141,135
1112,21,5,486500,1426,695,731
1113,21,5,486600,2819,1341,1478
1114,21,5,486700,274,144,130
1115,21,5,486800,319,166,153
1116,21,5,486900,342,164,178
1117,21,5,487000,422,209,213
1118,21,5,487100,909,434,475
1119,21,5,487200,933,484,449
1120,21,5,487300,713,362,351
1121,21,5,487400,1518,755,763
1122,21,5,487500,274,138,136
1123,21,5,487600,508,246,262
1124,21,5,487700,15,9,6
1125,21,5,487800,2166,1094,1072
1126,21,5,487900,245,123,122
1127,21,5,488000,798,411,387
1128,21,5,488100,1559,793,766
1129,21,5,488200,344,186,158
1130,21,5,488300,269,131,138
1131,21,5,488400,680,345,335
1132,21,5,488500,714,361,353
1133,21,5,488600,576,298,278
1134,21,5,488700,999,512,487
1135,21,5,488800,2807,1450,1357
1136,21,5,488900,648,340,308
1137,21,5,489000,436,213,223
1138,21,5,489100,426,211,215
1139,21,5,489200,510,251,259
1140,21,5,489300,756,362,394
1141,21,5,489400,221,117,104
1142,21,5,489500,342,176,166
1143,21,5,489600,336,168,168
1144,21,5,489700,679,349,330
1145,21,5,489800,811,412,399
1146,21,5,489900,160,77,83
1147,21,5,490000,183,88,95
1148,21,5,490100,178,92,86
1149,21,5,490200,88,49,39
1150,21,5,490300,151,73,78
1151,21,5,490400,202,103,99
1152,21,5,490500,48,20,28
1153,21,5,490600,283,144,139
1154,21,5,490700,629,320,309
1155,21,5,490800,836,424,412
1156,21,5,490900,103,51,52
1157,21,5,491000,817,411,406
1158,21,5,491100,126,61,65
1159,21,5,491200,0,0,0
1160,21,5,491300,890,420,470
1161,21,5,491400,658,338,320
1162,21,5,491500,1435,699,736
1163,21,5,491600,180,92,88
1164,21,5,491700,843,422,421
1165,21,5,491800,719,357,362
1166,21,5,491900,362,172,190
1167,21,5,492000,430,200,230
1168,21,5,492100,277,138,139
1169,21,5,492200,113,59,54
1170,21,5,492300,722,369,353
1171,21,5,492400,1040,554,486
1172,21,5,492500,322,146,176
1173,21,5,492600,709,357,352
1174,21,5,492700,0,0,0
1175,21,5,492800,500,251,249
1176,21,5,492900,477,235,242
1177,21,5,493000,365,184,181
1178,21,5,493100,479,232,247
1179,21,5,493200,475,229,246
1180,21,5,493300,152,79,73
1181,21,5,493400,693,343,350
1182,21,5,493500,447,215,232
1183,21,5,493600,557,284,273
1184,21,5,493700,144,79,65
1185,21,5,493800,235,110,125
1186,21,5,493900,284,139,145
1187,21,5,494000,254,119,135
1188,21,5,494100,494,252,242
1189,21,5,494200,469,236,233
1190,21,5,494300,517,273,244
1191,21,5,494400,830,399,431
1192,21,5,494500,215,110,105
1193,21,5,494600,366,190,176
1194,21,5,494700,118,56,62
1195,21,5,494800,965,494,471
1196,21,5,494900,74,35,39
1197,21,5,495000,0,0,0
1198,21,5,495100,63,32,31
1199,21,5,495200,174,91,83
1200,21,5,495300,1500,739,761
1201,21,5,495400,244,117,127
1202,21,5,495500,362,172,190
1203,21,5,495600,53,29,24
1204,21,5,495700,259,123,136
1205,21,5,495800,128,61,67
1206,21,5,495900,134,71,63
1207,21,5,496000,323,150,173
1208,21,5,496100,349,173,176
1209,21,5,496200,85,41,44
1210,21,5,496300,478,235,243
1211,21,5,496400,371,198,173
1212,21,5,496500,531,276,255
1213,21,5,496600,671,328,343
1214,21,5,496700,538,271,267
1215,21,5,496800,719,355,364
1216,21,5,496900,565,279,286
1217,21,5,497000,390,198,192
1218,21,5,497100,811,436,375
1219,21,5,497200,367,178,189
1220,21,5,497300,427,209,218
1221,21,5,497400,341,160,181
1222,21,5,497500,928,450,478
1223,21,5,497600,196,98,98
1224,21,5,497700,910,458,452
1225,21,5,497800,1408,710,698
1226,21,5,497900,538,258,280
1227,21,5,498000,626,310,316
1228,21,5,498100,913,455,458
1229,21,5,498200,215,123,92
1230,21,5,498300,938,475,463
1231,21,5,498400,426,215,211
1232,21,5,498500,387,191,196
1233,21,5,498600,545,266,279
1234,21,5,498700,178,93,85
1235,21,5,498800,18,10,8
1236,21,5,498900,879,448,431
1237,21,5,499000,293,151,142
1238,21,5,499100,395,195,200
1239,21,5,499200,1316,678,638
1240,21,5,499300,353,184,169
1241,21,5,499400,226,119,107
1242,21,5,499500,381,191,190
1243,21,5,499600,369,184,185
1244,21,5,499700,494,236,258
1245,21,5,499800,1300,695,605
1246,21,5,499900,668,336,332
1247,21,5,500000,296,147,149
1248,21,5,500100,207,111,96
1249,21,5,500200,66,32,34
1250,21,5,500300,181,91,90
1251,21,5,500400,341,184,157
1252,21,5,500500,541,271,270
1253,21,5,500600,267,139,128
1254,21,5,500700,194,100,94
1255,21,5,500800,335,166,169
1256,21,5,500900,453,232,221
1257,21,5,501000,365,183,182
1258,21,5,501100,535,261,274
1259,21,5,501200,1314,737,577
1260,21,5,501300,697,344,353
1261,21,5,501400,514,258,256
1262,21,5,501500,405,213,192
1263,21,5,501600,1473,747,726
1264,21,5,501700,382,193,189
1265,21,5,501800,270,134,136
1266,21,5,501900,570,264,306
1267,21,5,502000,0,0,0
1268,21,5,502100,2053,1099,954
1269,21,5,502200,808,413,395
1270,21,5,502300,2003,1096,907
1271,21,5,502400,251,143,108
1272,21,5,502500,387,215,172
1273,21,5,502600,718,334,384
1274,21,5,502700,583,269,314
1275,21,5,502800,811,405,406
1276,21,5,502900,548,264,284
1277,21,5,503000,586,303,283
1278,21,5,503100,566,306,260
1279,21,5,503200,219,104,115
1280,21,5,503300,381,201,180
1281,21,5,503400,559,288,271
1282,21,5,503500,85,47,38
1283,21,5,503600,346,183,163
1284,21,5,503700,938,474,464
1285,21,5,503800,0,0,0
1286,21,5,503900,172,86,86
1287,21,5,504000,606,302,304
1288,21,5,504100,156,83,73
1289,21,5,504200,102,51,51
1290,21,5,504300,129,67,62
1291,21,5,504400,1070,524,546
1292,21,5,504500,50,28,22
1293,21,5,504600,159,77,82
1294,21,5,504700,89,48,41
1295,21,5,504800,0,0,0
1296,21,5,504900,656,328,328
1297,21,5,505000,190,99,91
1298,21,5,505100,463,231,232
1299,21,5,505200,228,113,115
1300,21,5,505300,517,240,277
1301,21,5,505400,4302,2260,2042
1302,21,5,505500,553,258,295
1303,21,5,505600,336,159,177
1304,21,5,505700,202,95,107
1305,21,5,505800,336,167,169
1306,21,5,505900,671,360,311
1307,21,5,506000,940,463,477
1308,21,5,506100,814,441,373
1309,21,5,506200,244,127,117
1310,21,5,506300,137,76,61
1311,21,5,506400,224,113,111
1312,21,5,506500,155,70,85
1313,21,5,506600,92,44,48
1314,21,5,506700,281,151,130
1315,21,5,506800,284,139,145
1316,21,5,506900,316,172,144
1317,21,5,507000,703,365,338
1318,21,5,507100,0,0,0
1319,21,5,507200,394,181,213
1320,21,5,507300,333,172,161
1321,21,5,507400,160,81,79
1322,21,5,507500,356,174,182
1323,21,5,507600,278,127,151
1324,21,5,507700,474,234,240
1325,21,5,507800,542,257,285
1326,21,5,507900,593,303,290
1327,21,5,508000,498,251,247
1328,21,5,508100,294,149,145
1329,21,5,508200,216,110,106
1330,21,5,508300,553,270,283
1331,21,5,508400,229,104,125
1332,21,5,508500,121,67,54
1333,21,5,508600,113,57,56
1334,21,5,508700,222,113,109
1335,21,5,508800,520,261,259
1336,21,5,508900,344,178,166
1337,21,5,509000,360,166,194
1338,21,5,509100,263,129,134
1339,21,5,509200,260,131,129
1340,21,5,509300,68,28,40
1341,21,5,509400,52,24,28
1342,21,5,509500,396,190,206
1343,21,5,509600,29,13,16
1344,21,5,509700,447,213,234
1345,21,5,509800,0,0,0
1346,21,5,509900,300,161,139
1347,21,5,510000,83,39,44
1348,21,5,510100,1248,620,628
1349,21,5,510200,1447,704,743
1350,21,5,510300,187,85,102
1351,21,5,510400,516,261,255
1352,21,5,510500,473,229,244
1353,21,5,510600,201,100,101
1354,21,5,510700,264,127,137
1355,21,5,510800,659,342,317
1356,21,5,510900,54,24,30
1357,21,5,511000,227,123,104
1358,21,5,511100,9,3,6
1359,21,5,511200,75,38,37
1360,21,5,511300,267,129,138
1361,21,5,511400,824,418,406
1362,21,5,511500,517,246,271
1363,21,5,511600,215,110,105
1364,21,5,511700,460,231,229
1365,21,5,511800,604,307,297
1366,21,5,511900,513,259,254
1367,21,5,512000,349,173,176
1368,21,5,512100,62,34,28
1369,21,5,512200,1140,598,542
1370,21,5,512300,686,357,329
1371,21,5,512400,798,414,384
1372,21,5,512500,180,96,84
1373,21,5,512600,104,48,56
1374,21,5,512700,104,50,54
1375,21,5,512800,150,82,68
1376,21,5,512900,192,90,102
1377,21,5,513000,98,44,54
1378,21,5,513100,164,83,81
1379,21,5,513200,279,148,131
1380,21,5,513300,537,259,278
1381,21,5,513400,510,247,263
1382,21,5,513500,0,0,0
1383,21,5,513600,518,246,272
1384,21,5,513700,6,4,2
1385,21,5,513800,96,48,48
1386,21,5,513900,34,21,13
1387,21,5,514000,329,162,167
1388,21,5,514100,578,300,278
1389,21,5,514200,698,368,330
1390,21,5,514300,400,209,191
1391,21,5,514400,247,129,118
1392,21,5,514500,902,429,473
1393,21,5,514600,122,61,61
1394,21,5,514700,413,217,196
1395,21,5,514800,79,43,36
1396,21,5,514900,405,193,212
1397,21,5,515000,417,226,191
1398,21,5,515100,208,99,109
1399,21,5,515200,283,126,157
1400,21,5,515300,485,160,325
1401,21,5,515400,141,65,76
1402,21,5,515500,450,215,235
1403,21,5,515600,39,20,19
1404,21,5,515700,67,42,25
1405,21,5,515800,30,13,17
1406,21,5,515900,89,51,38
1407,21,5,516000,0,0,0
1408,21,5,516100,393,202,191
1409,21,5,516200,244,128,116
1410,21,5,516300,60,28,32
1411,21,5,516400,139,66,73
1412,21,5,516500,178,97,81
1413,21,5,516600,417,197,220
1414,21,5,516700,129,57,72
1415,21,5,516800,3,1,2
1416,21,5,516900,695,356,339
1417,21,5,517000,565,283,282
1418,21,5,517100,155,71,84
1419,21,5,517200,181,82,99
1420,21,5,517300,277,139,138
1421,21,5,517400,227,111,116
1422,21,5,517500,52,29,23
1423,21,5,517600,194,91,103
1424,21,5,517700,269,139,130
1425,21,5,517800,235,103,132
1426,21,5,517900,701,338,363
1427,21,5,518000,165,79,86
1428,21,5,518100,325,164,161
1429,21,5,518200,358,181,177
1430,21,5,518300,215,100,115
1431,21,5,518400,231,114,117
1432,21,5,518500,94,51,43
1433,21,5,518600,36,18,18
1434,21,5,518700,528,268,260
1435,21,5,518800,493,246,247
1436,21,5,518900,21,12,9
1437,21,5,519000,238,118,120
1438,21,5,519100,122,62,60
1439,21,5,519200,80,36,44
1440,21,5,519300,166,80,86
1441,21,5,519400,161,79,82
1442,21,5,519500,299,158,141
1443,21,5,519600,174,92,82
1444,21,5,519700,166,86,80
1445,21,5,519800,541,260,281
1446,21,5,519900,476,245,231
1447,21,5,520000,448,230,218
1448,21,5,520100,393,189,204
1449,21,5,520200,222,108,114
1450,21,5,520300,1100,559,541
1451,21,5,520400,385,182,203
1452,21,5,520500,1162,586,576
1453,21,5,520600,548,260,288
1454,21,5,520700,479,248,231
1455,21,5,520800,584,292,292
1456,21,5,520900,104,53,51
1457,21,5,521000,371,184,187
1458,21,5,521100,514,253,261
1459,21,5,521200,168,84,84
1460,21,5,521300,412,207,205
1461,21,5,521400,84,38,46
1462,21,5,521500,1474,741,733
1463,21,5,521600,2406,1246,1160
1464,21,5,521700,98,48,50
1465,21,5,521800,348,168,180
1466,21,5,521900,296,153,143
1467,21,5,522000,126,66,60
1468,21,5,522100,163,73,90
1469,21,5,522200,301,156,145
1470,21,5,522300,71,33,38
1471,21,5,522400,694,340,354
1472,21,5,522500,164,82,82
1473,21,5,522600,505,250,255
1474,21,5,522700,63,25,38
1475,21,5,522800,162,85,77
1476,21,5,522900,515,269,246
1477,21,5,523000,437,229,208
1478,21,5,523100,124,64,60
1479,21,5,523200,121,67,54
1480,21,5,523300,190,97,93
1481,21,5,523400,44,18,26
1482,21,5,523500,327,153,174
1483,21,5,523600,76,33,43
1484,21,5,523700,480,237,243
1485,21,5,523800,78,41,37
1486,21,5,523900,153,72,81
1487,21,5,524000,442,207,235
1488,21,5,524100,289,141,148
1489,21,5,524200,67,36,31
1490,21,5,524300,49,26,23
1491,21,5,524400,6,4,2
1492,21,5,524500,1070,509,561
1493,21,5,524600,2091,1034,1057
1494,21,5,524700,159,82,77
1495,21,5,524800,20,9,11
1496,21,5,524900,153,74,79
1497,21,5,525000,633,319,314
1498,21,5,525100,19,11,8
1499,21,5,525200,297,140,157
1500,21,5,525300,421,210,211
1501,21,5,525400,382,203,179
1502,21,5,525500,70,34,36
1503,21,5,525600,549,326,223
1504,21,5,525700,170,83,87
1505,21,5,525800,526,254,272
1506,21,5,525900,553,278,275
1507,21,5,526000,617,310,307
1508,21,5,526100,151,80,71
1509,21,5,526200,207,107,100
1510,21,5,526300,113,52,61
1511,21,5,526400,224,98,126
1512,21,5,526500,332,151,181
1513,21,5,526600,832,418,414
1514,21,5,526700,512,253,259
1515,21,5,526800,185,92,93
1516,21,5,526900,239,114,125
1517,21,5,527000,43,19,24
1518,21,5,527100,106,54,52
1519,21,5,527200,109,59,50
1520,21,5,527300,97,50,47
1521,21,5,527400,548,259,289
1522,21,5,527500,49,31,18
1523,21,5,527600,221,107,114
1524,21,5,527700,390,187,203
1525,21,5,527800,257,134,123
1526,21,5,527900,375,191,184
1527,21,5,528000,390,194,196
1528,21,5,528100,409,196,213
1529,21,5,528200,217,98,119
1530,21,5,528300,54,25,29
1531,21,5,528400,67,34,33
1532,21,5,528500,830,424,406
1533,21,5,528600,0,0,0
1534,21,5,528700,67,35,32
1535,21,5,528800,1254,630,624
1536,21,5,528900,230,111,119
1537,21,5,529000,461,213,248
1538,21,5,529100,18,10,8
1539,21,5,529200,173,88,85
1540,21,5,529300,190,100,90
1541,21,5,529400,293,133,160
1542,21,5,529500,379,184,195
1543,21,5,529600,545,274,271
1544,21,5,529700,432,220,212
1545,21,5,529800,178,95,83
1546,21,5,529900,228,104,124
1547,21,5,530000,1039,525,514
1548,21,5,530100,160,81,79
1549,21,5,530200,175,88,87
1550,21,5,530300,256,115,141
1551,21,5,530400,280,136,144
1552,21,5,530500,79,42,37
1553,21,5,530600,89,45,44
1554,21,5,530700,474,228,246
1555,21,5,530800,723,362,361
1556,21,5,530900,282,147,135
1557,21,5,531000,1525,764,761
1558,21,5,531100,814,423,391
1559,21,5,531200,637,314,323
1560,21,5,531300,321,151,170
1561,21,5,531400,287,137,150
1562,21,5,531500,1193,594,599
1563,21,5,531600,1086,540,546
1564,21,5,531700,191,92,99
1565,21,5,531800,218,108,110
1566,21,5,531900,1314,665,649
1567,21,5,532000,323,155,168
1568,21,5,532100,540,290,250
1569,21,5,532200,186,98,88
1570,21,5,532300,794,408,386
1571,21,5,532400,180,92,88
1572,21,5,532500,129,62,67
1573,21,5,532600,13,8,5
1574,21,5,532700,294,157,137
1575,21,5,532800,156,84,72
1576,21,5,532900,866,448,418
1577,21,5,533000,141,60,81
1578,21,5,533100,36,20,16
1579,21,5,533200,104,55,49
1580,21,5,533300,1951,953,998
1581,21,5,533400,735,360,375
1582,21,5,533500,67,28,39
1583,21,5,533600,70,32,38
1584,21,5,533700,433,209,224
1585,21,5,533800,834,419,415
1586,21,5,533900,197,93,104
1587,21,5,534000,243,114,129
1588,21,5,534100,8,4,4
1589,21,5,534200,57,25,32
1590,21,5,534300,403,196,207
1591,21,5,534400,538,274,264
1592,21,5,534500,255,120,135
1593,21,5,534600,184,92,92
1594,21,5,534700,362,173,189
1595,21,5,534800,262,135,127
1596,21,5,534900,473,244,229
1597,21,5,535000,205,98,107
1598,21,5,535100,332,166,166
1599,21,5,535200,278,147,131
1600,21,5,535300,221,115,106
1601,21,5,535400,98,46,52
1602,21,5,535500,803,399,404
1603,21,5,535600,34,16,18
1604,21,5,535700,35,18,17
1605,21,5,535800,73,38,35
1606,21,5,535900,233,120,113
1607,21,5,536000,3,1,2
1608,21,5,536100,156,78,78
1609,21,5,536200,268,133,135
1610,21,5,536300,209,99,110
1611,21,5,536400,392,192,200
1612,21,5,536500,98,48,50
1613,21,5,536600,326,168,158
1614,21,5,536700,358,174,184
1615,21,5,536800,54,26,28
1616,21,5,536900,1041,510,531
1617,21,5,537000,219,110,109
1618,21,5,537100,88,45,43
1619,21,5,537200,566,289,277
1620,21,5,537300,260,127,133
1621,21,5,537400,22,9,13
1622,21,5,537500,243,114,129
1623,21,5,537600,518,272,246
1624,21,5,537700,471,231,240
1625,21,5,537800,188,91,97
1626,21,5,537900,506,266,240
1627,21,5,538000,532,269,263
1628,21,5,538100,916,467,449
1629,21,5,538200,271,138,133
1630,21,5,538300,53,25,28
1631,21,5,538400,1588,806,782
1632,21,5,538500,5273,2770,2503
1633,21,5,538600,242,114,128
1634,21,5,538700,0,0,0
1635,21,5,538800,0,0,0
1636,21,5,538900,832,400,432
1637,21,5,539000,56,31,25
1638,21,5,539100,67,39,28
1639,21,5,539200,212,101,111
1640,21,5,539300,559,276,283
1641,21,5,539400,108,51,57
1642,21,5,539500,0,0,0
1643,21,5,539600,15,8,7
1644,21,5,539700,60,28,32
1645,21,5,539800,430,210,220
1646,21,5,539900,238,123,115
1647,21,5,540000,214,113,101
1648,21,5,540100,224,108,116
1649,21,5,540200,402,201,201
1650,21,5,540300,53,30,23
1651,21,5,540400,30,17,13
1652,21,5,540500,209,101,108
1653,21,5,540600,153,71,82
1654,21,5,540700,728,364,364
1655,21,5,540800,7,4,3
1656,21,5,540900,320,159,161
1657,21,5,541000,129,72,57
1658,21,5,541100,665,329,336
1659,21,5,541200,176,97,79
1660,21,5,541300,0,0,0
1661,21,5,541400,601,280,321
1662,21,5,541500,100,50,50
1663,21,5,541600,388,196,192
1664,21,5,541700,810,394,416
1665,21,5,541800,60,28,32
1666,21,5,541900,578,286,292
1667,21,5,542000,116,55,61
1668,21,5,542100,1742,893,849
1669,21,5,542200,890,431,459
1670,21,5,542300,0,0,0
1671,21,5,542400,93,43,50
1672,21,5,542500,157,69,88
1673,21,5,542600,73,36,37
1674,21,5,542700,402,202,200
1675,21,5,542800,217,105,112
1676,21,5,542900,857,442,415
1677,21,5,543000,0,0,0
1678,21,5,543100,435,200,235
1679,21,5,543200,26,12,14
1680,21,5,543300,558,282,276
1681,21,5,543400,0,0,0
1682,21,5,543500,16,8,8
1683,21,5,543600,398,206,192
1684,21,5,543700,0,0,0
1685,21,5,543800,304,153,151
1686,21,5,543900,860,442,418
1687,21,5,544000,0,0,0
1688,21,5,544100,0,0,0
1689,21,5,544200,207,104,103
1690,21,5,544300,216,105,111
1691,21,5,544400,1326,684,642
1692,21,5,544500,491,250,241
1693,21,5,544600,470,235,235
1694,21,5,544700,270,143,127
1695,21,5,544800,485,241,244
1696,21,5,544900,543,268,275
1697,21,5,545000,141,73,68
1698,21,5,545100,68,38,30
1699,21,5,545200,338,172,166
1700,21,5,545300,113,56,57
1701,21,5,545400,184,92,92
1702,21,5,545500,545,274,271
1703,21,5,545600,76,36,40
1704,21,5,545700,147,63,84
1705,21,5,545800,75,38,37
1706,21,5,545900,58,28,30
1707,21,5,546000,672,317,355
1708,21,5,546100,35,14,21
1709,21,5,546200,1126,571,555
1710,21,5,546300,1035,507,528
1711,21,5,546400,0,0,0
1712,21,5,546500,1280,655,625
1713,21,5,546600,1233,630,603
1714,21,5,546700,248,126,122
1715,21,5,546800,306,144,162
1716,21,5,546900,492,235,257
1717,21,5,547000,0,0,0
1718,21,5,547100,707,345,362
1719,21,5,547200,472,232,240
1720,21,5,547300,449,209,240
1721,21,5,547400,18,11,7
1722,21,5,547500,273,132,141
1723,21,5,547600,46,21,25
1724,21,5,547700,1099,553,546
1725,21,5,547800,180,89,91
1726,21,5,547900,215,108,107
1727,21,5,548000,202,102,100
1728,21,5,548100,270,129,141
1729,21,5,548200,989,501,488
1730,21,5,548300,184,87,97
1731,21,5,548400,191,99,92
1732,21,5,548500,788,400,388
1733,21,5,548600,528,270,258
1734,21,5,548700,1360,748,612
1735,21,5,548800,487,249,238
1736,21,5,548900,467,246,221
1737,21,5,549000,300,149,151
1738,21,5,549100,47,24,23
1739,21,5,549200,100,46,54
1740,21,5,549300,324,158,166
1741,21,5,549400,522,250,272
1742,21,5,549500,429,219,210
1743,21,5,549600,283,139,144
1744,21,5,549700,1189,603,586
1745,21,5,549800,769,384,385
1746,21,5,549900,670,326,344
1747,21,5,550000,213,99,114
1748,21,5,550100,516,248,268
1749,21,5,550200,51,25,26
1750,21,5,550300,14,5,9
1751,21,5,550400,54,26,28
1752,21,5,550500,48,25,23
1753,21,5,550600,45,23,22
1754,21,5,550700,64,29,35
1755,21,5,550800,221,112,109
1756,21,5,550900,344,164,180
1757,21,5,551000,371,181,190
1758,21,5,551100,453,220,233
1759,21,5,551200,375,196,179
1760,21,5,551300,260,116,144
1761,21,5,551400,459,222,237
1762,21,5,551500,707,350,357
1763,21,5,551600,148,83,65
