,Statecode,Districtcode,VillageCode,Population,Males,Females
0,21,376,763900,604,303,301
1,21,376,764000,497,250,247
2,21,376,764100,184,92,92
3,21,376,764200,547,262,285
4,21,376,764300,308,144,164
5,21,376,764400,503,241,262
6,21,376,764500,922,467,455
7,21,376,764600,122,59,63
8,21,376,764700,220,106,114
9,21,376,764800,472,233,239
10,21,376,764900,228,114,114
11,21,376,765000,336,158,178
12,21,376,765100,343,170,173
13,21,376,765200,170,83,87
14,21,376,765300,886,430,456
15,21,376,765400,631,320,311
16,21,376,765500,436,212,224
17,21,376,765600,291,146,145
18,21,376,765700,603,317,286
19,21,376,765800,0,0,0
20,21,376,765900,1118,536,582
21,21,376,766000,269,127,142
22,21,376,766100,1143,570,573
23,21,376,766200,222,101,121
24,21,376,766300,278,135,143
25,21,376,766400,359,177,182
26,21,376,766500,268,142,126
27,21,376,766600,497,232,265
28,21,376,766700,640,319,321
29,21,376,766800,603,316,287
30,21,376,766900,462,232,230
31,21,376,767000,715,338,377
32,21,376,767100,608,293,315
33,21,376,767200,670,338,332
34,21,376,767300,410,190,220
35,21,376,767400,1278,662,616
36,21,376,767500,365,177,188
37,21,376,767600,514,229,285
38,21,376,767700,492,223,269
39,21,376,767800,508,234,274
40,21,376,767900,536,262,274
41,21,376,768000,338,172,166
42,21,376,768100,385,191,194
43,21,376,768200,406,206,200
44,21,376,768300,698,359,339
45,21,376,768400,590,299,291
46,21,376,768500,300,158,142
47,21,376,768600,599,284,315
48,21,376,768700,906,438,468
49,21,376,768800,899,435,464
50,21,376,768900,277,140,137
51,21,376,769000,221,108,113
52,21,376,769100,1092,546,546
53,21,376,769200,434,217,217
54,21,376,769300,239,122,117
55,21,376,769400,298,135,163
56,21,376,769500,39,21,18
57,21,376,769600,235,116,119
58,21,376,769700,201,97,104
59,21,376,769800,1739,885,854
60,21,376,769900,335,164,171
61,21,376,770000,1236,621,615
62,21,376,770100,1275,621,654
63,21,376,770200,411,207,204
64,21,376,770300,648,321,327
65,21,376,770400,357,178,179
66,21,376,770500,245,122,123
67,21,376,770600,628,321,307
68,21,376,770700,435,225,210
69,21,376,770800,115,51,64
70,21,376,770900,264,121,143
71,21,376,771000,434,199,235
72,21,376,771100,940,466,474
73,21,376,771200,497,258,239
74,21,376,771300,547,288,259
75,21,376,771400,898,453,445
76,21,376,771500,681,344,337
77,21,376,771600,396,200,196
78,21,376,771700,133,63,70
79,21,376,771800,390,182,208
80,21,376,771900,417,201,216
81,21,376,772000,268,128,140
82,21,376,772100,468,237,231
83,21,376,772200,630,325,305
84,21,376,772300,793,405,388
85,21,376,772400,0,0,0
86,21,376,772500,1463,698,765
87,21,376,772600,665,322,343
88,21,376,772700,875,435,440
89,21,376,772800,2498,1263,1235
90,21,376,772900,784,385,399
91,21,376,773000,727,354,373
92,21,376,773100,399,199,200
93,21,376,773200,331,162,169
94,21,376,773300,401,195,206
95,21,376,773400,356,185,171
96,21,376,773500,532,273,259
97,21,376,773600,505,261,244
98,21,376,773700,299,153,146
99,21,376,773800,222,111,111
100,21,376,773900,856,414,442
101,21,376,774000,209,98,111
102,21,376,774100,556,291,265
103,21,376,774200,217,96,121
104,21,376,774300,276,125,151
105,21,376,774400,539,276,263
106,21,376,774500,525,262,263
107,21,376,774600,754,376,378
108,21,376,774700,93,47,46
109,21,376,774800,224,115,109
110,21,376,774900,640,318,322
111,21,376,775000,440,232,208
112,21,376,775100,699,355,344
113,21,376,775200,0,0,0
114,21,376,775300,221,109,112
115,21,376,775400,1006,495,511
116,21,376,775500,2719,1419,1300
117,21,376,775600,303,141,162
118,21,376,775700,681,318,363
119,21,376,775800,42,24,18
120,21,376,775900,1760,875,885
121,21,376,776000,1289,635,654
122,21,376,776100,1548,782,766
123,21,376,776200,217,95,122
124,21,376,776300,113,61,52
125,21,376,776400,1497,737,760
126,21,376,776500,478,254,224
127,21,376,776600,353,179,174
128,21,376,776700,22,11,11
129,21,376,776800,698,341,357
130,21,376,776900,251,120,131
131,21,376,777000,327,162,165
132,21,376,777100,785,357,428
133,21,376,777200,475,230,245
134,21,376,777300,369,184,185
135,21,376,777400,475,237,238
136,21,376,777500,352,169,183
137,21,376,777600,447,221,226
138,21,376,777700,140,73,67
139,21,376,777800,2664,1364,1300
140,21,376,777900,642,332,310
141,21,376,778000,721,366,355
142,21,376,778100,882,439,443
143,21,376,778200,2031,1022,1009
144,21,376,778300,4126,2061,2065
145,21,376,778400,147,72,75
146,21,376,778500,282,146,136
147,21,376,778600,547,279,268
148,21,376,778700,1064,543,521
149,21,376,778800,701,357,344
150,21,376,778900,547,272,275
151,21,376,779000,320,149,171
152,21,376,779100,269,131,138
153,21,376,779200,559,290,269
154,21,376,779300,312,151,161
155,21,376,779400,286,137,149
156,21,376,779500,271,128,143
157,21,376,779600,939,463,476
158,21,376,779700,0,0,0
159,21,376,779800,1338,680,658
160,21,376,779900,1335,672,663
161,21,376,780000,0,0,0
162,21,376,780100,455,234,221
163,21,376,780200,1418,698,720
164,21,376,780300,581,296,285
165,21,376,780400,302,149,153
166,21,376,780500,219,107,112
167,21,376,780600,710,346,364
168,21,376,780700,283,141,142
169,21,376,780800,116,55,61
170,21,376,780900,595,313,282
171,21,376,781000,408,206,202
172,21,376,781100,346,165,181
173,21,376,781200,417,198,219
174,21,376,781300,424,214,210
175,21,376,781400,736,340,396
176,21,376,781500,592,307,285
177,21,376,781600,198,107,91
178,21,376,781700,293,154,139
179,21,376,781800,191,94,97
180,21,376,781900,931,461,470
181,21,376,782000,167,86,81
182,21,376,782100,106,54,52
183,21,376,782200,645,320,325
184,21,376,782300,353,168,185
185,21,376,782400,687,333,354
186,21,376,782500,231,116,115
187,21,376,782600,276,137,139
188,21,376,782700,270,122,148
189,21,376,782800,356,183,173
190,21,376,782900,586,296,290
191,21,376,783000,263,121,142
192,21,376,783100,0,0,0
193,21,376,783200,268,142,126
194,21,376,783300,121,56,65
195,21,376,783400,862,415,447
196,21,376,783500,1253,658,595
197,21,376,783600,871,452,419
198,21,376,783700,117,55,62
199,21,376,783800,121,66,55
200,21,376,783900,519,260,259
201,21,376,784000,1993,958,1035
202,21,376,784100,148,68,80
203,21,376,784200,458,215,243
204,21,376,784300,1050,506,544
205,21,376,784400,152,77,75
206,21,376,784500,395,184,211
207,21,376,784600,246,125,121
208,21,376,784700,285,143,142
209,21,376,784800,579,273,306
210,21,376,784900,692,335,357
211,21,376,785000,725,359,366
212,21,376,785100,212,102,110
213,21,376,785200,796,398,398
214,21,376,785300,439,225,214
215,21,376,785400,546,284,262
216,21,376,785500,707,346,361
217,21,376,785600,351,178,173
218,21,376,785700,723,351,372
219,21,376,785800,301,152,149
220,21,376,785900,514,244,270
221,21,376,786000,675,328,347
222,21,376,786100,531,257,274
223,21,376,786200,709,329,380
224,21,376,786300,751,357,394
225,21,376,786400,1046,522,524
226,21,376,786500,245,131,114
227,21,376,786600,495,242,253
228,21,376,786700,503,244,259
229,21,376,786800,839,428,411
230,21,376,786900,889,439,450
231,21,376,787000,305,146,159
232,21,376,787100,759,384,375
233,21,376,787200,1271,709,562
234,21,376,787300,737,361,376
235,21,376,787400,1476,721,755
236,21,376,787500,264,131,133
237,21,376,787600,1463,729,734
238,21,376,787700,101,51,50
239,21,376,787800,551,269,282
240,21,376,787900,1900,955,945
241,21,376,788000,956,460,496
242,21,376,788100,707,354,353
243,21,376,788200,418,207,211
244,21,376,788300,909,459,450
245,21,376,788400,173,79,94
246,21,376,788500,123,56,67
247,21,376,788600,915,425,490
248,21,376,788700,993,468,525
249,21,376,788800,421,197,224
250,21,376,788900,619,316,303
251,21,376,789000,696,339,357
252,21,376,789100,670,330,340
253,21,376,789200,1110,546,564
254,21,376,789300,195,100,95
255,21,376,789400,72,32,40
256,21,376,789500,0,0,0
257,21,376,789600,651,324,327
258,21,376,789700,527,266,261
259,21,376,789800,820,397,423
260,21,376,789900,271,126,145
261,21,376,790000,239,111,128
262,21,376,790100,901,439,462
263,21,376,790200,96,45,51
264,21,376,790300,375,184,191
265,21,376,790400,51,25,26
266,21,376,790500,465,223,242
267,21,376,790600,0,0,0
268,21,376,790700,849,429,420
269,21,376,790800,621,280,341
270,21,376,790900,338,170,168
271,21,376,791000,91,47,44
272,21,376,791100,104,48,56
273,21,376,791200,240,119,121
274,21,376,791300,137,69,68
275,21,376,791400,262,122,140
276,21,376,791500,310,167,143
277,21,376,791600,526,278,248
278,21,376,791700,981,503,478
279,21,376,791800,301,152,149
280,21,376,791900,206,111,95
281,21,376,792000,173,87,86
282,21,376,792100,189,93,96
283,21,376,792200,334,159,175
284,21,376,792300,529,250,279
285,21,376,792400,385,191,194
286,21,376,792500,886,424,462
287,21,376,792600,356,176,180
288,21,376,792700,122,59,63
289,21,376,792800,0,0,0
290,21,376,792900,65,33,32
291,21,376,793000,29,14,15
292,21,376,793100,111,54,57
293,21,376,793200,0,0,0
294,21,376,793300,53,27,26
295,21,376,793400,38,14,24
296,21,376,793500,137,69,68
297,21,376,793600,89,39,50
298,21,376,793700,87,45,42
299,21,376,793800,803,438,365
300,21,376,793900,469,225,244
301,21,376,794000,470,217,253
302,21,376,794100,120,63,57
303,21,376,794200,586,294,292
304,21,376,794300,727,352,375
305,21,376,794400,192,89,103
306,21,376,794500,300,149,151
307,21,376,794600,225,110,115
308,21,376,794700,794,408,386
309,21,376,794800,0,0,0
310,21,376,794900,373,173,200
311,21,376,795000,506,256,250
312,21,376,795100,1942,965,977
313,21,376,795200,13,6,7
314,21,376,795300,998,500,498
315,21,376,795400,545,246,299
316,21,376,795500,1380,698,682
317,21,376,795600,496,240,256
318,21,376,795700,1062,548,514
319,21,376,795800,193,97,96
320,21,376,795900,6,3,3
321,21,376,796000,77,36,41
322,21,376,796100,246,115,131
323,21,376,796200,35,16,19
324,21,376,796300,319,164,155
325,21,376,796400,293,148,145
326,21,376,796500,0,0,0
327,21,376,796600,295,147,148
328,21,376,796700,246,114,132
329,21,376,796800,142,61,81
330,21,376,796900,259,117,142
331,21,376,797000,400,195,205
332,21,376,797100,81,35,46
333,21,376,797200,217,111,106
334,21,376,797300,0,0,0
335,21,376,797400,180,85,95
336,21,376,797500,85,44,41
337,21,376,797600,190,88,102
338,21,376,797700,130,58,72
339,21,376,797800,343,173,170
340,21,376,797900,0,0,0
341,21,376,798000,173,90,83
342,21,376,798100,0,0,0
343,21,376,798200,169,74,95
344,21,376,798300,68,36,32
345,21,376,798400,0,0,0
346,21,376,798500,92,46,46
347,21,376,798600,33,15,18
348,21,376,798700,0,0,0
349,21,376,798800,27,13,14
350,21,376,798900,7,3,4
351,21,376,799000,0,0,0
352,21,376,799100,37,16,21
353,21,376,799200,201,100,101
354,21,376,799300,0,0,0
355,21,376,799400,118,56,62
356,21,376,799500,128,56,72
357,21,376,799600,0,0,0
358,21,376,799700,248,123,125
359,21,376,799800,330,165,165
360,21,376,799900,274,137,137
361,21,376,800000,297,144,153
362,21,376,800100,216,110,106
363,21,376,800200,927,468,459
364,21,376,800300,103,53,50
365,21,376,800400,447,206,241
366,21,376,800500,272,138,134
367,21,376,800600,0,0,0
368,21,376,800700,374,195,179
369,21,376,800800,455,229,226
370,21,376,800900,262,135,127
371,21,376,801000,210,105,105
372,21,376,801100,50,25,25
373,21,376,801200,45,28,17
374,21,376,801300,217,110,107
375,21,376,801400,68,33,35
376,21,376,801500,167,78,89
377,21,376,801600,55,27,28
378,21,376,801700,222,107,115
379,21,376,801800,167,82,85
380,21,376,801900,63,34,29
381,21,376,802000,531,257,274
382,21,376,802100,170,84,86
383,21,376,802200,294,132,162
384,21,376,802300,313,150,163
385,21,376,802400,227,118,109
386,21,376,802500,61,25,36
387,21,376,802600,531,213,318
388,21,376,802700,17,6,11
389,21,376,802800,205,108,97
390,21,376,802900,404,219,185
391,21,376,803000,472,227,245
392,21,376,803100,287,152,135
393,21,376,803200,0,0,0
394,21,376,803300,156,73,83
395,21,376,803400,344,167,177
396,21,376,803500,0,0,0
397,21,376,803600,92,50,42
398,21,376,803700,0,0,0
399,21,376,803800,363,178,185
400,21,376,803900,0,0,0
401,21,376,804000,481,236,245
402,21,376,804100,228,113,115
403,21,376,804200,476,231,245
404,21,376,804300,172,86,86
405,21,376,804400,588,298,290
406,21,376,804500,167,83,84
407,21,376,804600,786,364,422
408,21,376,804700,148,73,75
409,21,376,804800,226,104,122
410,21,376,804900,197,101,96
411,21,376,805000,56,31,25
412,21,376,805100,227,122,105
413,21,376,805200,0,0,0
414,21,376,805300,818,405,413
415,21,376,805400,262,127,135
416,21,376,805500,146,73,73
417,21,376,805600,1355,686,669
418,21,376,805700,461,235,226
419,21,376,805800,661,340,321
420,21,376,805900,769,374,395
421,21,376,806000,737,358,379
422,21,376,806100,734,346,388
423,21,376,806200,485,221,264
424,21,376,806300,726,350,376
425,21,376,806400,178,88,90
426,21,376,806500,11,4,7
427,21,376,806600,396,196,200
428,21,376,806700,1587,788,799
429,21,376,806800,557,269,288
430,21,376,806900,61,30,31
431,21,376,807000,165,76,89
432,21,376,807100,257,128,129
433,21,376,807200,0,0,0
434,21,376,807300,435,206,229
435,21,376,807400,150,76,74
436,21,376,807500,231,106,125
437,21,376,807600,678,330,348
438,21,376,807700,624,316,308
439,21,376,807800,723,349,374
440,21,376,807900,702,352,350
441,21,376,808000,399,212,187
442,21,376,808100,326,166,160
443,21,376,808200,1005,481,524
444,21,376,808300,490,243,247
445,21,376,808400,307,156,151
446,21,376,808500,978,508,470
447,21,376,808600,666,341,325
448,21,376,808700,595,301,294
449,21,376,808800,583,284,299
450,21,376,808900,517,259,258
451,21,376,809000,844,413,431
452,21,376,809100,546,251,295
453,21,376,809200,283,146,137
454,21,376,809300,631,314,317
455,21,376,809400,298,155,143
456,21,376,809500,365,179,186
457,21,376,809600,522,253,269
458,21,376,809700,399,204,195
459,21,376,809800,402,201,201
460,21,376,809900,1519,782,737
461,21,376,810000,81,42,39
462,21,376,810100,474,220,254
463,21,376,810200,958,471,487
464,21,376,810300,357,180,177
465,21,376,810400,620,304,316
466,21,376,810500,177,83,94
467,21,376,810600,1682,837,845
468,21,376,810700,406,198,208
469,21,376,810800,260,120,140
470,21,376,810900,794,387,407
471,21,376,811000,1683,838,845
472,21,376,811100,398,183,215
473,21,376,811200,105,44,61
474,21,376,811300,801,390,411
475,21,376,811400,691,340,351
476,21,376,811500,519,261,258
477,21,376,811600,300,142,158
478,21,376,811700,2289,1146,1143
479,21,376,811800,258,134,124
480,21,376,811900,496,230,266
481,21,376,812000,663,339,324
482,21,376,812100,545,271,274
483,21,376,812200,475,234,241
484,21,376,812300,480,255,225
485,21,376,812400,1073,553,520
486,21,376,812500,75,39,36
487,21,376,812600,849,398,451
488,21,376,812700,765,387,378
489,21,376,812800,251,123,128
490,21,376,812900,950,474,476
491,21,376,813000,777,374,403
492,21,376,813100,673,320,353
493,21,376,813200,471,223,248
494,21,376,813300,190,89,101
495,21,376,813400,393,200,193
496,21,376,813500,1286,622,664
497,21,376,813600,0,0,0
498,21,376,813700,335,159,176
499,21,376,813800,0,0,0
500,21,376,813900,348,168,180
501,21,376,814000,149,73,76
502,21,376,814100,877,447,430
503,21,376,814200,525,247,278
504,21,376,814300,350,174,176
505,21,376,814400,418,222,196
506,21,376,814500,242,127,115
507,21,376,814600,255,126,129
508,21,376,814700,321,157,164
509,21,376,814800,870,416,454
510,21,376,814900,264,129,135
511,21,376,815000,154,73,81
512,21,376,815100,414,197,217
513,21,376,815200,391,199,192
514,21,376,815300,291,139,152
515,21,376,815400,399,194,205
516,21,376,815500,494,262,232
517,21,376,815600,383,190,193
518,21,376,815700,145,65,80
519,21,376,815800,589,297,292
520,21,376,815900,548,273,275
521,21,376,816000,1104,563,541
522,21,376,816100,681,360,321
523,21,376,816200,238,99,139
524,21,376,816300,335,166,169
525,21,376,816400,841,430,411
526,21,376,816500,300,160,140
527,21,376,816600,255,127,128
528,21,376,816700,362,184,178
529,21,376,816800,285,139,146
530,21,376,816900,769,405,364
531,21,376,817000,398,211,187
532,21,376,817100,604,317,287
533,21,376,817200,300,142,158
534,21,376,817300,525,257,268
535,21,376,817400,333,166,167
536,21,376,817500,214,111,103
537,21,376,817600,493,257,236
538,21,376,817700,628,294,334
539,21,376,817800,271,133,138
540,21,376,817900,288,140,148
541,21,376,818000,653,342,311
542,21,376,818100,301,145,156
543,21,376,818200,48,22,26
544,21,376,818300,505,254,251
545,21,376,818400,396,197,199
546,21,376,818500,833,403,430
547,21,376,818600,143,78,65
548,21,376,818700,171,93,78
549,21,376,818800,329,164,165
550,21,376,818900,663,301,362
551,21,376,819000,155,76,79
552,21,376,819100,930,481,449
553,21,376,819200,418,217,201
554,21,376,819300,1031,506,525
555,21,376,819400,1369,691,678
556,21,376,819500,314,159,155
557,21,376,819600,106,53,53
558,21,376,819700,204,159,45
559,21,376,819800,465,232,233
560,21,376,819900,0,0,0
561,21,376,820000,53,29,24
562,21,376,820100,272,134,138
563,21,376,820200,398,201,197
564,21,376,820300,653,336,317
565,21,376,820400,486,234,252
566,21,376,820500,608,304,304
567,21,376,820600,505,236,269
568,21,376,820700,653,335,318
569,21,376,820800,207,90,117
570,21,376,820900,109,55,54
571,21,376,821000,657,312,345
572,21,376,821100,625,290,335
573,21,376,821200,1492,765,727
574,21,376,821300,1008,503,505
575,21,376,821400,502,238,264
576,21,376,821500,631,337,294
577,21,376,821600,648,305,343
578,21,376,821700,494,242,252
579,21,376,821800,380,192,188
580,21,376,821900,652,315,337
581,21,376,822000,861,423,438
582,21,376,822100,155,73,82
583,21,376,822200,429,199,230
584,21,376,822300,320,156,164
585,21,376,822400,374,188,186
586,21,376,822500,508,259,249
587,21,376,822600,244,122,122
588,21,376,822700,444,204,240
589,21,376,822800,844,422,422
590,21,376,822900,310,163,147
591,21,376,823000,715,363,352
592,21,376,823100,502,246,256
593,21,376,823200,338,164,174
594,21,376,823300,748,367,381
595,21,376,823400,914,458,456
596,21,376,823500,165,86,79
597,21,376,823600,1057,531,526
598,21,376,823700,314,168,146
599,21,376,823800,2265,1123,1142
600,21,376,823900,999,512,487
601,21,376,824000,482,235,247
602,21,376,824100,950,473,477
603,21,376,824200,2265,1139,1126
604,21,376,824300,289,150,139
605,21,376,824400,396,195,201
606,21,376,824500,439,218,221
607,21,376,824600,846,424,422
608,21,376,824700,878,466,412
609,21,376,824800,1122,553,569
610,21,376,824900,867,442,425
611,21,376,825000,150,73,77
612,21,376,825100,441,212,229
613,21,376,825200,123,62,61
614,21,376,825300,361,204,157
615,21,376,825400,689,344,345
616,21,376,825500,1022,489,533
617,21,376,825600,118,51,67
618,21,376,825700,693,344,349
619,21,376,825800,0,0,0
620,21,376,825900,82,36,46
621,21,376,826000,196,111,85
622,21,376,826100,323,162,161
623,21,376,826200,219,117,102
624,21,376,826300,257,123,134
625,21,376,826400,217,106,111
626,21,376,826500,244,114,130
627,21,376,826600,239,112,127
628,21,376,826700,2583,1274,1309
629,21,376,826800,299,157,142
630,21,376,826900,612,300,312
631,21,376,827000,204,95,109
632,21,376,827100,601,284,317
633,21,376,827200,735,374,361
634,21,376,827300,461,228,233
635,21,376,827400,540,256,284
636,21,376,827500,961,467,494
637,21,376,827600,267,126,141
638,21,376,827700,564,264,300
639,21,376,827800,586,279,307
640,21,376,827900,503,242,261
641,21,376,828000,351,173,178
642,21,376,828100,746,355,391
643,21,376,828200,773,374,399
644,21,376,828300,130,64,66
645,21,376,828400,519,251,268
646,21,376,828500,138,69,69
647,21,376,828600,1466,724,742
648,21,376,828700,196,100,96
649,21,376,828800,329,151,178
650,21,376,828900,24,13,11
651,21,376,829000,145,69,76
652,21,376,829100,637,304,333
653,21,376,829200,523,258,265
654,21,376,829300,233,123,110
655,21,376,829400,0,0,0
656,21,376,829500,1009,520,489
657,21,376,829600,181,83,98
658,21,376,829700,355,164,191
659,21,376,829800,257,126,131
660,21,376,829900,73,39,34
661,21,376,830000,0,0,0
662,21,376,830100,234,121,113
663,21,376,830200,157,78,79
664,21,376,830300,293,140,153
665,21,376,830400,190,94,96
666,21,376,830500,0,0,0
667,21,376,830600,0,0,0
668,21,376,830700,256,122,134
669,21,376,830800,71,37,34
670,21,376,830900,191,94,97
671,21,376,831000,184,89,95
672,21,376,831100,358,182,176
673,21,376,831200,163,77,86
674,21,376,831300,74,39,35
675,21,376,831400,310,149,161
676,21,376,831500,138,62,76
677,21,376,831600,447,219,228
678,21,376,831700,369,185,184
679,21,376,831800,190,92,98
680,21,376,831900,295,152,143
681,21,376,832000,855,433,422
682,21,376,832100,344,169,175
683,21,376,832200,366,173,193
684,21,376,832300,480,240,240
685,21,376,832400,459,209,250
686,21,376,832500,851,408,443
687,21,376,832600,505,249,256
688,21,376,832700,281,146,135
689,21,376,832800,614,303,311
690,21,376,832900,230,117,113
691,21,376,833000,440,222,218
692,21,376,833100,214,106,108
693,21,376,833200,95,46,49
694,21,376,833300,420,228,192
695,21,376,833400,205,102,103
696,21,376,833500,728,366,362
697,21,376,833600,569,299,270
698,21,376,833700,437,223,214
699,21,376,833800,262,135,127
700,21,376,833900,296,159,137
701,21,376,834000,153,74,79
702,21,376,834100,391,196,195
703,21,376,834200,268,127,141
704,21,376,834300,427,196,231
705,21,376,834400,0,0,0
706,21,376,834500,364,176,188
707,21,376,834600,0,0,0
708,21,376,834700,47,23,24
709,21,376,834800,0,0,0
710,21,376,834900,176,86,90
711,21,376,835000,447,220,227
712,21,376,835100,191,96,95
713,21,376,835200,6,2,4
714,21,376,835300,0,0,0
715,21,376,835400,202,106,96
716,21,376,835500,143,73,70
717,21,376,835600,271,139,132
718,21,376,835700,409,205,204
719,21,376,835800,104,51,53
720,21,376,835900,242,112,130
721,21,376,836000,225,106,119
722,21,376,836100,115,58,57
723,21,376,836200,389,174,215
724,21,376,836300,462,218,244
725,21,376,836400,457,215,242
726,21,376,836500,146,71,75
727,21,376,836600,515,270,245
728,21,376,836700,480,229,251
729,21,376,836800,0,0,0
730,21,376,836900,125,55,70
731,21,376,837000,486,236,250
732,21,376,837100,0,0,0
733,21,376,837200,760,365,395
734,21,376,837300,294,148,146
735,21,376,837400,387,186,201
736,21,376,837500,342,172,170
737,21,376,837600,453,223,230
738,21,376,837700,64,38,26
739,21,376,837800,967,479,488
740,21,376,837900,316,148,168
741,21,376,838000,662,330,332
742,21,376,838100,65,32,33
743,21,376,838200,0,0,0
744,21,376,838300,44,18,26
745,21,376,838400,0,0,0
746,21,376,838500,409,192,217
747,21,376,838600,117,59,58
748,21,376,838700,367,184,183
749,21,376,838800,650,317,333
750,21,376,838900,626,307,319
751,21,376,839000,102,47,55
752,21,376,839100,557,271,286
753,21,376,839200,693,346,347
754,21,376,839300,884,433,451
755,21,376,839400,346,167,179
756,21,376,839500,211,102,109
757,21,376,839600,523,240,283
758,21,376,839700,496,236,260
759,21,376,839800,397,212,185
760,21,376,839900,1132,566,566
761,21,376,840000,515,255,260
762,21,376,840100,340,162,178
763,21,376,840200,130,56,74
764,21,376,840300,238,112,126
765,21,376,840400,185,89,96
766,21,376,840500,700,342,358
767,21,376,840600,791,369,422
768,21,376,840700,720,355,365
769,21,376,840800,893,457,436
770,21,376,840900,825,424,401
771,21,376,841000,298,151,147
772,21,376,841100,639,332,307
773,21,376,841200,388,185,203
774,21,376,841300,166,80,86
775,21,376,841400,45,22,23
776,21,376,841500,92,50,42
777,21,376,841600,245,118,127
778,21,376,841700,391,184,207
779,21,376,841800,78,42,36
780,21,376,841900,447,217,230
781,21,376,842000,140,67,73
782,21,376,842100,309,159,150
783,21,376,842200,565,273,292
784,21,376,842300,867,416,451
785,21,376,842400,613,307,306
786,21,376,842500,106,55,51
787,21,376,842600,611,296,315
788,21,376,842700,2571,1366,1205
789,21,376,842800,477,233,244
790,21,376,842900,858,445,413
791,21,376,843000,292,149,143
792,21,376,843100,403,204,199
793,21,376,843200,204,89,115
794,21,376,843300,167,78,89
795,21,376,843400,1117,599,518
796,21,376,843500,503,262,241
797,21,376,843600,583,336,247
798,21,376,843700,269,127,142
799,21,376,843800,143,68,75
800,21,376,843900,290,144,146
801,21,376,844000,164,75,89
802,21,376,844100,464,220,244
803,21,376,844200,297,150,147
804,21,376,844300,318,162,156
805,21,376,844400,132,67,65
806,21,376,844500,360,177,183
807,21,376,844600,733,339,394
808,21,376,844700,696,352,344
809,21,376,844800,776,398,378
810,21,376,844900,358,197,161
811,21,376,845000,337,170,167
812,21,376,845100,788,415,373
813,21,376,845200,453,234,219
814,21,376,845300,55,29,26
815,21,376,845400,638,318,320
816,21,376,845500,480,243,237
817,21,376,845600,746,361,385
818,21,376,845700,108,53,55
819,21,376,845800,99,49,50
820,21,376,845900,174,90,84
821,21,376,846000,285,134,151
822,21,376,846100,1028,503,525
823,21,376,846200,314,148,166
824,21,376,846300,42,31,11
825,21,376,846400,314,159,155
826,21,376,846500,921,469,452
827,21,376,846600,145,75,70
828,21,376,846700,175,91,84
829,21,376,846800,122,57,65
830,21,376,846900,1019,508,511
831,21,376,847000,447,229,218
832,21,376,847100,612,308,304
833,21,376,847200,138,67,71
834,21,376,847300,655,304,351
835,21,376,847400,402,204,198
836,21,376,847500,69,36,33
837,21,376,847600,582,290,292
838,21,376,847700,513,259,254
839,21,376,847800,630,320,310
840,21,376,847900,384,212,172
841,21,376,848000,276,151,125
842,21,376,848100,439,213,226
843,21,376,848200,318,162,156
844,21,376,848300,1822,960,862
845,21,376,848400,0,0,0
846,21,376,848500,663,340,323
847,21,376,848600,226,120,106
848,21,376,848700,67,31,36
849,21,376,848800,126,65,61
850,21,376,848900,55,29,26
851,21,376,849000,186,93,93
852,21,376,849100,1068,525,543
853,21,376,849200,535,280,255
854,21,376,849300,220,113,107
855,21,376,849400,10,5,5
856,21,376,849500,549,273,276
857,21,376,849600,400,202,198
858,21,376,849700,408,184,224
859,21,376,849800,39,16,23
860,21,376,849900,938,459,479
861,21,376,850000,295,148,147
862,21,376,850100,435,214,221
863,21,376,850200,156,78,78
864,21,376,850300,644,318,326
865,21,376,850400,240,116,124
866,21,376,850500,525,268,257
867,21,376,850600,503,254,249
868,21,376,850700,265,126,139
869,21,376,850800,190,100,90
870,21,376,850900,145,73,72
871,21,376,851000,294,143,151
872,21,376,851100,166,78,88
873,21,376,851200,141,69,72
874,21,376,851300,2738,1386,1352
875,21,376,851400,1056,523,533
876,21,376,851500,780,386,394
877,21,376,851600,13,6,7
878,21,376,851700,128,66,62
879,21,376,851800,232,113,119
880,21,376,851900,11,6,5
881,21,376,852000,501,251,250
882,21,376,852100,27,15,12
883,21,376,852200,347,178,169
884,21,376,852300,223,109,114
885,21,376,852400,79,42,37
886,21,376,852500,831,424,407
887,21,376,852600,163,77,86
888,21,376,852700,399,191,208
889,21,376,852800,441,226,215
890,21,376,852900,71,37,34
891,21,376,853000,0,0,0
892,21,376,853100,162,100,62
893,21,376,853200,237,121,116
894,21,376,853300,543,282,261
895,21,376,853400,178,89,89
896,21,376,853500,11,6,5
897,21,376,853600,0,0,0
898,21,376,853700,483,250,233
899,21,376,853800,102,51,51
900,21,376,853900,0,0,0
901,21,376,854000,341,167,174
902,21,376,854100,197,108,89
903,21,376,854200,537,266,271
904,21,376,854300,963,487,476
905,21,376,854400,0,0,0
906,21,376,854500,0,0,0
907,21,376,854600,0,0,0
908,21,376,854700,1379,704,675
909,21,376,854800,42,20,22
910,21,376,854900,265,139,126
911,21,376,855000,168,85,83
912,21,376,855100,228,119,109
913,21,376,855200,441,229,212
914,21,376,855300,521,278,243
915,21,376,855400,122,64,58
916,21,376,855500,1028,514,514
917,21,376,855600,2075,1049,1026
918,21,376,855700,3,3,0
919,21,376,855800,173,100,73
920,21,376,855900,282,136,146
921,21,376,856000,159,78,81
922,21,376,856100,836,453,383
923,21,376,856200,0,0,0
924,21,376,856300,405,205,200
925,21,376,856400,51,31,20
926,21,376,856500,572,313,259
927,21,376,856600,474,233,241
928,21,376,856700,225,125,100
929,21,376,856800,47,25,22
930,21,376,856900,259,129,130
931,21,376,857000,148,68,80
932,21,376,857100,127,63,64
933,21,376,857200,5,3,2
934,21,376,857300,246,135,111
935,21,376,857400,0,0,0
936,21,376,857500,0,0,0
937,21,376,857600,532,273,259
938,21,376,857700,431,217,214
939,21,376,857800,420,207,213
940,21,376,857900,0,0,0
941,21,376,858000,575,287,288
942,21,376,858100,255,126,129
943,21,376,858200,594,299,295
944,21,376,858300,69,35,34
945,21,376,858400,850,469,381
946,21,376,858500,287,145,142
947,21,376,858600,302,153,149
948,21,376,858700,234,107,127
949,21,376,858800,235,116,119
950,21,376,858900,163,71,92
951,21,376,859000,346,186,160
952,21,376,859100,576,279,297
953,21,376,859200,362,186,176
954,21,376,859300,141,69,72
955,21,376,859400,268,129,139
956,21,376,859500,179,85,94
957,21,376,859600,418,215,203
958,21,376,859700,381,201,180
959,21,376,859800,268,140,128
960,21,376,859900,135,72,63
961,21,376,860000,99,47,52
962,21,376,860100,439,222,217
963,21,376,860200,246,117,129
964,21,376,860300,451,223,228
965,21,376,860400,234,119,115
966,21,376,860500,130,68,62
967,21,376,860600,52,26,26
968,21,376,860700,134,66,68
969,21,376,860800,510,257,253
970,21,376,860900,48,22,26
971,21,376,861000,147,74,73
972,21,376,861100,224,110,114
973,21,376,861200,437,218,219
974,21,376,861300,508,285,223
975,21,376,861400,123,67,56
976,21,376,861500,224,106,118
977,21,376,861600,169,85,84
978,21,376,861700,463,230,233
979,21,376,861800,0,0,0
980,21,376,861900,0,0,0
981,21,376,862000,0,0,0
982,21,376,862100,175,80,95
983,21,376,862200,176,84,92
984,21,376,862300,183,88,95
985,21,376,862400,89,42,47
986,21,376,862500,75,36,39
987,21,376,862600,380,188,192
988,21,376,862700,55,27,28
989,21,376,862800,131,62,69
990,21,376,862900,205,103,102
991,21,376,863000,124,58,66
992,21,376,863100,66,33,33
993,21,376,863200,90,49,41
994,21,376,863300,48,22,26
995,21,376,863400,154,91,63
996,21,376,863500,95,50,45
997,21,376,863600,74,38,36
998,21,376,863700,137,59,78
999,21,376,863800,117,67,50
1000,21,376,863900,19,10,9
1001,21,376,864000,0,0,0
1002,21,376,864100,25,16,9
1003,21,376,864200,448,212,236
1004,21,376,864300,1509,744,765
1005,21,376,864400,365,176,189
1006,21,376,864500,165,84,81
1007,21,376,864600,347,175,172
1008,21,376,864700,352,168,184
1009,21,376,864800,1274,645,629
1010,21,376,864900,297,160,137
1011,21,376,865000,851,441,410
1012,21,376,865100,425,216,209
1013,21,376,865200,227,116,111
1014,21,376,865300,111,64,47
1015,21,376,865400,313,163,150
1016,21,376,865500,213,107,106
1017,21,376,865600,242,122,120
1018,21,376,865700,770,396,374
1019,21,376,865800,78,42,36
1020,21,376,865900,291,150,141
1021,21,376,866000,295,163,132
1022,21,376,866100,417,201,216
1023,21,376,866200,500,250,250
1024,21,376,866300,379,182,197
1025,21,376,866400,821,415,406
1026,21,376,866500,929,466,463
1027,21,376,866600,306,137,169
1028,21,376,866700,295,150,145
1029,21,376,866800,413,202,211
1030,21,376,866900,257,128,129
1031,21,376,867000,245,122,123
1032,21,376,867100,200,113,87
1033,21,376,867200,119,64,55
1034,21,376,867300,135,71,64
1035,21,376,867400,49,22,27
1036,21,376,867500,469,218,251
1037,21,376,867600,369,166,203
1038,21,376,867700,812,385,427
1039,21,376,867800,325,158,167
1040,21,376,867900,838,421,417
1041,21,376,868000,365,173,192
1042,21,376,868100,560,281,279
1043,21,376,868200,859,459,400
1044,21,376,868300,206,106,100
1045,21,376,868400,413,204,209
1046,21,376,868500,232,118,114
1047,21,376,868600,375,190,185
1048,21,376,868700,633,314,319
1049,21,376,868800,1140,556,584
1050,21,376,868900,382,183,199
1051,21,376,869000,309,150,159
1052,21,376,869100,475,251,224
1053,21,376,869200,43,23,20
1054,21,376,869300,24,12,12
1055,21,376,869400,257,138,119
1056,21,376,869500,542,289,253
1057,21,376,869600,718,378,340
1058,21,376,869700,596,303,293
1059,21,376,869800,152,78,74
1060,21,376,869900,642,302,340
1061,21,376,870000,76,41,35
1062,21,376,870100,2408,1252,1156
1063,21,376,870200,608,313,295
1064,21,376,870300,331,163,168
1065,21,376,870400,313,150,163
1066,21,376,870500,189,89,100
1067,21,376,870600,99,51,48
1068,21,376,870700,612,309,303
1069,21,376,870800,757,397,360
1070,21,376,870900,335,162,173
1071,21,376,871000,629,324,305
1072,21,376,871100,953,466,487
1073,21,376,871200,295,156,139
1074,21,376,871300,353,194,159
1075,21,376,871400,455,241,214
1076,21,376,871500,192,98,94
1077,21,376,871600,367,188,179
1078,21,376,871700,443,237,206
1079,21,376,871800,349,179,170
1080,21,376,871900,801,400,401
1081,21,376,872000,626,342,284
1082,21,376,872100,532,265,267
1083,21,376,872200,240,116,124
1084,21,376,872300,33,12,21
1085,21,376,872400,394,197,197
1086,21,376,872500,640,345,295
1087,21,376,872600,361,195,166
1088,21,376,872700,354,166,188
1089,21,376,872800,207,96,111
1090,21,376,872900,194,99,95
1091,21,376,873000,230,117,113
1092,21,376,873100,1071,552,519
1093,21,376,873200,491,249,242
1094,21,376,873300,88,47,41
1095,21,376,873400,210,113,97
1096,21,376,873500,294,146,148
1097,21,376,873600,375,190,185
1098,21,376,873700,391,198,193
1099,21,376,873800,595,295,300
1100,21,376,873900,235,125,110
1101,21,376,874000,1688,852,836
1102,21,376,874100,250,127,123
1103,21,376,874200,979,474,505
1104,21,376,874300,384,204,180
1105,21,376,874400,317,158,159
1106,21,376,874500,577,298,279
1107,21,376,874600,105,59,46
1108,21,376,874700,245,126,119
1109,21,376,874800,36,18,18
1110,21,376,874900,289,153,136
1111,21,376,875000,219,116,103
1112,21,376,875100,231,142,89
1113,21,376,875200,686,353,333
1114,21,376,875300,298,149,149
1115,21,376,875400,166,84,82
1116,21,376,875500,0,0,0
1117,21,376,875600,102,59,43
1118,21,376,875700,0,0,0
1119,21,376,875800,292,142,150
1120,21,376,875900,357,191,166
1121,21,376,876000,0,0,0
1122,21,376,876100,3,1,2
1123,21,376,876200,1,1,0
1124,21,376,876300,990,505,485
1125,21,376,876400,0,0,0
1126,21,376,876500,0,0,0
1127,21,376,876600,57,29,28
1128,21,376,876700,373,196,177
1129,21,376,876800,21,11,10
1130,21,376,876900,142,67,75
1131,21,376,877000,332,187,145
1132,21,376,877100,1175,628,547
1133,21,376,877200,219,117,102
1134,21,376,877300,144,71,73
1135,21,376,877400,234,116,118
1136,21,376,877500,116,52,64
1137,21,376,877600,139,69,70
1138,21,376,877700,75,40,35
1139,21,376,877800,163,99,64
1140,21,376,877900,89,47,42
1141,21,376,878000,111,58,53
1142,21,376,878100,497,245,252
1143,21,376,878200,116,62,54
1144,21,376,878300,168,89,79
1145,21,376,878400,57,27,30
1146,21,376,878500,250,130,120
1147,21,376,878600,306,151,155
1148,21,376,878700,117,61,56
1149,21,376,878800,11,2,9
1150,21,376,878900,368,181,187
1151,21,376,879000,1102,571,531
1152,21,376,879100,419,219,200
1153,21,376,879200,413,225,188
1154,21,376,879300,113,62,51
1155,21,376,879400,658,320,338
1156,21,376,879500,0,0,0
1157,21,376,879600,866,441,425
1158,21,376,879700,241,139,102
1159,21,376,879800,527,268,259
1160,21,376,879900,50,29,21
1161,21,376,880000,886,469,417
1162,21,376,880100,245,119,126
1163,21,376,880200,95,50,45
1164,21,376,880300,106,54,52
1165,21,376,880400,99,53,46
1166,21,376,880500,531,280,251
1167,21,376,880600,268,131,137
1168,21,376,880700,113,55,58
1169,21,376,880800,212,111,101
1170,21,376,880900,184,91,93
1171,21,376,881000,101,50,51
1172,21,376,881100,213,105,108
1173,21,376,881200,698,354,344
1174,21,376,881300,465,234,231
1175,21,376,881400,447,226,221
1176,21,376,881500,0,0,0
1177,21,376,881600,567,285,282
1178,21,376,881700,0,0,0
1179,21,376,881800,0,0,0
1180,21,376,881900,459,236,223
1181,21,376,882000,221,119,102
1182,21,376,882100,89,50,39
1183,21,376,882200,483,251,232
1184,21,376,882300,0,0,0
1185,21,376,882400,0,0,0
1186,21,376,882500,293,150,143
1187,21,376,882600,249,124,125
1188,21,376,882700,111,61,50
1189,21,376,882800,157,79,78
1190,21,376,882900,447,208,239
1191,21,376,883000,223,114,109
1192,21,376,883100,1604,1065,539
1193,21,376,883200,247,123,124
1194,21,376,883300,162,83,79
1195,21,376,883400,1741,905,836
1196,21,376,883500,407,191,216
1197,21,376,883600,183,84,99
1198,21,376,883700,245,119,126
1199,21,376,883800,1747,875,872
1200,21,376,883900,863,450,413
1201,21,376,884000,186,99,87
1202,21,376,884100,104,56,48
1203,21,376,884200,500,245,255
1204,21,376,884300,499,248,251
1205,21,376,884400,354,183,171
1206,21,376,884500,254,122,132
1207,21,376,884600,0,0,0
1208,21,376,884700,217,106,111
1209,21,376,884800,164,78,86
1210,21,376,884900,332,169,163
1211,21,376,885000,524,261,263
1212,21,376,885100,32,15,17
1213,21,376,885200,1552,806,746
1214,21,376,885300,3,1,2
1215,21,376,885400,0,0,0
1216,21,376,885500,60,27,33
1217,21,376,885600,1391,662,729
1218,21,376,885700,247,119,128
1219,21,376,885800,0,0,0
1220,21,376,885900,336,174,162
1221,21,376,886000,262,143,119
1222,21,376,886100,100,50,50
1223,21,376,886200,273,138,135
1224,21,376,886300,107,56,51
1225,21,376,886400,43,18,25
1226,21,376,886500,0,0,0
1227,21,376,886600,0,0,0
1228,21,376,886700,1173,627,546
1229,21,376,886800,80,44,36
1230,21,376,886900,653,334,319
1231,21,376,887000,845,423,422
1232,21,376,887100,426,210,216
1233,21,376,887200,1317,685,632
1234,21,376,887300,109,56,53
1235,21,376,887400,642,345,297
1236,21,376,887500,795,418,377
1237,21,376,887600,229,117,112
1238,21,376,887700,810,417,393
1239,21,376,887800,97,46,51
1240,21,376,887900,105,58,47
1241,21,376,888000,49,22,27
1242,21,376,888100,644,328,316
1243,21,376,888200,199,93,106
1244,21,376,888300,65,28,37
1245,21,376,888400,348,190,158
1246,21,376,888500,209,104,105
1247,21,376,888600,262,136,126
1248,21,376,888700,265,134,131
1249,21,376,888800,72,39,33
1250,21,376,888900,189,90,99
1251,21,376,889000,563,287,276
1252,21,376,889100,1019,546,473
1253,21,376,889200,276,139,137
1254,21,376,889300,247,122,125
1255,21,376,889400,1,0,1
1256,21,376,889500,317,166,151
1257,21,376,889600,200,102,98
1258,21,376,889700,212,115,97
1259,21,376,889800,106,57,49
1260,21,376,889900,339,179,160
1261,21,376,890000,668,326,342
1262,21,376,890100,457,226,231
1263,21,376,890200,204,103,101
1264,21,376,890300,1093,573,520
1265,21,376,890400,638,324,314
1266,21,376,890500,454,217,237
1267,21,376,890600,308,157,151
1268,21,376,890700,832,547,285
1269,21,376,890800,701,330,371
1270,21,376,890900,68,34,34
1271,21,376,891000,293,136,157
1272,21,376,891100,159,86,73
1273,21,376,891200,1007,511,496
1274,21,376,891300,93,50,43
1275,21,376,891400,202,99,103
1276,21,376,891500,407,211,196
1277,21,376,891600,435,220,215
1278,21,376,891700,861,441,420
1279,21,376,891800,112,56,56
1280,21,376,891900,319,157,162
1281,21,376,892000,627,324,303
1282,21,376,892100,111,53,58
1283,21,376,892200,251,122,129
1284,21,376,892300,588,298,290
1285,21,376,892400,0,0,0
1286,21,376,892500,136,68,68
1287,21,376,892600,198,91,107
1288,21,376,892700,188,92,96
1289,21,376,892800,412,200,212
1290,21,376,892900,664,326,338
1291,21,376,893000,279,142,137
1292,21,376,893100,271,133,138
1293,21,376,893200,147,68,79
1294,21,376,893300,234,117,117
1295,21,376,893400,156,78,78
1296,21,376,893500,340,175,165
1297,21,376,893600,0,0,0
1298,21,376,893700,798,391,407
1299,21,376,893800,917,470,447
1300,21,376,893900,838,406,432
1301,21,376,894000,537,281,256
1302,21,376,894100,430,203,227
1303,21,376,894200,40,22,18
1304,21,376,894300,240,113,127
1305,21,376,894400,347,181,166
1306,21,376,894500,89,44,45
1307,21,376,894600,39,21,18
1308,21,376,894700,458,212,246
1309,21,376,894800,740,386,354
1310,21,376,894900,186,94,92
1311,21,376,895000,419,218,201
1312,21,376,895100,600,320,280
1313,21,376,895200,598,314,284
1314,21,376,895300,204,102,102
1315,21,376,895400,396,194,202
1316,21,376,895500,660,348,312
1317,21,376,895600,338,161,177
1318,21,376,895700,234,128,106
1319,21,376,895800,167,82,85
1320,21,376,895900,0,0,0
1321,21,376,896000,0,0,0
1322,21,376,896100,1115,539,576
1323,21,376,896200,491,250,241
1324,21,376,896300,307,163,144
1325,21,376,896400,176,89,87
1326,21,376,896500,230,122,108
1327,21,376,896600,576,290,286
1328,21,376,896700,0,0,0
1329,21,376,896800,911,480,431
1330,21,376,896900,547,289,258
1331,21,376,897000,589,300,289
1332,21,376,897100,44,19,25
1333,21,376,897200,232,126,106
1334,21,376,897300,359,187,172
1335,21,376,897400,253,121,132
1336,21,376,897500,251,129,122
1337,21,376,897600,540,273,267
1338,21,376,897700,357,184,173
1339,21,376,897800,1031,512,519
1340,21,376,897900,103,55,48
1341,21,376,898000,917,464,453
1342,21,376,898100,814,449,365
1343,21,376,898200,559,279,280
1344,21,376,898300,408,215,193
1345,21,376,898400,730,376,354
1346,21,376,898500,1009,514,495
1347,21,376,898600,424,213,211
1348,21,376,898700,353,188,165
1349,21,376,898800,626,316,310
1350,21,376,898900,491,268,223
1351,21,376,899000,0,0,0
1352,21,376,899100,359,185,174
1353,21,376,899200,212,111,101
1354,21,376,899300,52,25,27
1355,21,376,899400,689,329,360
1356,21,376,899500,783,382,401
1357,21,376,899600,361,198,163
1358,21,376,899700,0,0,0
1359,21,376,899800,89,46,43
1360,21,376,899900,0,0,0
1361,21,376,900000,238,122,116
1362,21,376,900100,435,224,211
1363,21,376,900200,425,218,207
1364,21,376,900300,391,189,202
1365,21,376,900400,481,244,237
1366,21,376,900500,543,273,270
1367,21,376,900600,531,265,266
1368,21,376,900700,304,154,150
1369,21,376,900800,231,116,115
1370,21,376,900900,374,191,183
1371,21,376,901000,218,111,107
1372,21,376,901100,335,167,168
1373,21,376,901200,471,234,237
1374,21,376,901300,73,35,38
1375,21,376,901400,932,471,461
1376,21,376,901500,404,217,187
1377,21,376,901600,447,224,223
1378,21,376,901700,198,100,98
1379,21,376,901800,708,353,355
1380,21,376,901900,185,90,95
1381,21,376,902000,84,43,41
1382,21,376,902100,310,165,145
1383,21,376,902200,408,206,202
1384,21,376,902300,706,346,360
1385,21,376,902400,429,224,205
1386,21,376,902500,1168,574,594
1387,21,376,902600,422,212,210
1388,21,376,902700,90,47,43
1389,21,376,902800,173,92,81
1390,21,376,902900,232,129,103
1391,21,376,903000,174,93,81
1392,21,376,903100,322,160,162
1393,21,376,903200,377,182,195
1394,21,376,903300,381,213,168
1395,21,376,903400,135,64,71
1396,21,376,903500,215,101,114
1397,21,376,903600,357,174,183
1398,21,376,903700,85,45,40
1399,21,376,903800,34,15,19
1400,21,376,903900,0,0,0
1401,21,376,904000,0,0,0
1402,21,376,904100,1274,666,608
1403,21,376,904200,251,129,122
1404,21,376,904300,205,104,101
1405,21,376,904400,328,168,160
1406,21,376,904500,426,214,212
1407,21,376,904600,190,91,99
1408,21,376,904700,559,279,280
1409,21,376,904800,614,312,302
1410,21,376,904900,335,164,171
1411,21,376,905000,518,263,255
1412,21,376,905100,1374,696,678
1413,21,376,905200,848,411,437
1414,21,376,905300,0,0,0
1415,21,376,905400,749,380,369
1416,21,376,905500,1240,633,607
1417,21,376,905600,247,124,123
1418,21,376,905700,77,43,34
1419,21,376,905800,1019,481,538
1420,21,376,905900,132,63,69
1421,21,376,906000,0,0,0
1422,21,376,906100,0,0,0
1423,21,376,906200,127,60,67
1424,21,376,906300,0,0,0
1425,21,376,906400,55,30,25
1426,21,376,906500,0,0,0
1427,21,376,906600,0,0,0
1428,21,376,906700,0,0,0
1429,21,376,906800,820,421,399
1430,21,376,906900,133,83,50
1431,21,376,907000,548,281,267
1432,21,376,907100,0,0,0
1433,21,376,907200,890,461,429
1434,21,376,907300,292,147,145
1435,21,376,907400,6,3,3
1436,21,376,907500,36,24,12
1437,21,376,907600,231,122,109
1438,21,376,907700,433,217,216
1439,21,376,907800,704,354,350
1440,21,376,907900,0,0,0
1441,21,376,908000,0,0,0
1442,21,376,908100,352,190,162
1443,21,376,908200,482,246,236
1444,21,376,908300,478,241,237
1445,21,376,908400,0,0,0
1446,21,376,908500,142,67,75
1447,21,376,908600,249,139,110
1448,21,376,908700,448,217,231
1449,21,376,908800,394,199,195
1450,21,376,908900,381,193,188
1451,21,376,909000,475,246,229
1452,21,376,909100,277,147,130
1453,21,376,909200,209,103,106
1454,21,376,909300,6,3,3
1455,21,376,909400,0,0,0
1456,21,376,909500,190,92,98
1457,21,376,909600,89,46,43
1458,21,376,909700,172,94,78
1459,21,376,909800,56,31,25
1460,21,376,909900,20,8,12
1461,21,376,910000,0,0,0
1462,21,376,910100,430,217,213
1463,21,376,910200,33,15,18
1464,21,376,910300,33,18,15
1465,21,376,910400,37,16,21
1466,21,376,910500,602,307,295
1467,21,376,910600,468,245,223
1468,21,376,910700,111,53,58
1469,21,376,910800,113,59,54
1470,21,376,910900,43,22,21
1471,21,376,911000,0,0,0
1472,21,376,911100,54,30,24
1473,21,376,911200,304,153,151
1474,21,376,911300,143,68,75
1475,21,376,911400,0,0,0
1476,21,376,911500,0,0,0
1477,21,376,911600,12,5,7
1478,21,376,911700,316,164,152
1479,21,376,911800,181,92,89
1480,21,376,911900,266,144,122
1481,21,376,912000,98,48,50
1482,21,376,912100,545,283,262
1483,21,376,912200,0,0,0
1484,21,376,912300,350,181,169
1485,21,376,912400,284,140,144
1486,21,376,912500,366,180,186
1487,21,376,912600,78,35,43
1488,21,376,912700,67,39,28
1489,21,376,912800,584,294,290
1490,21,376,912900,656,279,377
1491,21,376,913000,345,178,167
1492,21,376,913100,222,114,108
1493,21,376,913200,227,110,117
1494,21,376,913300,156,82,74
1495,21,376,913400,1135,586,549
1496,21,376,913500,0,0,0
1497,21,376,913600,334,164,170
1498,21,376,913700,22,8,14
1499,21,376,913800,0,0,0
1500,21,376,913900,0,0,0
1501,21,376,914000,0,0,0
1502,21,376,914100,93,46,47
1503,21,376,914200,392,188,204
1504,21,376,914300,0,0,0
1505,21,376,914400,62,31,31
1506,21,376,914500,300,150,150
1507,21,376,914600,408,218,190
1508,21,376,914700,220,107,113
1509,21,376,914800,107,52,55
1510,21,376,914900,0,0,0
1511,21,376,915000,453,223,230
1512,21,376,915100,261,134,127
1513,21,376,915200,0,0,0
1514,21,376,915300,143,75,68
1515,21,376,915400,60,27,33
1516,21,376,915500,19,9,10
1517,21,376,915600,0,0,0
1518,21,376,915700,62,30,32
1519,21,376,915800,178,89,89
1520,21,376,915900,342,171,171
1521,21,376,916000,720,369,351
1522,21,376,916100,390,184,206
1523,21,376,916200,765,384,381
1524,21,376,916300,390,195,195
1525,21,376,916400,2058,1083,975
1526,21,376,916500,824,421,403
1527,21,376,916600,372,193,179
1528,21,376,916700,301,150,151
1529,21,376,916800,774,402,372
1530,21,376,916900,781,377,404
1531,21,376,917000,607,287,320
1532,21,376,917100,793,391,402
1533,21,376,917200,382,171,211
1534,21,376,917300,332,151,181
1535,21,376,917400,229,106,123
1536,21,376,917500,267,128,139
1537,21,376,917600,973,491,482
1538,21,376,917700,257,123,134
1539,21,376,917800,125,59,66
1540,21,376,917900,33,18,15
1541,21,376,918000,1312,679,633
1542,21,376,918100,0,0,0
1543,21,376,918200,0,0,0
1544,21,376,918300,0,0,0
1545,21,376,918400,190,103,87
1546,21,376,918500,78,42,36
1547,21,376,918600,33,18,15
1548,21,376,918700,133,65,68
1549,21,376,918800,437,226,211
1550,21,376,918900,114,60,54
1551,21,376,919000,401,206,195
1552,21,376,919100,218,125,93
1553,21,376,919200,734,402,332
1554,21,376,919300,526,251,275
1555,21,376,919400,111,55,56
1556,21,376,919500,15,9,6
1557,21,376,919600,348,180,168
1558,21,376,919700,17,12,5
1559,21,376,919800,18,8,10
1560,21,376,919900,0,0,0
1561,21,376,920000,0,0,0
1562,21,376,920100,0,0,0
1563,21,376,920200,0,0,0
1564,21,376,920300,0,0,0
1565,21,376,920400,1,1,0
1566,21,376,920500,167,81,86
1567,21,376,920600,54,26,28
1568,21,376,920700,18,6,12
1569,21,376,920800,488,245,243
1570,21,376,920900,39,21,18
1571,21,376,921000,0,0,0
1572,21,376,921100,395,202,193
1573,21,376,921200,363,179,184
1574,21,376,921300,301,156,145
1575,21,376,921400,55,22,33
1576,21,376,921500,579,296,283
1577,21,376,921600,179,89,90
1578,21,376,921700,449,222,227
1579,21,376,921800,102,51,51
1580,21,376,921900,35,20,15
1581,21,376,922000,399,191,208
1582,21,376,922100,353,166,187
1583,21,376,922200,272,146,126
1584,21,376,922300,1132,582,550
1585,21,376,922400,565,281,284
1586,21,376,922500,246,119,127
1587,21,376,922600,373,175,198
1588,21,376,922700,586,289,297
1589,21,376,922800,738,394,344
1590,21,376,922900,1185,597,588
1591,21,376,923000,682,356,326
1592,21,376,923100,0,0,0
1593,21,376,923200,758,387,371
1594,21,376,923300,21,9,12
1595,21,376,923400,301,149,152
1596,21,376,923500,1402,715,687
1597,21,376,923600,160,71,89
1598,21,376,923700,411,217,194
1599,21,376,923800,957,472,485
1600,21,376,923900,386,201,185
1601,21,376,924000,370,189,181
1602,21,376,924100,795,410,385
1603,21,376,924200,296,145,151
1604,21,376,924300,769,396,373
1605,21,376,924400,1346,656,690
1606,21,376,924500,1317,678,639
1607,21,376,924600,468,256,212
1608,21,376,924700,683,346,337
1609,21,376,924800,14,8,6
1610,21,376,924900,827,407,420
1611,21,376,925000,0,0,0
1612,21,376,925100,134,71,63
1613,21,376,925200,497,255,242
1614,21,376,925300,495,245,250
1615,21,376,925400,755,385,370
1616,21,376,925500,603,315,288
1617,21,376,925600,829,439,390
1618,21,376,925700,705,346,359
1619,21,376,925800,502,262,240
1620,21,376,925900,267,132,135
1621,21,376,926000,2398,1191,1207
1622,21,376,926100,163,79,84
1623,21,376,926200,441,241,200
1624,21,376,926300,461,231,230
1625,21,376,926400,1319,670,649
1626,21,376,926500,733,360,373
1627,21,376,926600,77,41,36
1628,21,376,926700,0,0,0
1629,21,376,926800,458,236,222
1630,21,376,926900,122,61,61
1631,21,376,927000,421,212,209
1632,21,376,927100,826,421,405
1633,21,376,927200,33,17,16
1634,21,376,927300,434,213,221
1635,21,376,927400,700,357,343
1636,21,376,927500,679,350,329
1637,21,376,927600,763,370,393
1638,21,376,927700,947,484,463
1639,21,376,927800,0,0,0
1640,21,376,927900,786,407,379
1641,21,376,928000,537,269,268
1642,21,376,928100,190,94,96
1643,21,376,928200,1309,671,638
1644,21,376,928300,732,383,349
1645,21,376,928400,812,425,387
1646,21,376,928500,581,295,286
1647,21,376,928600,238,108,130
1648,21,376,928700,745,383,362
1649,21,376,928800,272,139,133
1650,21,376,928900,289,155,134
1651,21,376,929000,340,182,158
1652,21,376,929100,1759,903,856
1653,21,376,929200,515,265,250
1654,21,376,929300,916,491,425
1655,21,376,929400,336,182,154
1656,21,376,929500,713,368,345
1657,21,376,929600,862,449,413
1658,21,376,929700,808,403,405
1659,21,376,929800,216,114,102
1660,21,376,929900,327,178,149
1661,21,376,930000,169,90,79
1662,21,376,930100,689,357,332
1663,21,376,930200,231,145,86
1664,21,376,930300,563,289,274
1665,21,376,930400,295,141,154
1666,21,376,930500,544,257,287
1667,21,376,930600,293,161,132
1668,21,376,930700,239,122,117
1669,21,376,930800,352,172,180
1670,21,376,930900,324,171,153
1671,21,376,931000,308,169,139
1672,21,376,931100,418,217,201
1673,21,376,931200,374,179,195
1674,21,376,931300,89,40,49
1675,21,376,931400,401,209,192
1676,21,376,931500,340,195,145
1677,21,376,931600,136,67,69
1678,21,376,931700,100,52,48
1679,21,376,931800,803,424,379
1680,21,376,931900,519,283,236
1681,21,376,932000,451,224,227
1682,21,376,932100,597,318,279
1683,21,376,932200,577,297,280
1684,21,376,932300,94,47,47
1685,21,376,932400,213,110,103
1686,21,376,932500,0,0,0
1687,21,376,932600,212,106,106
1688,21,376,932700,187,90,97
1689,21,376,932800,309,170,139
1690,21,376,932900,223,111,112
1691,21,376,933000,439,229,210
1692,21,376,933100,308,156,152
1693,21,376,933200,156,70,86
1694,21,376,933300,335,171,164
1695,21,376,933400,122,60,62
1696,21,376,933500,274,145,129
1697,21,376,933600,157,74,83
1698,21,376,933700,908,480,428
1699,21,376,933800,261,125,136
1700,21,376,933900,212,106,106
1701,21,376,934000,579,271,308
1702,21,376,934100,711,352,359
1703,21,376,934200,0,0,0
1704,21,376,934300,0,0,0
1705,21,376,934400,0,0,0
1706,21,376,934500,1298,675,623
1707,21,376,934600,0,0,0
1708,21,376,934700,294,153,141
1709,21,376,934800,51,26,25
1710,21,376,934900,531,273,258
1711,21,376,935000,402,204,198
1712,21,376,935100,0,0,0
1713,21,376,935200,491,237,254
1714,21,376,935300,255,122,133
1715,21,376,935400,335,168,167
1716,21,376,935500,391,202,189
1717,21,376,935600,354,176,178
1718,21,376,935700,403,209,194
1719,21,376,935800,581,309,272
1720,21,376,935900,333,161,172
1721,21,376,936000,102,50,52
1722,21,376,936100,619,310,309
1723,21,376,936200,65,31,34
1724,21,376,936300,423,217,206
1725,21,376,936400,620,302,318
1726,21,376,936500,128,55,73
1727,21,376,936600,419,211,208
1728,21,376,936700,185,104,81
1729,21,376,936800,274,142,132
1730,21,376,936900,180,96,84
1731,21,376,937000,184,101,83
1732,21,376,937100,219,135,84
1733,21,376,937200,225,114,111
1734,21,376,937300,391,199,192
1735,21,376,937400,331,164,167
1736,21,376,937500,396,197,199
1737,21,376,937600,292,149,143
1738,21,376,937700,548,263,285
1739,21,376,937800,1651,774,877
1740,21,376,937900,97,50,47
1741,21,376,938000,376,175,201
1742,21,376,938100,455,222,233
1743,21,376,938200,430,210,220
1744,21,376,938300,187,95,92
1745,21,376,938400,927,459,468
1746,21,376,938500,252,130,122
1747,21,376,938600,761,431,330
1748,21,376,938700,197,93,104
1749,21,376,938800,504,252,252
1750,21,376,938900,800,392,408
1751,21,376,939000,648,325,323
1752,21,376,939100,99,48,51
1753,21,376,939200,384,198,186
1754,21,376,939300,352,181,171
1755,21,376,939400,522,277,245
1756,21,376,939500,292,146,146
1757,21,376,939600,508,244,264
1758,21,376,939700,440,230,210
1759,21,376,939800,542,270,272
1760,21,376,939900,189,90,99
1761,21,376,940000,70,33,37
1762,21,376,940100,358,196,162
1763,21,376,940200,217,111,106
1764,21,376,940300,278,132,146
1765,21,376,940400,407,210,197
1766,21,376,940500,395,201,194
1767,21,376,940600,180,87,93
1768,21,376,940700,0,0,0
1769,21,376,940800,94,49,45
1770,21,376,940900,500,252,248
1771,21,376,941000,90,50,40
1772,21,376,941100,114,65,49
1773,21,376,941200,391,188,203
1774,21,376,941300,389,207,182
1775,21,376,941400,613,298,315
1776,21,376,941500,586,314,272
1777,21,376,941600,234,128,106
1778,21,376,941700,1061,516,545
1779,21,376,941800,414,207,207
1780,21,376,941900,196,111,85
1781,21,376,942000,458,239,219
1782,21,376,942100,207,103,104
1783,21,376,942200,418,206,212
1784,21,376,942300,99,53,46
1785,21,376,942400,593,294,299
1786,21,376,942500,415,207,208
1787,21,376,942600,325,162,163
1788,21,376,942700,120,57,63
1789,21,376,942800,337,190,147
1790,21,376,942900,285,146,139
1791,21,376,943000,286,151,135
1792,21,376,943100,365,190,175
1793,21,376,943200,366,217,149
1794,21,376,943300,414,216,198
1795,21,376,943400,126,63,63
1796,21,376,943500,126,61,65
1797,21,376,943600,176,97,79
1798,21,376,943700,638,326,312
1799,21,376,943800,169,80,89
1800,21,376,943900,478,233,245
1801,21,376,944000,452,218,234
1802,21,376,944100,542,273,269
1803,21,376,944200,137,79,58
1804,21,376,944300,163,86,77
1805,21,376,944400,1425,707,718
1806,21,376,944500,493,251,242
1807,21,376,944600,653,338,315
1808,21,376,944700,630,320,310
1809,21,376,944800,263,132,131
1810,21,376,944900,448,234,214
1811,21,376,945000,891,460,431
1812,21,376,945100,19,12,7
1813,21,376,945200,369,182,187
1814,21,376,945300,399,191,208
1815,21,376,945400,197,110,87
1816,21,376,945500,114,58,56
1817,21,376,945600,978,458,520
1818,21,376,945700,297,148,149
1819,21,376,945800,751,396,355
1820,21,376,945900,0,0,0
1821,21,376,946000,340,157,183
1822,21,376,946100,957,485,472
1823,21,376,946200,996,514,482
1824,21,376,946300,611,299,312
1825,21,376,946400,220,106,114
1826,21,376,946500,1143,591,552
1827,21,376,946600,513,262,251
1828,21,376,946700,311,161,150
1829,21,376,946800,245,114,131
1830,21,376,946900,596,314,282
1831,21,376,947000,347,191,156
1832,21,376,947100,438,222,216
1833,21,376,947200,346,187,159
1834,21,376,947300,653,334,319
1835,21,376,947400,0,0,0
1836,21,376,947500,463,229,234
1837,21,376,947600,156,79,77
1838,21,376,947700,326,153,173
1839,21,376,947800,670,360,310
1840,21,376,947900,784,404,380
1841,21,376,948000,848,414,434
1842,21,376,948100,762,395,367
1843,21,376,948200,296,168,128
1844,21,376,948300,201,111,90
1845,21,376,948400,1075,445,630
1846,21,376,948500,322,156,166
1847,21,376,948600,237,124,113
1848,21,376,948700,255,127,128
1849,21,376,948800,187,90,97
1850,21,376,948900,363,182,181
1851,21,376,949000,307,150,157
1852,21,376,949100,648,333,315
1853,21,376,949200,1139,590,549
1854,21,376,949300,709,380,329
1855,21,376,949400,403,202,201
1856,21,376,949500,0,0,0
1857,21,376,949600,92,44,48
1858,21,376,949700,271,142,129
1859,21,376,949800,232,122,110
1860,21,376,949900,594,307,287
1861,21,376,950000,750,392,358
1862,21,376,950100,508,245,263
1863,21,376,950200,503,255,248
1864,21,376,950300,82,41,41
1865,21,376,950400,866,443,423
1866,21,376,950500,336,162,174
1867,21,376,950600,418,208,210
1868,21,376,950700,195,98,97
1869,21,376,950800,519,269,250
1870,21,376,950900,372,199,173
1871,21,376,951000,421,206,215
1872,21,376,951100,406,203,203
1873,21,376,951200,812,398,414
1874,21,376,951300,149,78,71
1875,21,376,951400,631,330,301
1876,21,376,951500,475,241,234
1877,21,376,951600,547,273,274
1878,21,376,951700,363,181,182
1879,21,376,951800,428,212,216
1880,21,376,951900,218,111,107
1881,21,376,952000,506,257,249
1882,21,376,952100,329,168,161
1883,21,376,952200,274,129,145
1884,21,376,952300,0,0,0
1885,21,376,952400,1008,498,510
1886,21,376,952500,767,389,378
1887,21,376,952600,173,95,78
1888,21,376,952700,329,163,166
1889,21,376,952800,994,487,507
1890,21,376,952900,929,491,438
1891,21,376,953000,243,128,115
1892,21,376,953100,640,328,312
1893,21,376,953200,177,83,94
1894,21,376,953300,0,0,0
1895,21,376,953400,522,262,260
1896,21,376,953500,1347,670,677
1897,21,376,953600,458,239,219
1898,21,376,953700,1185,596,589
1899,21,376,953800,834,417,417
1900,21,376,953900,581,281,300
1901,21,376,954000,283,139,144
1902,21,376,954100,173,86,87
1903,21,376,954200,106,54,52
1904,21,376,954300,525,282,243
1905,21,376,954400,208,107,101
1906,21,376,954500,223,105,118
1907,21,376,954600,282,145,137
1908,21,376,954700,308,146,162
1909,21,376,954800,226,122,104
1910,21,376,954900,235,112,123
1911,21,376,955000,291,149,142
1912,21,376,955100,506,256,250
1913,21,376,955200,966,494,472
1914,21,376,955300,485,234,251
1915,21,376,955400,517,256,261
1916,21,376,955500,1844,901,943
1917,21,376,955600,397,200,197
1918,21,376,955700,949,470,479
1919,21,376,955800,0,0,0
1920,21,376,955900,400,194,206
1921,21,376,956000,1414,727,687
1922,21,376,956100,655,326,329
1923,21,376,956200,338,177,161
1924,21,376,956300,601,301,300
1925,21,376,956400,2495,1219,1276
1926,21,376,956500,178,83,95
1927,21,376,956600,1403,706,697
1928,21,376,956700,382,201,181
1929,21,376,956800,721,384,337
1930,21,376,956900,875,447,428
1931,21,376,957000,810,402,408
1932,21,376,957100,414,201,213
1933,21,376,957200,138,69,69
1934,21,376,957300,408,200,208
1935,21,376,957400,485,232,253
1936,21,376,957500,507,257,250
1937,21,376,957600,190,92,98
1938,21,376,957700,468,223,245
1939,21,376,957800,80,38,42
1940,21,376,957900,692,360,332
1941,21,376,958000,340,180,160
1942,21,376,958100,540,286,254
1943,21,376,958200,860,404,456
1944,21,376,958300,398,204,194
1945,21,376,958400,1771,890,881
1946,21,376,958500,1137,582,555
1947,21,376,958600,455,242,213
1948,21,376,958700,128,66,62
1949,21,376,958800,665,322,343
1950,21,376,958900,262,134,128
1951,21,376,959000,329,169,160
1952,21,376,959100,64,27,37
1953,21,376,959200,370,195,175
1954,21,376,959300,1561,802,759
1955,21,376,959400,510,256,254
1956,21,376,959500,458,240,218
1957,21,376,959600,366,170,196
1958,21,376,959700,178,88,90
1959,21,376,959800,417,215,202
1960,21,376,959900,361,178,183
1961,21,376,960000,129,78,51
1962,21,376,960100,114,54,60
1963,21,376,960200,379,194,185
1964,21,376,960300,428,197,231
1965,21,376,960400,187,97,90
1966,21,376,960500,116,58,58
1967,21,376,960600,350,182,168
1968,21,376,960700,249,123,126
1969,21,376,960800,696,348,348
1970,21,376,960900,151,76,75
1971,21,376,961000,216,105,111
1972,21,376,961100,424,221,203
1973,21,376,961200,0,0,0
1974,21,376,961300,195,100,95
1975,21,376,961400,193,95,98
1976,21,376,961500,431,235,196
1977,21,376,961600,37,16,21
1978,21,376,961700,1244,627,617
1979,21,376,961800,270,138,132
1980,21,376,961900,185,89,96
1981,21,376,962000,0,0,0
1982,21,376,962100,177,80,97
1983,21,376,962200,175,82,93
1984,21,376,962300,585,256,329
1985,21,376,962400,195,102,93
1986,21,376,962500,244,122,122
1987,21,376,962600,0,0,0
1988,21,376,962700,73,36,37
1989,21,376,962800,715,340,375
1990,21,376,962900,400,196,204
1991,21,376,963000,2036,1050,986
1992,21,376,963100,979,512,467
1993,21,376,963200,457,225,232
1994,21,376,963300,90,50,40
1995,21,376,963400,316,161,155
1996,21,376,963500,1693,889,804
1997,21,376,963600,406,205,201
1998,21,376,963700,357,184,173
1999,21,376,963800,1316,655,661
2000,21,376,963900,781,381,400
2001,21,376,964000,376,186,190
2002,21,376,964100,427,208,219
2003,21,376,964200,436,222,214
2004,21,376,964300,475,244,231
2005,21,376,964400,741,379,362
2006,21,376,964500,1260,668,592
2007,21,376,964600,554,303,251
2008,21,376,964700,113,55,58
2009,21,376,964800,894,451,443
2010,21,376,964900,491,249,242
2011,21,376,965000,351,173,178
2012,21,376,965100,543,278,265
2013,21,376,965200,345,159,186
2014,21,376,965300,359,190,169
2015,21,376,965400,201,100,101
2016,21,376,965500,498,251,247
2017,21,376,965600,2276,1158,1118
2018,21,376,965700,1104,570,534
2019,21,376,965800,217,107,110
2020,21,376,965900,257,137,120
2021,21,376,966000,271,142,129
2022,21,376,966100,853,425,428
2023,21,376,966200,506,263,243
2024,21,376,966300,486,238,248
2025,21,376,966400,120,60,60
2026,21,376,966500,211,110,101
2027,21,376,966600,77,35,42
2028,21,376,966700,234,120,114
2029,21,376,966800,567,276,291
2030,21,376,966900,154,78,76
2031,21,376,967000,3765,1888,1877
2032,21,376,967100,1148,536,612
2033,21,376,967200,97,45,52
2034,21,376,967300,457,232,225
2035,21,376,967400,117,63,54
2036,21,376,967500,427,217,210
2037,21,376,967600,421,214,207
2038,21,376,967700,894,452,442
2039,21,376,967800,477,244,233
2040,21,376,967900,16,10,6
2041,21,376,968000,276,139,137
2042,21,376,968100,3264,1672,1592
2043,21,376,968200,1117,563,554
2044,21,376,968300,162,80,82
2045,21,376,968400,491,252,239
2046,21,376,968500,970,511,459
2047,21,376,968600,1558,812,746
2048,21,376,968700,2934,1484,1450
2049,21,376,968800,968,497,471
2050,21,376,968900,181,93,88
2051,21,376,969000,650,346,304
2052,21,376,969100,497,252,245
2053,21,376,969200,580,298,282
2054,21,376,969300,375,190,185
2055,21,376,969400,338,170,168
2056,21,376,969500,234,122,112
2057,21,376,969600,1274,687,587
2058,21,376,969700,745,368,377
2059,21,376,969800,1516,757,759
2060,21,376,969900,669,343,326
2061,21,376,970000,92,43,49
2062,21,376,970100,202,108,94
2063,21,376,970200,123,63,60
2064,21,376,970300,354,188,166
2065,21,376,970400,59,29,30
2066,21,376,970500,270,129,141
2067,21,376,970600,450,220,230
2068,21,376,970700,231,124,107
2069,21,376,970800,281,131,150
2070,21,376,970900,434,214,220
2071,21,376,971000,604,295,309
2072,21,376,971100,213,111,102
2073,21,376,971200,82,43,39
2074,21,376,971300,283,140,143
2075,21,376,971400,596,296,300
2076,21,376,971500,550,271,279
2077,21,376,971600,255,132,123
2078,21,376,971700,176,86,90
2079,21,376,971800,72,39,33
2080,21,376,971900,407,211,196
2081,21,376,972000,56,30,26
2082,21,376,972100,244,122,122
2083,21,376,972200,170,83,87
2084,21,376,972300,588,308,280
2085,21,376,972400,83,48,35
2086,21,376,972500,379,192,187
2087,21,376,972600,301,150,151
2088,21,376,972700,62,30,32
2089,21,376,972800,102,47,55
2090,21,376,972900,799,410,389
2091,21,376,973000,1098,553,545
2092,21,376,973100,111,50,61
2093,21,376,973200,295,141,154
2094,21,376,973300,332,170,162
2095,21,376,973400,15,6,9
2096,21,376,973500,777,375,402
2097,21,376,973600,75,41,34
2098,21,376,973700,1233,609,624
2099,21,376,973800,187,92,95
2100,21,376,973900,55,27,28
2101,21,376,974000,884,441,443
2102,21,376,974100,726,357,369
2103,21,376,974200,218,107,111
2104,21,376,974300,1252,659,593
2105,21,376,974400,614,297,317
2106,21,376,974500,501,256,245
2107,21,376,974600,710,359,351
2108,21,376,974700,618,288,330
2109,21,376,974800,484,242,242
2110,21,376,974900,298,150,148
2111,21,376,975000,531,257,274
2112,21,376,975100,141,68,73
2113,21,376,975200,598,277,321
2114,21,376,975300,733,353,380
2115,21,376,975400,193,105,88
2116,21,376,975500,406,212,194
2117,21,376,975600,0,0,0
2118,21,376,975700,123,56,67
2119,21,376,975800,19,9,10
2120,21,376,975900,297,163,134
2121,21,376,976000,385,196,189
2122,21,376,976100,152,75,77
2123,21,376,976200,263,128,135
2124,21,376,976300,209,100,109
2125,21,376,976400,364,179,185
2126,21,376,976500,148,76,72
2127,21,376,976600,111,61,50
2128,21,376,976700,569,276,293
2129,21,376,976800,104,52,52
2130,21,376,976900,118,55,63
2131,21,376,977000,420,216,204
2132,21,376,977100,177,87,90
2133,21,376,977200,526,274,252
2134,21,376,977300,95,45,50
2135,21,376,977400,1061,532,529
2136,21,376,977500,630,319,311
2137,21,376,977600,413,215,198
2138,21,376,977700,754,394,360
2139,21,376,977800,543,283,260
2140,21,376,977900,28,13,15
2141,21,376,978000,331,158,173
2142,21,376,978100,342,171,171
2143,21,376,978200,203,97,106
2144,21,376,978300,202,92,110
2145,21,376,978400,297,142,155
2146,21,376,978500,221,107,114
2147,21,376,978600,163,78,85
2148,21,376,978700,149,72,77
2149,21,376,978800,253,135,118
2150,21,376,978900,1293,656,637
2151,21,376,979000,1028,594,434
2152,21,376,979100,131,67,64
2153,21,376,979200,0,0,0
2154,21,376,979300,61,27,34
2155,21,376,979400,878,452,426
2156,21,376,979500,366,181,185
2157,21,376,979600,531,297,234
2158,21,376,979700,622,317,305
2159,21,376,979800,642,329,313
2160,21,376,979900,967,489,478
2161,21,376,980000,114,57,57
2162,21,376,980100,1513,774,739
2163,21,376,980200,550,268,282
2164,21,376,980300,748,357,391
2165,21,376,980400,259,134,125
2166,21,376,980500,876,432,444
2167,21,376,980600,0,0,0
2168,21,376,980700,0,0,0
2169,21,376,980800,0,0,0
2170,21,376,980900,112,49,63
2171,21,376,981000,784,399,385
2172,21,376,981100,403,208,195
2173,21,376,981200,210,113,97
2174,21,376,981300,232,127,105
2175,21,376,981400,250,125,125
2176,21,376,981500,233,117,116
2177,21,376,981600,204,95,109
2178,21,376,981700,178,95,83
2179,21,376,981800,811,444,367
2180,21,376,981900,268,126,142
2181,21,376,982000,241,124,117
2182,21,376,982100,766,379,387
2183,21,376,982200,79,37,42
2184,21,376,982300,96,43,53
2185,21,376,982400,1697,916,781
2186,21,376,982500,671,331,340
2187,21,376,982600,340,173,167
2188,21,376,982700,424,207,217
2189,21,376,982800,125,72,53
2190,21,376,982900,380,204,176
2191,21,376,983000,412,211,201
2192,21,376,983100,167,83,84
2193,21,376,983200,72,30,42
2194,21,376,983300,246,121,125
2195,21,376,983400,117,52,65
2196,21,376,983500,266,125,141
2197,21,376,983600,68,33,35
2198,21,376,983700,685,353,332
2199,21,376,983800,93,40,53
2200,21,376,983900,257,136,121
2201,21,376,984000,255,139,116
2202,21,376,984100,445,221,224
2203,21,376,984200,674,340,334
2204,21,376,984300,72,37,35
2205,21,376,984400,285,147,138
2206,21,376,984500,921,459,462
2207,21,376,984600,166,85,81
2208,21,376,984700,122,61,61
2209,21,376,984800,83,45,38
2210,21,376,984900,614,313,301
2211,21,376,985000,251,129,122
2212,21,376,985100,1992,1030,962
2213,21,376,985200,1020,536,484
2214,21,376,985300,114,55,59
2215,21,376,985400,85,44,41
2216,21,376,985500,673,325,348
2217,21,376,985600,245,137,108
2218,21,376,985700,0,0,0
2219,21,376,985800,117,60,57
2220,21,376,985900,1755,848,907
2221,21,376,986000,479,246,233
2222,21,376,986100,279,150,129
2223,21,376,986200,837,414,423
2224,21,376,986300,357,178,179
2225,21,376,986400,228,111,117
2226,21,376,986500,236,123,113
2227,21,376,986600,313,151,162
2228,21,376,986700,295,158,137
2229,21,376,986800,833,414,419
2230,21,376,986900,264,132,132
2231,21,376,987000,592,304,288
2232,21,376,987100,722,372,350
2233,21,376,987200,594,303,291
2234,21,376,987300,407,194,213
2235,21,376,987400,487,227,260
2236,21,376,987500,94,48,46
2237,21,376,987600,106,55,51
2238,21,376,987700,667,263,404
2239,21,376,987800,178,90,88
2240,21,376,987900,363,190,173
2241,21,376,988000,417,201,216
2242,21,376,988100,441,212,229
2243,21,376,988200,269,138,131
2244,21,376,988300,0,0,0
2245,21,376,988400,614,325,289
2246,21,376,988500,624,313,311
2247,21,376,988600,251,118,133
2248,21,376,988700,184,90,94
2249,21,376,988800,497,249,248
2250,21,376,988900,187,95,92
2251,21,376,989000,151,76,75
2252,21,376,989100,0,0,0
2253,21,376,989200,168,84,84
2254,21,376,989300,402,200,202
2255,21,376,989400,626,307,319
2256,21,376,989500,255,120,135
2257,21,376,989600,339,166,173
2258,21,376,989700,370,191,179
2259,21,376,989800,0,0,0
2260,21,376,989900,140,72,68
2261,21,376,990000,109,61,48
2262,21,376,990100,0,0,0
2263,21,376,990200,199,100,99
2264,21,376,990300,684,351,333
2265,21,376,990400,791,396,395
2266,21,376,990500,817,410,407
2267,21,376,990600,2052,1022,1030
2268,21,376,990700,695,320,375
2269,21,376,990800,238,124,114
2270,21,376,990900,1527,760,767
2271,21,376,991000,967,476,491
2272,21,376,991100,458,233,225
2273,21,376,991200,185,88,97
2274,21,376,991300,0,0,0
2275,21,376,991400,245,131,114
2276,21,376,991500,408,219,189
2277,21,376,991600,251,122,129
2278,21,376,991700,0,0,0
2279,21,376,991800,385,206,179
2280,21,376,991900,235,119,116
2281,21,376,992000,150,73,77
2282,21,376,992100,2292,1140,1152
2283,21,376,992200,475,238,237
2284,21,376,992300,104,52,52
2285,21,376,992400,269,134,135
2286,21,376,992500,179,94,85
2287,21,376,992600,522,266,256
2288,21,376,992700,303,170,133
2289,21,376,992800,307,153,154
2290,21,376,992900,117,55,62
2291,21,376,993000,0,0,0
2292,21,376,993100,134,67,67
2293,21,376,993200,472,254,218
2294,21,376,993300,500,247,253
2295,21,376,993400,0,0,0
2296,21,376,993500,269,140,129
2297,21,376,993600,454,229,225
2298,21,376,993700,121,62,59
2299,21,376,993800,212,102,110
2300,21,376,993900,336,162,174
2301,21,376,994000,229,105,124
2302,21,376,994100,694,354,340
2303,21,376,994200,178,88,90
2304,21,376,994300,359,182,177
2305,21,376,994400,361,195,166
2306,21,376,994500,1176,620,556
2307,21,376,994600,410,203,207
2308,21,376,994700,416,214,202
2309,21,376,994800,248,126,122
2310,21,376,994900,869,415,454
2311,21,376,995000,337,163,174
2312,21,376,995100,101,53,48
2313,21,376,995200,134,58,76
2314,21,376,995300,236,107,129
2315,21,376,995400,1090,560,530
2316,21,376,995500,453,231,222
2317,21,376,995600,647,305,342
2318,21,376,995700,189,89,100
2319,21,376,995800,343,178,165
2320,21,376,995900,167,75,92
2321,21,376,996000,76,36,40
2322,21,376,996100,332,166,166
2323,21,376,996200,570,288,282
2324,21,376,996300,626,318,308
2325,21,376,996400,475,247,228
2326,21,376,996500,514,273,241
2327,21,376,996600,229,117,112
2328,21,376,996700,610,325,285
2329,21,376,996800,123,57,66
2330,21,376,996900,296,149,147
2331,21,376,997000,368,182,186
2332,21,376,997100,381,193,188
2333,21,376,997200,1106,596,510
2334,21,376,997300,430,215,215
2335,21,376,997400,408,200,208
2336,21,376,997500,148,75,73
2337,21,376,997600,120,59,61
2338,21,376,997700,206,107,99
2339,21,376,997800,415,202,213
2340,21,376,997900,38,19,19
2341,21,376,998000,310,160,150
2342,21,376,998100,0,0,0
2343,21,376,998200,43,19,24
2344,21,376,998300,253,130,123
2345,21,376,998400,230,116,114
2346,21,376,998500,0,0,0
2347,21,376,998600,400,196,204
2348,21,376,998700,326,160,166
2349,21,376,998800,716,390,326
2350,21,376,998900,237,118,119
2351,21,376,999000,444,233,211
2352,21,376,999100,426,206,220
2353,21,376,999200,173,88,85
2354,21,376,999300,225,123,102
2355,21,376,999400,866,451,415
2356,21,376,999500,576,295,281
2357,21,376,999600,480,233,247
2358,21,376,999700,184,98,86
2359,21,376,999800,151,78,73
2360,21,376,999900,339,173,166
2361,21,376,1000000,357,173,184
2362,21,376,1000100,638,329,309
2363,21,376,1000200,601,303,298
2364,21,376,1000300,1222,621,601
2365,21,376,1000400,290,186,104
2366,21,376,1000500,160,81,79
2367,21,376,1000600,881,435,446
2368,21,376,1000700,405,201,204
2369,21,376,1000800,207,100,107
2370,21,376,1000900,145,77,68
2371,21,376,1001000,38,21,17
2372,21,376,1001100,66,31,35
2373,21,376,1001200,482,255,227
2374,21,376,1001300,617,340,277
2375,21,376,1001400,462,228,234
2376,21,376,1001500,453,226,227
2377,21,376,1001600,557,282,275
2378,21,376,1001700,779,389,390
2379,21,376,1001800,3337,1676,1661
2380,21,376,1001900,597,313,284
2381,21,376,1002000,3078,1537,1541
2382,21,376,1002100,390,201,189
2383,21,376,1002200,224,112,112
2384,21,376,1002300,345,170,175
2385,21,376,1002400,72,33,39
2386,21,376,1002500,0,0,0
2387,21,376,1002600,587,293,294
2388,21,376,1002700,95,45,50
2389,21,376,1002800,44,22,22
2390,21,376,1002900,251,139,112
2391,21,376,1003000,318,149,169
2392,21,376,1003100,171,87,84
2393,21,376,1003200,380,195,185
2394,21,376,1003300,35,35,0
2395,21,376,1003400,407,195,212
2396,21,376,1003500,862,428,434
2397,21,376,1003600,405,212,193
2398,21,376,1003700,465,244,221
2399,21,376,1003800,821,419,402
2400,21,376,1003900,966,489,477
2401,21,376,1004000,406,195,211
2402,21,376,1004100,333,174,159
2403,21,376,1004200,243,144,99
2404,21,376,1004300,89,49,40
2405,21,376,1004400,203,101,102
2406,21,376,1004500,324,159,165
2407,21,376,1004600,257,134,123
2408,21,376,1004700,273,146,127
2409,21,376,1004800,155,79,76
2410,21,376,1004900,457,236,221
2411,21,376,1005000,786,394,392
2412,21,376,1005100,147,72,75
2413,21,376,1005200,184,92,92
2414,21,376,1005300,151,70,81
2415,21,376,1005400,489,245,244
2416,21,376,1005500,1076,508,568
2417,21,376,1005600,616,311,305
2418,21,376,1005700,324,162,162
2419,21,376,1005800,102,54,48
2420,21,376,1005900,426,218,208
2421,21,376,1006000,626,310,316
2422,21,376,1006100,328,172,156
2423,21,376,1006200,0,0,0
2424,21,376,1006300,0,0,0
2425,21,376,1006400,1850,925,925
2426,21,376,1006500,350,169,181
2427,21,376,1006600,1338,695,643
2428,21,376,1006700,257,135,122
2429,21,376,1006800,284,145,139
2430,21,376,1006900,155,85,70
2431,21,376,1007000,171,84,87
2432,21,376,1007100,431,219,212
2433,21,376,1007200,288,149,139
2434,21,376,1007300,538,273,265
2435,21,376,1007400,217,109,108
2436,21,376,1007500,208,97,111
2437,21,376,1007600,486,248,238
2438,21,376,1007700,199,104,95
2439,21,376,1007800,414,217,197
2440,21,376,1007900,212,112,100
2441,21,376,1008000,262,152,110
2442,21,376,1008100,315,167,148
2443,21,376,1008200,435,211,224
2444,21,376,1008300,218,107,111
2445,21,376,1008400,839,434,405
2446,21,376,1008500,426,216,210
2447,21,376,1008600,333,176,157
2448,21,376,1008700,847,446,401
2449,21,376,1008800,318,156,162
2450,21,376,1008900,112,56,56
2451,21,376,1009000,693,337,356
2452,21,376,1009100,469,233,236
2453,21,376,1009200,1,0,1
2454,21,376,1009300,445,234,211
2455,21,376,1009400,318,197,121
2456,21,376,1009500,50,24,26
2457,21,376,1009600,480,242,238
2458,21,376,1009700,308,150,158
2459,21,376,1009800,440,218,222
2460,21,376,1009900,573,312,261
2461,21,376,1010000,383,206,177
2462,21,376,1010100,515,267,248
2463,21,376,1010200,1027,529,498
2464,21,376,1010300,663,324,339
2465,21,376,1010400,1048,515,533
2466,21,376,1010500,169,86,83
2467,21,376,1010600,0,0,0
2468,21,376,1010700,178,91,87
2469,21,376,1010800,138,66,72
2470,21,376,1010900,369,206,163
2471,21,376,1011000,1100,563,537
2472,21,376,1011100,0,0,0
2473,21,376,1011200,72,36,36
2474,21,376,1011300,2140,1093,1047
2475,21,376,1011400,272,136,136
2476,21,376,1011500,36,17,19
2477,21,376,1011600,324,173,151
2478,21,376,1011700,452,227,225
2479,21,376,1011800,411,204,207
2480,21,376,1011900,289,139,150
2481,21,376,1012000,284,137,147
2482,21,376,1012100,1913,976,937
2483,21,376,1012200,234,117,117
2484,21,376,1012300,238,121,117
2485,21,376,1012400,131,67,64
2486,21,376,1012500,486,253,233
2487,21,376,1012600,393,201,192
2488,21,376,1012700,493,245,248
2489,21,376,1012800,424,221,203
2490,21,376,1012900,80,44,36
2491,21,376,1013000,534,285,249
2492,21,376,1013100,196,98,98
2493,21,376,1013200,877,434,443
2494,21,376,1013300,474,228,246
2495,21,376,1013400,823,409,414
2496,21,376,1013500,213,115,98
2497,21,376,1013600,793,411,382
2498,21,376,1013700,311,161,150
2499,21,376,1013800,267,133,134
2500,21,376,1013900,1174,603,571
2501,21,376,1014000,653,335,318
2502,21,376,1014100,425,215,210
2503,21,376,1014200,98,51,47
2504,21,376,1014300,303,158,145
2505,21,376,1014400,1811,956,855
2506,21,376,1014500,204,102,102
2507,21,376,1014600,363,183,180
2508,21,376,1014700,897,435,462
2509,21,376,1014800,415,206,209
2510,21,376,1014900,111,49,62
2511,21,376,1015000,210,98,112
2512,21,376,1015100,949,481,468
2513,21,376,1015200,281,148,133
2514,21,376,1015300,100,44,56
2515,21,376,1015400,187,89,98
2516,21,376,1015500,72,40,32
2517,21,376,1015600,117,68,49
2518,21,376,1015700,277,134,143
2519,21,376,1015800,487,257,230
2520,21,376,1015900,480,260,220
2521,21,376,1016000,2438,1265,1173
2522,21,376,1016100,178,95,83
2523,21,376,1016200,263,131,132
2524,21,376,1016300,1239,626,613
2525,21,376,1016400,751,378,373
2526,21,376,1016500,321,162,159
2527,21,376,1016600,642,336,306
2528,21,376,1016700,235,114,121
2529,21,376,1016800,236,117,119
2530,21,376,1016900,32,16,16
2531,21,376,1017000,1004,491,513
2532,21,376,1017100,787,413,374
2533,21,376,1017200,681,341,340
2534,21,376,1017300,412,217,195
2535,21,376,1017400,491,250,241
2536,21,376,1017500,590,309,281
2537,21,376,1017600,298,135,163
2538,21,376,1017700,156,79,77
2539,21,376,1017800,424,212,212
2540,21,376,1017900,1984,1033,951
2541,21,376,1018000,3279,1695,1584
2542,21,376,1018100,773,399,374
2543,21,376,1018200,1011,522,489
2544,21,376,1018300,894,456,438
2545,21,376,1018400,496,245,251
2546,21,376,1018500,82,45,37
2547,21,376,1018600,455,234,221
2548,21,376,1018700,1257,646,611
2549,21,376,1018800,0,0,0
2550,21,376,1018900,790,407,383
2551,21,376,1019000,279,141,138
2552,21,376,1019100,642,334,308
2553,21,376,1019200,392,206,186
2554,21,376,1019300,47,23,24
2555,21,376,1019400,610,301,309
2556,21,376,1019500,946,496,450
2557,21,376,1019600,128,58,70
2558,21,376,1019700,204,99,105
2559,21,376,1019800,548,286,262
2560,21,376,1019900,856,435,421
2561,21,376,1020000,117,59,58
2562,21,376,1020100,404,201,203
2563,21,376,1020200,564,293,271
2564,21,376,1020300,232,124,108
2565,21,376,1020400,72,38,34
2566,21,376,1020500,494,245,249
2567,21,376,1020600,245,123,122
2568,21,376,1020700,1463,750,713
2569,21,376,1020800,734,359,375
2570,21,376,1020900,743,371,372
2571,21,376,1021000,975,487,488
2572,21,376,1021100,16,8,8
2573,21,376,1021200,1240,620,620
2574,21,376,1021300,1570,771,799
2575,21,376,1021400,469,244,225
2576,21,376,1021500,329,162,167
2577,21,376,1021600,0,0,0
2578,21,376,1021700,443,211,232
2579,21,376,1021800,658,346,312
2580,21,376,1021900,0,0,0
2581,21,376,1022000,0,0,0
2582,21,376,1022100,175,79,96
2583,21,376,1022200,34,19,15
2584,21,376,1022300,362,193,169
2585,21,376,1022400,274,139,135
2586,21,376,1022500,899,472,427
2587,21,376,1022600,358,175,183
2588,21,376,1022700,284,145,139
2589,21,376,1022800,727,360,367
2590,21,376,1022900,290,162,128
2591,21,376,1023000,339,158,181
2592,21,376,1023100,497,252,245
2593,21,376,1023200,427,220,207
2594,21,376,1023300,556,285,271
2595,21,376,1023400,552,285,267
2596,21,376,1023500,246,138,108
2597,21,376,1023600,345,172,173
2598,21,376,1023700,894,421,473
2599,21,376,1023800,266,135,131
2600,21,376,1023900,835,437,398
2601,21,376,1024000,263,123,140
2602,21,376,1024100,479,240,239
2603,21,376,1024200,2316,1167,1149
2604,21,376,1024300,0,0,0
2605,21,376,1024400,253,117,136
2606,21,376,1024500,162,78,84
2607,21,376,1024600,859,430,429
2608,21,376,1024700,835,428,407
2609,21,376,1024800,598,321,277
2610,21,376,1024900,580,306,274
2611,21,376,1025000,452,225,227
2612,21,376,1025100,754,380,374
2613,21,376,1025200,691,352,339
2614,21,376,1025300,608,321,287
2615,21,376,1025400,798,402,396
2616,21,376,1025500,0,0,0
2617,21,376,1025600,175,87,88
2618,21,376,1025700,481,239,242
2619,21,376,1025800,522,250,272
2620,21,376,1025900,557,284,273
2621,21,376,1026000,0,0,0
2622,21,376,1026100,394,197,197
2623,21,376,1026200,465,244,221
2624,21,376,1026300,12,4,8
2625,21,376,1026400,547,268,279
2626,21,376,1026500,665,346,319
2627,21,376,1026600,1179,585,594
2628,21,376,1026700,443,229,214
2629,21,376,1026800,988,505,483
2630,21,376,1026900,668,352,316
2631,21,376,1027000,200,102,98
2632,21,376,1027100,254,120,134
2633,21,376,1027200,746,355,391
2634,21,376,1027300,513,239,274
2635,21,376,1027400,285,146,139
2636,21,376,1027500,856,425,431
2637,21,376,1027600,696,352,344
2638,21,376,1027700,538,271,267
2639,21,376,1027800,313,164,149
2640,21,376,1027900,376,206,170
2641,21,376,1028000,178,88,90
2642,21,376,1028100,174,92,82
2643,21,376,1028200,313,159,154
2644,21,376,1028300,112,48,64
2645,21,376,1028400,324,167,157
2646,21,376,1028500,361,197,164
2647,21,376,1028600,91,44,47
2648,21,376,1028700,0,0,0
2649,21,376,1028800,146,79,67
2650,21,376,1028900,201,105,96
2651,21,376,1029000,129,66,63
2652,21,376,1029100,97,44,53
2653,21,376,1029200,2156,1088,1068
2654,21,376,1029300,192,88,104
2655,21,376,1029400,99,47,52
2656,21,376,1029500,579,292,287
2657,21,376,1029600,33,14,19
2658,21,376,1029700,675,346,329
2659,21,376,1029800,416,217,199
2660,21,376,1029900,471,240,231
2661,21,376,1030000,525,260,265
2662,21,376,1030100,292,152,140
2663,21,376,1030200,0,0,0
2664,21,376,1030300,88,39,49
2665,21,376,1030400,386,205,181
2666,21,376,1030500,383,190,193
2667,21,376,1030600,692,336,356
2668,21,376,1030700,0,0,0
2669,21,376,1030800,628,329,299
2670,21,376,1030900,251,134,117
2671,21,376,1031000,487,236,251
2672,21,376,1031100,236,125,111
2673,21,376,1031200,307,150,157
2674,21,376,1031300,344,166,178
2675,21,376,1031400,253,145,108
2676,21,376,1031500,754,396,358
2677,21,376,1031600,288,135,153
2678,21,376,1031700,106,51,55
2679,21,376,1031800,268,134,134
2680,21,376,1031900,603,302,301
2681,21,376,1032000,687,357,330
2682,21,376,1032100,443,214,229
2683,21,376,1032200,343,174,169
2684,21,376,1032300,212,106,106
2685,21,376,1032400,1198,586,612
2686,21,376,1032500,338,184,154
2687,21,376,1032600,618,353,265
2688,21,376,1032700,413,206,207
2689,21,376,1032800,377,200,177
2690,21,376,1032900,542,272,270
2691,21,376,1033000,529,282,247
2692,21,376,1033100,603,313,290
2693,21,376,1033200,681,338,343
2694,21,376,1033300,0,0,0
2695,21,376,1033400,1171,585,586
2696,21,376,1033500,335,169,166
2697,21,376,1033600,279,128,151
2698,21,376,1033700,422,215,207
2699,21,376,1033800,105,48,57
2700,21,376,1033900,5,3,2
2701,21,376,1034000,735,361,374
2702,21,376,1034100,359,177,182
2703,21,376,1034200,1118,559,559
2704,21,376,1034300,505,247,258
2705,21,376,1034400,591,317,274
2706,21,376,1034500,0,0,0
2707,21,376,1034600,384,201,183
2708,21,376,1034700,67,28,39
2709,21,376,1034800,228,116,112
2710,21,376,1034900,413,217,196
2711,21,376,1035000,987,490,497
2712,21,376,1035100,1535,763,772
2713,21,376,1035200,543,268,275
2714,21,376,1035300,512,247,265
2715,21,376,1035400,816,404,412
2716,21,376,1035500,152,77,75
2717,21,376,1035600,414,201,213
2718,21,376,1035700,157,86,71
2719,21,376,1035800,384,193,191
2720,21,376,1035900,299,141,158
2721,21,376,1036000,1084,540,544
2722,21,376,1036100,70,33,37
2723,21,376,1036200,463,249,214
2724,21,376,1036300,132,64,68
2725,21,376,1036400,536,281,255
2726,21,376,1036500,890,441,449
2727,21,376,1036600,333,174,159
2728,21,376,1036700,582,279,303
2729,21,376,1036800,84,40,44
2730,21,376,1036900,612,328,284
2731,21,376,1037000,959,467,492
2732,21,376,1037100,99,48,51
2733,21,376,1037200,549,268,281
2734,21,376,1037300,178,94,84
2735,21,376,1037400,577,305,272
2736,21,376,1037500,389,197,192
2737,21,376,1037600,477,240,237
2738,21,376,1037700,542,261,281
2739,21,376,1037800,0,0,0
2740,21,376,1037900,251,128,123
2741,21,376,1038000,315,151,164
2742,21,376,1038100,155,66,89
2743,21,376,1038200,553,263,290
2744,21,376,1038300,865,496,369
2745,21,376,1038400,0,0,0
2746,21,376,1038500,954,480,474
2747,21,376,1038600,497,251,246
2748,21,376,1038700,341,174,167
2749,21,376,1038800,243,117,126
2750,21,376,1038900,136,67,69
2751,21,376,1039000,87,52,35
2752,21,376,1039100,490,240,250
2753,21,376,1039200,284,142,142
2754,21,376,1039300,128,66,62
2755,21,376,1039400,675,339,336
2756,21,376,1039500,275,144,131
2757,21,376,1039600,880,437,443
2758,21,376,1039700,228,119,109
2759,21,376,1039800,559,287,272
2760,21,376,1039900,398,195,203
2761,21,376,1040000,328,158,170
2762,21,376,1040100,90,45,45
2763,21,376,1040200,368,195,173
2764,21,376,1040300,170,87,83
2765,21,376,1040400,442,231,211
2766,21,376,1040500,1039,546,493
2767,21,376,1040600,1351,667,684
2768,21,376,1040700,66,33,33
2769,21,376,1040800,327,162,165
2770,21,376,1040900,236,141,95
2771,21,376,1041000,270,131,139
2772,21,376,1041100,122,59,63
2773,21,376,1041200,513,263,250
2774,21,376,1041300,222,111,111
2775,21,376,1041400,266,137,129
2776,21,376,1041500,212,110,102
2777,21,376,1041600,167,85,82
2778,21,376,1041700,61,27,34
2779,21,376,1041800,400,204,196
2780,21,376,1041900,110,58,52
2781,21,376,1042000,505,248,257
2782,21,376,1042100,614,301,313
2783,21,376,1042200,122,61,61
2784,21,376,1042300,360,187,173
2785,21,376,1042400,76,37,39
2786,21,376,1042500,206,98,108
2787,21,376,1042600,347,173,174
2788,21,376,1042700,263,128,135
2789,21,376,1042800,78,41,37
2790,21,376,1042900,240,127,113
2791,21,376,1043000,187,89,98
2792,21,376,1043100,212,112,100
2793,21,376,1043200,321,166,155
2794,21,376,1043300,832,430,402
2795,21,376,1043400,36,22,14
2796,21,376,1043500,222,122,100
2797,21,376,1043600,514,261,253
2798,21,376,1043700,184,89,95
2799,21,376,1043800,552,269,283
2800,21,376,1043900,574,301,273
2801,21,376,1044000,53,27,26
2802,21,376,1044100,741,360,381
2803,21,376,1044200,804,398,406
2804,21,376,1044300,192,97,95
2805,21,376,1044400,454,228,226
2806,21,376,1044500,327,158,169
2807,21,376,1044600,645,333,312
2808,21,376,1044700,1045,446,599
2809,21,376,1044800,357,186,171
2810,21,376,1044900,201,106,95
2811,21,376,1045000,715,366,349
2812,21,376,1045100,597,287,310
2813,21,376,1045200,135,66,69
2814,21,376,1045300,404,200,204
2815,21,376,1045400,715,362,353
2816,21,376,1045500,572,281,291
2817,21,376,1045600,302,144,158
2818,21,376,1045700,451,224,227
2819,21,376,1045800,377,191,186
2820,21,376,1045900,650,319,331
2821,21,376,1046000,482,238,244
2822,21,376,1046100,335,159,176
2823,21,376,1046200,210,105,105
2824,21,376,1046300,78,40,38
2825,21,376,1046400,454,228,226
2826,21,376,1046500,1005,508,497
2827,21,376,1046600,195,92,103
2828,21,376,1046700,810,423,387
2829,21,376,1046800,654,328,326
2830,21,376,1046900,611,309,302
2831,21,376,1047000,434,223,211
2832,21,376,1047100,107,52,55
2833,21,376,1047200,232,118,114
2834,21,376,1047300,47,23,24
2835,21,376,1047400,816,411,405
2836,21,376,1047500,153,78,75
2837,21,376,1047600,1388,696,692
2838,21,376,1047700,76,39,37
2839,21,376,1047800,263,129,134
2840,21,376,1047900,408,212,196
2841,21,376,1048000,139,69,70
2842,21,376,1048100,303,164,139
2843,21,376,1048200,365,184,181
2844,21,376,1048300,520,244,276
2845,21,376,1048400,501,246,255
2846,21,376,1048500,262,126,136
2847,21,376,1048600,194,99,95
2848,21,376,1048700,104,50,54
2849,21,376,1048800,155,82,73
2850,21,376,1048900,498,257,241
2851,21,376,1049000,200,99,101
2852,21,376,1049100,450,229,221
2853,21,376,1049200,417,206,211
2854,21,376,1049300,187,106,81
2855,21,376,1049400,1342,677,665
2856,21,376,1049500,448,232,216
2857,21,376,1049600,320,153,167
2858,21,376,1049700,860,437,423
2859,21,376,1049800,427,224,203
2860,21,376,1049900,732,368,364
2861,21,376,1050000,556,276,280
2862,21,376,1050100,714,358,356
2863,21,376,1050200,614,301,313
2864,21,376,1050300,778,403,375
2865,21,376,1050400,277,141,136
2866,21,376,1050500,586,284,302
2867,21,376,1050600,508,257,251
2868,21,376,1050700,619,298,321
2869,21,376,1050800,759,413,346
2870,21,376,1050900,388,196,192
2871,21,376,1051000,262,138,124
2872,21,376,1051100,992,520,472
2873,21,376,1051200,242,109,133
2874,21,376,1051300,318,156,162
2875,21,376,1051400,542,272,270
2876,21,376,1051500,252,119,133
2877,21,376,1051600,144,76,68
2878,21,376,1051700,378,172,206
2879,21,376,1051800,684,358,326
2880,21,376,1051900,163,71,92
2881,21,376,1052000,583,279,304
2882,21,376,1052100,324,149,175
2883,21,376,1052200,361,173,188
2884,21,376,1052300,4,0,4
2885,21,376,1052400,29,13,16
2886,21,376,1052500,847,423,424
2887,21,376,1052600,558,279,279
2888,21,376,1052700,317,162,155
2889,21,376,1052800,1029,561,468
2890,21,376,1052900,1241,662,579
2891,21,376,1053000,505,256,249
2892,21,376,1053100,1285,659,626
2893,21,376,1053200,51,27,24
2894,21,376,1053300,0,0,0
2895,21,376,1053400,300,137,163
2896,21,376,1053500,213,112,101
2897,21,376,1053600,81,41,40
2898,21,376,1053700,313,150,163
2899,21,376,1053800,1891,988,903
2900,21,376,1053900,324,161,163
2901,21,376,1054000,0,0,0
2902,21,376,1054100,534,282,252
2903,21,376,1054200,1499,766,733
2904,21,376,1054300,1004,511,493
2905,21,376,1054400,484,251,233
2906,21,376,1054500,488,245,243
2907,21,376,1054600,498,240,258
2908,21,376,1054700,49,25,24
2909,21,376,1054800,15,7,8
2910,21,376,1054900,1307,670,637
2911,21,376,1055000,73,38,35
2912,21,376,1055100,0,0,0
2913,21,376,1055200,569,289,280
2914,21,376,1055300,203,95,108
2915,21,376,1055400,28,12,16
2916,21,376,1055500,214,106,108
2917,21,376,1055600,572,293,279
2918,21,376,1055700,69,35,34
2919,21,376,1055800,839,424,415
2920,21,376,1055900,716,371,345
2921,21,376,1056000,1324,653,671
2922,21,376,1056100,474,234,240
2923,21,376,1056200,657,318,339
2924,21,376,1056300,1315,652,663
2925,21,376,1056400,286,139,147
2926,21,376,1056500,821,404,417
2927,21,376,1056600,1578,798,780
2928,21,376,1056700,333,161,172
2929,21,376,1056800,614,316,298
2930,21,376,1056900,732,382,350
2931,21,376,1057000,264,141,123
2932,21,376,1057100,1121,591,530
2933,21,376,1057200,495,246,249
2934,21,376,1057300,250,123,127
2935,21,376,1057400,553,272,281
2936,21,376,1057500,1364,680,684
2937,21,376,1057600,769,373,396
2938,21,376,1057700,1231,631,600
2939,21,376,1057800,849,422,427
2940,21,376,1057900,1526,793,733
2941,21,376,1058000,1117,574,543
2942,21,376,1058100,1516,784,732
2943,21,376,1058200,871,424,447
2944,21,376,1058300,215,102,113
2945,21,376,1058400,52,29,23
2946,21,376,1058500,217,111,106
2947,21,376,1058600,104,51,53
2948,21,376,1058700,747,365,382
2949,21,376,1058800,1169,585,584
2950,21,376,1058900,1091,537,554
2951,21,376,1059000,1715,856,859
2952,21,376,1059100,519,273,246
2953,21,376,1059200,700,345,355
2954,21,376,1059300,1257,648,609
2955,21,376,1059400,693,352,341
2956,21,376,1059500,441,226,215
2957,21,376,1059600,1240,628,612
2958,21,376,1059700,1283,700,583
2959,21,376,1059800,795,395,400
2960,21,376,1059900,882,453,429
2961,21,376,1060000,1107,582,525
2962,21,376,1060100,509,170,339
2963,21,376,1060200,1055,520,535
2964,21,376,1060300,816,429,387
2965,21,376,1060400,564,296,268
2966,21,376,1060500,302,158,144
2967,21,376,1060600,361,184,177
2968,21,376,1060700,224,113,111
2969,21,376,1060800,542,282,260
2970,21,376,1060900,31,15,16
2971,21,376,1061000,127,64,63
2972,21,376,1061100,50,26,24
2973,21,376,1061200,13,6,7
2974,21,376,1061300,102,55,47
2975,21,376,1061400,905,459,446
2976,21,376,1061500,16,10,6
2977,21,376,1061600,1177,586,591
2978,21,376,1061700,174,89,85
2979,21,376,1061800,863,444,419
2980,21,376,1061900,480,240,240
2981,21,376,1062000,251,121,130
2982,21,376,1062100,287,146,141
2983,21,376,1062200,313,150,163
2984,21,376,1062300,117,59,58
2985,21,376,1062400,913,459,454
2986,21,376,1062500,754,369,385
2987,21,376,1062600,374,200,174
2988,21,376,1062700,861,438,423
2989,21,376,1062800,484,273,211
2990,21,376,1062900,558,294,264
2991,21,376,1063000,561,288,273
2992,21,376,1063100,341,184,157
2993,21,376,1063200,439,223,216
2994,21,376,1063300,80,35,45
2995,21,376,1063400,418,212,206
2996,21,376,1063500,586,301,285
2997,21,376,1063600,495,230,265
2998,21,376,1063700,97,51,46
2999,21,376,1063800,931,467,464
3000,21,376,1063900,235,120,115
3001,21,376,1064000,443,214,229
3002,21,376,1064100,256,121,135
3003,21,376,1064200,608,290,318
3004,21,376,1064300,234,115,119
3005,21,376,1064400,506,261,245
3006,21,376,1064500,418,212,206
3007,21,376,1064600,231,116,115
3008,21,376,1064700,242,130,112
3009,21,376,1064800,107,53,54
3010,21,376,1064900,257,128,129
3011,21,376,1065000,431,221,210
3012,21,376,1065100,303,148,155
3013,21,376,1065200,13,8,5
3014,21,376,1065300,1111,554,557
3015,21,376,1065400,402,189,213
3016,21,376,1065500,584,285,299
3017,21,376,1065600,198,100,98
3018,21,376,1065700,807,396,411
3019,21,376,1065800,586,292,294
3020,21,376,1065900,291,141,150
3021,21,376,1066000,835,409,426
3022,21,376,1066100,216,120,96
3023,21,376,1066200,637,321,316
3024,21,376,1066300,275,134,141
3025,21,376,1066400,1170,590,580
3026,21,376,1066500,528,273,255
3027,21,376,1066600,63,33,30
3028,21,376,1066700,100,50,50
3029,21,376,1066800,86,47,39
3030,21,376,1066900,953,495,458
3031,21,376,1067000,221,108,113
3032,21,376,1067100,309,155,154
3033,21,376,1067200,162,90,72
3034,21,376,1067300,1,1,0
3035,21,376,1067400,0,0,0
3036,21,376,1067500,1387,684,703
3037,21,376,1067600,510,254,256
3038,21,376,1067700,810,405,405
3039,21,376,1067800,517,249,268
3040,21,376,1067900,546,286,260
3041,21,376,1068000,162,80,82
3042,21,376,1068100,324,153,171
3043,21,376,1068200,383,190,193
3044,21,376,1068300,658,339,319
3045,21,376,1068400,11,5,6
3046,21,376,1068500,879,434,445
3047,21,376,1068600,469,233,236
3048,21,376,1068700,482,241,241
3049,21,376,1068800,788,385,403
3050,21,376,1068900,997,501,496
3051,21,376,1069000,504,251,253
3052,21,376,1069100,403,201,202
3053,21,376,1069200,184,98,86
3054,21,376,1069300,2845,1455,1390
3055,21,376,1069400,1383,697,686
3056,21,376,1069500,920,475,445
3057,21,376,1069600,654,340,314
3058,21,376,1069700,548,266,282
3059,21,376,1069800,460,235,225
3060,21,376,1069900,394,198,196
3061,21,376,1070000,72,37,35
3062,21,376,1070100,100,49,51
3063,21,376,1070200,145,73,72
3064,21,376,1070300,1003,529,474
3065,21,376,1070400,574,293,281
3066,21,376,1070500,155,81,74
3067,21,376,1070600,10,5,5
3068,21,376,1070700,152,65,87
3069,21,376,1070800,267,139,128
3070,21,376,1070900,780,379,401
3071,21,376,1071000,885,462,423
3072,21,376,1071100,57,28,29
3073,21,376,1071200,502,276,226
3074,21,376,1071300,461,223,238
3075,21,376,1071400,688,351,337
3076,21,376,1071500,491,265,226
3077,21,376,1071600,1253,636,617
3078,21,376,1071700,126,59,67
3079,21,376,1071800,984,494,490
3080,21,376,1071900,210,114,96
3081,21,376,1072000,311,165,146
3082,21,376,1072100,421,216,205
3083,21,376,1072200,869,447,422
3084,21,376,1072300,552,273,279
3085,21,376,1072400,446,214,232
3086,21,376,1072500,1375,698,677
3087,21,376,1072600,562,273,289
3088,21,376,1072700,127,67,60
3089,21,376,1072800,233,133,100
3090,21,376,1072900,195,93,102
3091,21,376,1073000,588,313,275
3092,21,376,1073100,172,87,85
3093,21,376,1073200,280,142,138
3094,21,376,1073300,363,191,172
3095,21,376,1073400,246,126,120
3096,21,376,1073500,511,258,253
3097,21,376,1073600,631,333,298
3098,21,376,1073700,1956,1007,949
3099,21,376,1073800,83,44,39
3100,21,376,1073900,233,119,114
3101,21,376,1074000,78,39,39
3102,21,376,1074100,447,229,218
3103,21,376,1074200,738,386,352
3104,21,376,1074300,443,236,207
3105,21,376,1074400,536,282,254
3106,21,376,1074500,2973,1527,1446
3107,21,376,1074600,426,217,209
3108,21,376,1074700,883,446,437
3109,21,376,1074800,188,103,85
3110,21,376,1074900,1274,661,613
3111,21,376,1075000,755,375,380
3112,21,376,1075100,387,201,186
3113,21,376,1075200,567,276,291
3114,21,376,1075300,243,132,111
3115,21,376,1075400,220,113,107
3116,21,376,1075500,385,199,186
3117,21,376,1075600,511,268,243
3118,21,376,1075700,377,188,189
3119,21,376,1075800,356,174,182
3120,21,376,1075900,1212,628,584
3121,21,376,1076000,454,236,218
3122,21,376,1076100,992,472,520
3123,21,376,1076200,157,88,69
3124,21,376,1076300,388,217,171
3125,21,376,1076400,1621,804,817
3126,21,376,1076500,141,68,73
3127,21,376,1076600,921,478,443
3128,21,376,1076700,442,224,218
3129,21,376,1076800,111,60,51
3130,21,376,1076900,212,109,103
3131,21,376,1077000,741,360,381
3132,21,376,1077100,8,5,3
3133,21,376,1077200,706,357,349
3134,21,376,1077300,2660,1333,1327
3135,21,376,1077400,1596,788,808
3136,21,376,1077500,343,179,164
3137,21,376,1077600,348,154,194
3138,21,376,1077700,1432,761,671
3139,21,376,1077800,652,327,325
3140,21,376,1077900,1406,712,694
3141,21,376,1078000,1099,537,562
3142,21,376,1078100,2840,1452,1388
3143,21,376,1078200,1996,995,1001
3144,21,376,1078300,761,366,395
3145,21,376,1078400,731,340,391
3146,21,376,1078500,1777,883,894
3147,21,376,1078600,2322,1224,1098
3148,21,376,1078700,558,268,290
3149,21,376,1078800,190,94,96
3150,21,376,1078900,1705,848,857
3151,21,376,1079000,1193,575,618
3152,21,376,1079100,1000,516,484
3153,21,376,1079200,2787,1412,1375
3154,21,376,1079300,159,86,73
3155,21,376,1079400,161,86,75
3156,21,376,1079500,674,345,329
3157,21,376,1079600,144,76,68
3158,21,376,1079700,175,84,91
3159,21,376,1079800,136,67,69
3160,21,376,1079900,474,245,229
3161,21,376,1080000,556,262,294
3162,21,376,1080100,460,241,219
3163,21,376,1080200,1087,556,531
3164,21,376,1080300,904,457,447
3165,21,376,1080400,906,463,443
3166,21,376,1080500,590,307,283
3167,21,376,1080600,1633,849,784
3168,21,376,1080700,2225,1144,1081
3169,21,376,1080800,1863,922,941
3170,21,376,1080900,1676,846,830
3171,21,376,1081000,728,371,357
3172,21,376,1081100,1288,656,632
3173,21,376,1081200,1190,594,596
3174,21,376,1081300,1050,536,514
3175,21,376,1081400,283,137,146
3176,21,376,1081500,503,232,271
3177,21,376,1081600,630,322,308
3178,21,376,1081700,609,309,300
3179,21,376,1081800,462,223,239
3180,21,376,1081900,1054,540,514
3181,21,376,1082000,463,231,232
3182,21,376,1082100,924,475,449
3183,21,376,1082200,472,225,247
3184,21,376,1082300,1524,765,759
3185,21,376,1082400,212,105,107
3186,21,376,1082500,843,437,406
3187,21,376,1082600,478,239,239
3188,21,376,1082700,887,467,420
3189,21,376,1082800,1025,533,492
3190,21,376,1082900,1294,670,624
3191,21,376,1083000,2248,1155,1093
3192,21,376,1083100,1878,937,941
3193,21,376,1083200,515,255,260
3194,21,376,1083300,598,283,315
3195,21,376,1083400,459,221,238
3196,21,376,1083500,1817,904,913
3197,21,376,1083600,525,261,264
3198,21,376,1083700,354,178,176
3199,21,376,1083800,247,115,132
3200,21,376,1083900,458,225,233
3201,21,376,1084000,462,239,223
3202,21,376,1084100,572,296,276
3203,21,376,1084200,326,165,161
3204,21,376,1084300,367,187,180
3205,21,376,1084400,368,181,187
3206,21,376,1084500,335,122,213
3207,21,376,1084600,374,196,178
3208,21,376,1084700,418,195,223
3209,21,376,1084800,780,373,407
3210,21,376,1084900,350,252,98
3211,21,376,1085000,292,151,141
3212,21,376,1085100,481,239,242
3213,21,376,1085200,522,257,265
3214,21,376,1085300,83,39,44
3215,21,376,1085400,95,45,50
3216,21,376,1085500,367,180,187
3217,21,376,1085600,302,139,163
3218,21,376,1085700,870,435,435
3219,21,376,1085800,701,342,359
3220,21,376,1085900,1033,499,534
3221,21,376,1086000,482,242,240
3222,21,376,1086100,325,160,165
3223,21,376,1086200,129,62,67
3224,21,376,1086300,466,227,239
3225,21,376,1086400,672,331,341
3226,21,376,1086500,430,206,224
3227,21,376,1086600,776,367,409
3228,21,376,1086700,1373,682,691
3229,21,376,1086800,358,173,185
3230,21,376,1086900,1293,656,637
3231,21,376,1087000,939,451,488
3232,21,376,1087100,884,430,454
3233,21,376,1087200,743,347,396
3234,21,376,1087300,115,62,53
3235,21,376,1087400,430,227,203
3236,21,376,1087500,412,214,198
3237,21,376,1087600,176,95,81
3238,21,376,1087700,190,98,92
3239,21,376,1087800,1008,508,500
3240,21,376,1087900,273,134,139
3241,21,376,1088000,450,212,238
3242,21,376,1088100,402,190,212
3243,21,376,1088200,130,66,64
3244,21,376,1088300,677,338,339
3245,21,376,1088400,292,136,156
3246,21,376,1088500,590,290,300
3247,21,376,1088600,114,65,49
3248,21,376,1088700,989,457,532
3249,21,376,1088800,266,133,133
3250,21,376,1088900,450,223,227
3251,21,376,1089000,188,96,92
3252,21,376,1089100,681,346,335
3253,21,376,1089200,766,376,390
3254,21,376,1089300,636,306,330
3255,21,376,1089400,346,172,174
3256,21,376,1089500,357,174,183
3257,21,376,1089600,103,50,53
3258,21,376,1089700,190,89,101
3259,21,376,1089800,240,122,118
3260,21,376,1089900,431,213,218
3261,21,376,1090000,1,1,0
3262,21,376,1090100,1,1,0
3263,21,376,1090200,5,5,0
3264,21,376,1090300,63,33,30
3265,21,376,1090400,2,2,0
3266,21,376,1090500,27,11,16
3267,21,376,1090600,720,365,355
3268,21,376,1090700,177,89,88
3269,21,376,1090800,390,185,205
3270,21,376,1090900,732,412,320
3271,21,376,1091000,326,165,161
3272,21,376,1091100,374,194,180
3273,21,376,1091200,232,117,115
3274,21,376,1091300,514,255,259
3275,21,376,1091400,395,204,191
3276,21,376,1091500,241,117,124
3277,21,376,1091600,275,134,141
3278,21,376,1091700,221,112,109
3279,21,376,1091800,303,146,157
3280,21,376,1091900,453,217,236
3281,21,376,1092000,427,209,218
3282,21,376,1092100,1,1,0
3283,21,376,1092200,416,201,215
3284,21,376,1092300,265,124,141
3285,21,376,1092400,253,123,130
3286,21,376,1092500,129,60,69
3287,21,376,1092600,203,104,99
3288,21,376,1092700,270,137,133
3289,21,376,1092800,626,290,336
3290,21,376,1092900,264,127,137
3291,21,376,1093000,293,150,143
3292,21,376,1093100,187,102,85
3293,21,376,1093200,243,117,126
3294,21,376,1093300,903,426,477
3295,21,376,1093400,338,173,165
3296,21,376,1093500,303,161,142
3297,21,376,1093600,377,182,195
3298,21,376,1093700,5,1,4
3299,21,376,1093800,505,250,255
3300,21,376,1093900,207,106,101
3301,21,376,1094000,350,167,183
3302,21,376,1094100,729,364,365
3303,21,376,1094200,867,430,437
3304,21,376,1094300,399,189,210
3305,21,376,1094400,530,260,270
3306,21,376,1094500,244,116,128
3307,21,376,1094600,194,100,94
3308,21,376,1094700,367,183,184
3309,21,376,1094800,450,216,234
3310,21,376,1094900,124,61,63
3311,21,376,1095000,671,331,340
3312,21,376,1095100,190,93,97
3313,21,376,1095200,143,75,68
3314,21,376,1095300,272,131,141
3315,21,376,1095400,735,399,336
3316,21,376,1095500,391,195,196
3317,21,376,1095600,49,28,21
3318,21,376,1095700,119,61,58
3319,21,376,1095800,883,485,398
3320,21,376,1095900,50,24,26
3321,21,376,1096000,150,75,75
3322,21,376,1096100,1187,637,550
3323,21,376,1096200,1,0,1
3324,21,376,1096300,68,38,30
3325,21,376,1096400,160,78,82
3326,21,376,1096500,430,216,214
3327,21,376,1096600,169,66,103
3328,21,376,1096700,147,69,78
3329,21,376,1096800,480,245,235
3330,21,376,1096900,1307,678,629
3331,21,376,1097000,693,340,353
3332,21,376,1097100,2438,1162,1276
3333,21,376,1097200,1292,676,616
3334,21,376,1097300,141,72,69
3335,21,376,1097400,1239,631,608
3336,21,376,1097500,486,253,233
3337,21,376,1097600,982,477,505
3338,21,376,1097700,66,29,37
3339,21,376,1097800,300,153,147
3340,21,376,1097900,473,239,234
3341,21,376,1098000,773,375,398
3342,21,376,1098100,293,134,159
3343,21,376,1098200,69,33,36
3344,21,376,1098300,260,124,136
3345,21,376,1098400,1369,686,683
3346,21,376,1098500,281,146,135
3347,21,376,1098600,105,47,58
3348,21,376,1098700,252,125,127
3349,21,376,1098800,103,52,51
3350,21,376,1098900,145,72,73
3351,21,376,1099000,0,0,0
3352,21,376,1099100,179,88,91
3353,21,376,1099200,465,229,236
3354,21,376,1099300,340,171,169
3355,21,376,1099400,104,50,54
3356,21,376,1099500,149,78,71
3357,21,376,1099600,31,16,15
3358,21,376,1099700,954,466,488
3359,21,376,1099800,904,459,445
3360,21,376,1099900,350,167,183
3361,21,376,1100000,1470,728,742
3362,21,376,1100100,157,81,76
3363,21,376,1100200,97,46,51
3364,21,376,1100300,150,69,81
3365,21,376,1100400,338,175,163
3366,21,376,1100500,581,291,290
3367,21,376,1100600,1315,672,643
3368,21,376,1100700,387,194,193
3369,21,376,1100800,408,215,193
3370,21,376,1100900,1065,577,488
3371,21,376,1101000,813,402,411
3372,21,376,1101100,391,193,198
3373,21,376,1101200,168,89,79
3374,21,376,1101300,1002,487,515
3375,21,376,1101400,648,324,324
3376,21,376,1101500,137,60,77
3377,21,376,1101600,965,472,493
3378,21,376,1101700,649,333,316
3379,21,376,1101800,985,508,477
3380,21,376,1101900,569,273,296
3381,21,376,1102000,377,190,187
3382,21,376,1102100,284,148,136
3383,21,376,1102200,949,471,478
3384,21,376,1102300,144,72,72
3385,21,376,1102400,632,301,331
3386,21,376,1102500,237,121,116
3387,21,376,1102600,794,375,419
3388,21,376,1102700,260,131,129
3389,21,376,1102800,190,87,103
3390,21,376,1102900,676,338,338
3391,21,376,1103000,419,226,193
3392,21,376,1103100,270,134,136
3393,21,376,1103200,793,363,430
3394,21,376,1103300,133,71,62
3395,21,376,1103400,206,102,104
3396,21,376,1103500,872,424,448
3397,21,376,1103600,575,285,290
3398,21,376,1103700,1334,679,655
3399,21,376,1103800,166,87,79
3400,21,376,1103900,1405,744,661
3401,21,376,1104000,159,84,75
3402,21,376,1104100,596,295,301
3403,21,376,1104200,208,100,108
3404,21,376,1104300,668,346,322
3405,21,376,1104400,250,126,124
3406,21,376,1104500,393,190,203
3407,21,376,1104600,419,211,208
3408,21,376,1104700,206,100,106
3409,21,376,1104800,332,165,167
3410,21,376,1104900,429,210,219
3411,21,376,1105000,641,320,321
3412,21,376,1105100,512,257,255
3413,21,376,1105200,653,322,331
3414,21,376,1105300,375,203,172
3415,21,376,1105400,598,292,306
3416,21,376,1105500,327,157,170
3417,21,376,1105600,257,142,115
3418,21,376,1105700,852,369,483
3419,21,376,1105800,395,190,205
3420,21,376,1105900,421,224,197
3421,21,376,1106000,665,317,348
3422,21,376,1106100,235,123,112
3423,21,376,1106200,203,99,104
3424,21,376,1106300,156,81,75
3425,21,376,1106400,452,239,213
3426,21,376,1106500,134,65,69
3427,21,376,1106600,436,218,218
3428,21,376,1106700,527,259,268
3429,21,376,1106800,349,171,178
3430,21,376,1106900,276,142,134
3431,21,376,1107000,725,366,359
3432,21,376,1107100,267,125,142
3433,21,376,1107200,289,151,138
3434,21,376,1107300,424,212,212
3435,21,376,1107400,531,270,261
3436,21,376,1107500,724,357,367
3437,21,376,1107600,859,428,431
3438,21,376,1107700,113,54,59
3439,21,376,1107800,319,162,157
3440,21,376,1107900,606,290,316
3441,21,376,1108000,374,178,196
3442,21,376,1108100,1377,682,695
3443,21,376,1108200,704,353,351
3444,21,376,1108300,538,275,263
3445,21,376,1108400,902,459,443
3446,21,376,1108500,356,180,176
3447,21,376,1108600,586,279,307
3448,21,376,1108700,134,63,71
3449,21,376,1108800,656,328,328
3450,21,376,1108900,1028,513,515
3451,21,376,1109000,786,476,310
3452,21,376,1109100,143,71,72
3453,21,376,1109200,231,112,119
3454,21,376,1109300,150,72,78
3455,21,376,1109400,145,80,65
3456,21,376,1109500,178,87,91
3457,21,376,1109600,65,28,37
3458,21,376,1109700,519,247,272
3459,21,376,1109800,438,208,230
3460,21,376,1109900,287,145,142
3461,21,376,1110000,201,101,100
3462,21,376,1110100,111,57,54
3463,21,376,1110200,0,0,0
3464,21,376,1110300,263,123,140
3465,21,376,1110400,588,296,292
3466,21,376,1110500,589,321,268
3467,21,376,1110600,928,464,464
3468,21,376,1110700,679,352,327
3469,21,376,1110800,0,0,0
3470,21,376,1110900,1322,655,667
3471,21,376,1111000,1270,661,609
3472,21,376,1111100,469,232,237
3473,21,376,1111200,243,118,125
3474,21,376,1111300,921,470,451
3475,21,376,1111400,296,133,163
3476,21,376,1111500,327,154,173
3477,21,376,1111600,222,127,95
3478,21,376,1111700,240,118,122
3479,21,376,1111800,185,89,96
3480,21,376,1111900,157,71,86
3481,21,376,1112000,19,10,9
3482,21,376,1112100,71,36,35
3483,21,376,1112200,136,61,75
3484,21,376,1112300,69,44,25
3485,21,376,1112400,240,126,114
3486,21,376,1112500,192,96,96
3487,21,376,1112600,188,100,88
3488,21,376,1112700,324,164,160
3489,21,376,1112800,115,58,57
3490,21,376,1112900,186,89,97
3491,21,376,1113000,210,103,107
3492,21,376,1113100,306,154,152
3493,21,376,1113200,368,194,174
3494,21,376,1113300,418,210,208
3495,21,376,1113400,125,63,62
3496,21,376,1113500,922,455,467
3497,21,376,1113600,230,114,116
3498,21,376,1113700,44,23,21
3499,21,376,1113800,156,72,84
3500,21,376,1113900,192,96,96
3501,21,376,1114000,867,440,427
3502,21,376,1114100,240,128,112
3503,21,376,1114200,245,122,123
3504,21,376,1114300,73,38,35
3505,21,376,1114400,73,31,42
3506,21,376,1114500,340,167,173
3507,21,376,1114600,119,55,64
3508,21,376,1114700,54,23,31
3509,21,376,1114800,203,93,110
3510,21,376,1114900,127,61,66
3511,21,376,1115000,196,95,101
3512,21,376,1115100,453,212,241
3513,21,376,1115200,518,265,253
3514,21,376,1115300,507,242,265
3515,21,376,1115400,259,132,127
3516,21,376,1115500,665,328,337
3517,21,376,1115600,316,162,154
3518,21,376,1115700,161,87,74
3519,21,376,1115800,1167,619,548
3520,21,376,1115900,1146,553,593
3521,21,376,1116000,174,89,85
3522,21,376,1116100,296,152,144
3523,21,376,1116200,626,315,311
3524,21,376,1116300,412,215,197
3525,21,376,1116400,377,178,199
3526,21,376,1116500,279,151,128
3527,21,376,1116600,194,93,101
3528,21,376,1116700,208,100,108
3529,21,376,1116800,0,0,0
3530,21,376,1116900,324,161,163
3531,21,376,1117000,0,0,0
3532,21,376,1117100,345,170,175
3533,21,376,1117200,360,191,169
3534,21,376,1117300,112,55,57
3535,21,376,1117400,5,1,4
3536,21,376,1117500,463,225,238
3537,21,376,1117600,0,0,0
3538,21,376,1117700,264,123,141
3539,21,376,1117800,228,111,117
3540,21,376,1117900,252,115,137
3541,21,376,1118000,441,226,215
3542,21,376,1118100,129,69,60
3543,21,376,1118200,244,121,123
3544,21,376,1118300,63,33,30
3545,21,376,1118400,251,129,122
3546,21,376,1118500,311,149,162
3547,21,376,1118600,568,264,304
3548,21,376,1118700,123,56,67
3549,21,376,1118800,124,63,61
3550,21,376,1118900,74,40,34
3551,21,376,1119000,522,269,253
3552,21,376,1119100,135,65,70
3553,21,376,1119200,458,238,220
3554,21,376,1119300,630,329,301
3555,21,376,1119400,486,239,247
3556,21,376,1119500,423,212,211
3557,21,376,1119600,352,165,187
3558,21,376,1119700,473,218,255
3559,21,376,1119800,476,244,232
3560,21,376,1119900,25,10,15
3561,21,376,1120000,0,0,0
3562,21,376,1120100,884,430,454
3563,21,376,1120200,530,255,275
3564,21,376,1120300,726,373,353
3565,21,376,1120400,9,3,6
3566,21,376,1120500,490,244,246
3567,21,376,1120600,104,53,51
3568,21,376,1120700,596,294,302
3569,21,376,1120800,605,319,286
3570,21,376,1120900,592,296,296
3571,21,376,1121000,517,249,268
3572,21,376,1121100,206,104,102
3573,21,376,1121200,262,134,128
3574,21,376,1121300,367,192,175
3575,21,376,1121400,712,334,378
3576,21,376,1121500,244,123,121
3577,21,376,1121600,727,337,390
3578,21,376,1121700,202,104,98
3579,21,376,1121800,66,33,33
3580,21,376,1121900,262,117,145
3581,21,376,1122000,249,119,130
3582,21,376,1122100,1291,659,632
3583,21,376,1122200,1115,585,530
3584,21,376,1122300,28,16,12
3585,21,376,1122400,917,450,467
3586,21,376,1122500,486,232,254
3587,21,376,1122600,40,19,21
3588,21,376,1122700,60,29,31
3589,21,376,1122800,232,115,117
3590,21,376,1122900,755,359,396
3591,21,376,1123000,814,406,408
3592,21,376,1123100,747,344,403
3593,21,376,1123200,526,262,264
3594,21,376,1123300,499,231,268
3595,21,376,1123400,450,219,231
3596,21,376,1123500,633,324,309
3597,21,376,1123600,78,39,39
3598,21,376,1123700,159,83,76
3599,21,376,1123800,72,34,38
3600,21,376,1123900,201,106,95
3601,21,376,1124000,1039,492,547
3602,21,376,1124100,324,155,169
3603,21,376,1124200,64,34,30
3604,21,376,1124300,848,428,420
3605,21,376,1124400,150,68,82
3606,21,376,1124500,41,18,23
3607,21,376,1124600,24,13,11
3608,21,376,1124700,25,16,9
3609,21,376,1124800,145,72,73
3610,21,376,1124900,45,22,23
3611,21,376,1125000,31,15,16
3612,21,376,1125100,533,269,264
3613,21,376,1125200,244,121,123
3614,21,376,1125300,508,250,258
3615,21,376,1125400,0,0,0
3616,21,376,1125500,7,7,0
3617,21,376,1125600,0,0,0
3618,21,376,1125700,0,0,0
3619,21,376,1125800,268,131,137
3620,21,376,1125900,514,254,260
3621,21,376,1126000,1005,497,508
3622,21,376,1126100,457,223,234
3623,21,376,1126200,43,22,21
3624,21,376,1126300,1305,678,627
3625,21,376,1126400,0,0,0
3626,21,376,1126500,1127,614,513
3627,21,376,1126600,196,104,92
3628,21,376,1126700,0,0,0
3629,21,376,1126800,272,136,136
3630,21,376,1126900,1056,528,528
3631,21,376,1127000,0,0,0
3632,21,376,1127100,22,13,9
3633,21,376,1127200,53,26,27
3634,21,376,1127300,77,38,39
3635,21,376,1127400,195,107,88
3636,21,376,1127500,3,1,2
3637,21,376,1127600,403,206,197
3638,21,376,1127700,118,62,56
3639,21,376,1127800,166,88,78
3640,21,376,1127900,146,69,77
3641,21,376,1128000,329,162,167
3642,21,376,1128100,68,37,31
3643,21,376,1128200,266,131,135
3644,21,376,1128300,672,327,345
3645,21,376,1128400,813,403,410
3646,21,376,1128500,189,96,93
3647,21,376,1128600,123,64,59
3648,21,376,1128700,408,215,193
3649,21,376,1128800,208,101,107
3650,21,376,1128900,128,67,61
3651,21,376,1129000,447,219,228
3652,21,376,1129100,578,284,294
3653,21,376,1129200,276,148,128
3654,21,376,1129300,217,113,104
3655,21,376,1129400,339,170,169
3656,21,376,1129500,377,188,189
3657,21,376,1129600,854,429,425
3658,21,376,1129700,671,335,336
3659,21,376,1129800,753,381,372
3660,21,376,1129900,3830,1925,1905
3661,21,376,1130000,297,149,148
3662,21,376,1130100,258,128,130
3663,21,376,1130200,310,165,145
3664,21,376,1130300,452,224,228
3665,21,376,1130400,445,217,228
3666,21,376,1130500,1045,509,536
3667,21,376,1130600,832,405,427
3668,21,376,1130700,386,198,188
3669,21,376,1130800,490,247,243
3670,21,376,1130900,148,78,70
3671,21,376,1131000,195,88,107
3672,21,376,1131100,147,77,70
3673,21,376,1131200,181,86,95
3674,21,376,1131300,170,84,86
3675,21,376,1131400,91,36,55
3676,21,376,1131500,234,115,119
3677,21,376,1131600,194,96,98
3678,21,376,1131700,103,55,48
3679,21,376,1131800,28,11,17
3680,21,376,1131900,125,62,63
3681,21,376,1132000,127,68,59
3682,21,376,1132100,66,33,33
3683,21,376,1132200,24,10,14
3684,21,376,1132300,111,52,59
3685,21,376,1132400,401,192,209
3686,21,376,1132500,341,169,172
3687,21,376,1132600,154,84,70
3688,21,376,1132700,197,108,89
3689,21,376,1132800,204,103,101
3690,21,376,1132900,219,116,103
3691,21,376,1133000,287,136,151
3692,21,376,1133100,529,367,162
3693,21,376,1133200,169,83,86
3694,21,376,1133300,37,18,19
3695,21,376,1133400,1039,528,511
3696,21,376,1133500,0,0,0
3697,21,376,1133600,1351,685,666
3698,21,376,1133700,920,452,468
3699,21,376,1133800,516,268,248
3700,21,376,1133900,642,323,319
3701,21,376,1134000,745,369,376
3702,21,376,1134100,526,295,231
3703,21,376,1134200,596,297,299
3704,21,376,1134300,453,216,237
3705,21,376,1134400,906,430,476
3706,21,376,1134500,402,191,211
3707,21,376,1134600,571,271,300
3708,21,376,1134700,1537,788,749
3709,21,376,1134800,149,68,81
3710,21,376,1134900,501,257,244
3711,21,376,1135000,340,161,179
3712,21,376,1135100,497,232,265
3713,21,376,1135200,271,134,137
3714,21,376,1135300,543,259,284
3715,21,376,1135400,337,168,169
3716,21,376,1135500,407,190,217
3717,21,376,1135600,785,380,405
3718,21,376,1135700,743,379,364
3719,21,376,1135800,279,148,131
3720,21,376,1135900,575,298,277
3721,21,376,1136000,229,125,104
3722,21,376,1136100,438,206,232
3723,21,376,1136200,110,54,56
3724,21,376,1136300,134,68,66
3725,21,376,1136400,427,215,212
3726,21,376,1136500,596,299,297
3727,21,376,1136600,1824,898,926
3728,21,376,1136700,747,358,389
3729,21,376,1136800,642,327,315
3730,21,376,1136900,88,44,44
3731,21,376,1137000,413,206,207
3732,21,376,1137100,67,33,34
3733,21,376,1137200,156,78,78
3734,21,376,1137300,174,94,80
3735,21,376,1137400,201,96,105
3736,21,376,1137500,219,106,113
3737,21,376,1137600,111,53,58
3738,21,376,1137700,259,127,132
3739,21,376,1137800,31,16,15
3740,21,376,1137900,240,116,124
3741,21,376,1138000,278,137,141
3742,21,376,1138100,290,143,147
3743,21,376,1138200,54,22,32
3744,21,376,1138300,226,110,116
3745,21,376,1138400,192,96,96
3746,21,376,1138500,203,100,103
3747,21,376,1138600,67,37,30
3748,21,376,1138700,106,56,50
3749,21,376,1138800,0,0,0
3750,21,376,1138900,72,38,34
3751,21,376,1139000,446,253,193
3752,21,376,1139100,134,61,73
3753,21,376,1139200,248,108,140
3754,21,376,1139300,252,125,127
3755,21,376,1139400,93,45,48
3756,21,376,1139500,195,100,95
3757,21,376,1139600,156,76,80
3758,21,376,1139700,154,72,82
3759,21,376,1139800,195,90,105
3760,21,376,1139900,315,155,160
3761,21,376,1140000,76,32,44
3762,21,376,1140100,97,46,51
3763,21,376,1140200,354,167,187
3764,21,376,1140300,293,164,129
3765,21,376,1140400,104,49,55
3766,21,376,1140500,67,30,37
3767,21,376,1140600,81,38,43
3768,21,376,1140700,122,62,60
3769,21,376,1140800,0,0,0
3770,21,376,1140900,211,117,94
3771,21,376,1141000,117,59,58
3772,21,376,1141100,353,185,168
3773,21,376,1141200,377,197,180
3774,21,376,1141300,274,138,136
3775,21,376,1141400,258,139,119
3776,21,376,1141500,1,1,0
3777,21,376,1141600,254,134,120
3778,21,376,1141700,50,27,23
3779,21,376,1141800,1,1,0
3780,21,376,1141900,2,2,0
3781,21,376,1142000,2,2,0
3782,21,376,1142100,204,106,98
3783,21,376,1142200,2,2,0
3784,21,376,1142300,184,95,89
3785,21,376,1142400,3,3,0
3786,21,376,1142500,335,172,163
3787,21,376,1142600,809,411,398
3788,21,376,1142700,166,83,83
3789,21,376,1142800,718,356,362
3790,21,376,1142900,756,374,382
3791,21,376,1143000,774,393,381
3792,21,376,1143100,1116,543,573
3793,21,376,1143200,267,134,133
3794,21,376,1143300,150,68,82
3795,21,376,1143400,732,371,361
3796,21,376,1143500,1066,501,565
3797,21,376,1143600,400,193,207
3798,21,376,1143700,239,117,122
3799,21,376,1143800,1039,519,520
3800,21,376,1143900,484,243,241
3801,21,376,1144000,332,169,163
3802,21,376,1144100,419,195,224
3803,21,376,1144200,644,304,340
3804,21,376,1144300,1383,693,690
3805,21,376,1144400,838,423,415
3806,21,376,1144500,83,44,39
3807,21,376,1144600,184,90,94
3808,21,376,1144700,91,48,43
3809,21,376,1144800,229,119,110
3810,21,376,1144900,325,150,175
3811,21,376,1145000,83,35,48
3812,21,376,1145100,463,231,232
3813,21,376,1145200,554,262,292
3814,21,376,1145300,927,471,456
3815,21,376,1145400,471,225,246
3816,21,376,1145500,0,0,0
3817,21,376,1145600,165,80,85
3818,21,376,1145700,526,273,253
3819,21,376,1145800,0,0,0
3820,21,376,1145900,514,246,268
3821,21,376,1146000,209,113,96
3822,21,376,1146100,190,106,84
3823,21,376,1146200,976,494,482
3824,21,376,1146300,291,139,152
3825,21,376,1146400,108,50,58
3826,21,376,1146500,442,215,227
3827,21,376,1146600,685,329,356
3828,21,376,1146700,421,212,209
3829,21,376,1146800,728,362,366
3830,21,376,1146900,176,85,91
3831,21,376,1147000,324,160,164
3832,21,376,1147100,967,472,495
3833,21,376,1147200,962,452,510
3834,21,376,1147300,582,290,292
3835,21,376,1147400,195,96,99
3836,21,376,1147500,538,268,270
3837,21,376,1147600,317,176,141
3838,21,376,1147700,480,244,236
3839,21,376,1147800,371,190,181
3840,21,376,1147900,340,184,156
3841,21,376,1148000,639,356,283
3842,21,376,1148100,312,166,146
3843,21,376,1148200,106,55,51
3844,21,376,1148300,0,0,0
3845,21,376,1148400,0,0,0
3846,21,376,1148500,221,105,116
3847,21,376,1148600,307,147,160
3848,21,376,1148700,126,68,58
3849,21,376,1148800,0,0,0
3850,21,376,1148900,508,274,234
3851,21,376,1149000,212,103,109
3852,21,376,1149100,830,404,426
3853,21,376,1149200,7,5,2
3854,21,376,1149300,526,239,287
3855,21,376,1149400,610,301,309
3856,21,376,1149500,499,239,260
3857,21,376,1149600,103,52,51
3858,21,376,1149700,0,0,0
3859,21,376,1149800,0,0,0
3860,21,376,1149900,0,0,0
3861,21,376,1150000,3101,1593,1508
3862,21,376,1150100,509,258,251
3863,21,376,1150200,603,302,301
3864,21,376,1150300,704,333,371
3865,21,376,1150400,644,334,310
3866,21,376,1150500,511,242,269
3867,21,376,1150600,432,217,215
3868,21,376,1150700,329,167,162
3869,21,376,1150800,705,356,349
3870,21,376,1150900,238,118,120
3871,21,376,1151000,0,0,0
3872,21,376,1151100,627,298,329
3873,21,376,1151200,0,0,0
3874,21,376,1151300,1436,728,708
3875,21,376,1151400,423,210,213
3876,21,376,1151500,315,156,159
3877,21,376,1151600,365,187,178
3878,21,376,1151700,1275,640,635
3879,21,376,1151800,724,352,372
3880,21,376,1151900,466,239,227
3881,21,376,1152000,741,379,362
3882,21,376,1152100,552,283,269
3883,21,376,1152200,1061,525,536
3884,21,376,1152300,210,106,104
3885,21,376,1152400,322,163,159
3886,21,376,1152500,437,212,225
3887,21,376,1152600,373,190,183
3888,21,376,1152700,582,277,305
3889,21,376,1152800,793,408,385
3890,21,376,1152900,388,184,204
3891,21,376,1153000,325,168,157
3892,21,376,1153100,326,171,155
3893,21,376,1153200,262,128,134
3894,21,376,1153300,150,73,77
3895,21,376,1153400,380,195,185
3896,21,376,1153500,355,180,175
3897,21,376,1153600,0,0,0
3898,21,376,1153700,220,111,109
3899,21,376,1153800,45,22,23
3900,21,376,1153900,275,128,147
3901,21,376,1154000,445,224,221
3902,21,376,1154100,417,213,204
3903,21,376,1154200,321,147,174
3904,21,376,1154300,704,321,383
3905,21,376,1154400,528,270,258
3906,21,376,1154500,409,198,211
3907,21,376,1154600,591,298,293
3908,21,376,1154700,87,42,45
3909,21,376,1154800,376,187,189
3910,21,376,1154900,452,213,239
3911,21,376,1155000,321,156,165
3912,21,376,1155100,689,332,357
3913,21,376,1155200,494,231,263
3914,21,376,1155300,441,205,236
3915,21,376,1155400,116,57,59
3916,21,376,1155500,458,236,222
3917,21,376,1155600,310,157,153
3918,21,376,1155700,497,262,235
3919,21,376,1155800,742,359,383
3920,21,376,1155900,419,216,203
3921,21,376,1156000,446,228,218
3922,21,376,1156100,122,61,61
3923,21,376,1156200,197,95,102
3924,21,376,1156300,659,307,352
3925,21,376,1156400,186,100,86
3926,21,376,1156500,954,468,486
3927,21,376,1156600,385,201,184
3928,21,376,1156700,141,73,68
3929,21,376,1156800,698,340,358
3930,21,376,1156900,0,0,0
3931,21,376,1157000,723,405,318
3932,21,376,1157100,299,145,154
3933,21,376,1157200,771,374,397
3934,21,376,1157300,97,48,49
3935,21,376,1157400,414,217,197
3936,21,376,1157500,1330,665,665
3937,21,376,1157600,582,272,310
3938,21,376,1157700,140,64,76
3939,21,376,1157800,1140,574,566
3940,21,376,1157900,581,309,272
3941,21,376,1158000,1044,503,541
3942,21,376,1158100,466,223,243
3943,21,376,1158200,883,430,453
3944,21,376,1158300,1157,576,581
3945,21,376,1158400,905,454,451
3946,21,376,1158500,831,393,438
3947,21,376,1158600,464,238,226
3948,21,376,1158700,1010,508,502
3949,21,376,1158800,736,374,362
