,Statecode,Districtcode,VillageCode,Population,Males,Females
0,21,30,5030500,694,355,339
1,21,30,5030600,869,408,461
2,21,30,5030700,123,57,66
3,21,30,5030800,434,223,211
4,21,30,5030900,215,102,113
5,21,30,5031000,182,85,97
6,21,30,5031100,71,37,34
7,21,30,5031200,386,180,206
8,21,30,5031300,72,35,37
9,21,30,5031400,464,258,206
10,21,30,5031500,859,386,473
11,21,30,5031600,408,188,220
12,21,30,5031700,270,131,139
13,21,30,5031800,866,413,453
14,21,30,5031900,112,61,51
15,21,30,5032000,38,17,21
16,21,30,5032100,94,45,49
17,21,30,5032200,211,106,105
18,21,30,5032300,140,72,68
19,21,30,5032400,339,165,174
20,21,30,5032500,344,176,168
21,21,30,5032600,380,174,206
22,21,30,5032700,2328,1130,1198
23,21,30,5032800,434,229,205
24,21,30,5032900,667,323,344
25,21,30,5033000,414,218,196
26,21,30,5033100,414,211,203
27,21,30,5033200,333,152,181
28,21,30,5033300,241,114,127
29,21,30,5033400,153,87,66
30,21,30,5033500,404,194,210
31,21,30,5033600,835,434,401
32,21,30,5033700,116,54,62
33,21,30,5033800,364,176,188
34,21,30,5033900,1327,651,676
35,21,30,5034000,80,43,37
36,21,30,5034100,1889,991,898
37,21,30,5034200,2321,1156,1165
38,21,30,5034300,301,150,151
39,21,30,5034400,425,196,229
40,21,30,5034500,102,51,51
41,21,30,5034600,259,132,127
42,21,30,5034700,401,187,214
43,21,30,5034800,554,286,268
44,21,30,5034900,1447,758,689
45,21,30,5035000,479,237,242
46,21,30,5035100,1226,585,641
47,21,30,5035200,1918,953,965
48,21,30,5035300,285,138,147
49,21,30,5035400,567,295,272
50,21,30,5035500,145,80,65
51,21,30,5035600,540,267,273
52,21,30,5035700,124,59,65
53,21,30,5035800,260,131,129
54,21,30,5035900,495,225,270
55,21,30,5036000,1323,665,658
56,21,30,5036100,710,361,349
57,21,30,5036200,934,456,478
58,21,30,5036300,726,359,367
59,21,30,5036400,2052,999,1053
60,21,30,5036500,1133,540,593
61,21,30,5036600,500,253,247
62,21,30,5036700,492,240,252
63,21,30,5036800,822,418,404
64,21,30,5036900,634,309,325
65,21,30,5037000,479,213,266
66,21,30,5037100,170,82,88
67,21,30,5037200,171,84,87
68,21,30,5037300,226,112,114
69,21,30,5037400,329,178,151
70,21,30,5037500,795,389,406
71,21,30,5037600,547,269,278
72,21,30,5037700,304,140,164
73,21,30,5037800,133,72,61
74,21,30,5037900,137,75,62
75,21,30,5038000,189,83,106
76,21,30,5038100,349,165,184
77,21,30,5038200,173,94,79
78,21,30,5038300,262,127,135
79,21,30,5038400,663,345,318
80,21,30,5038500,303,138,165
81,21,30,5038600,381,196,185
82,21,30,5038700,189,94,95
83,21,30,5038800,54,24,30
84,21,30,5038900,171,81,90
85,21,30,5039000,212,96,116
86,21,30,5039100,230,119,111
87,21,30,5039200,281,136,145
88,21,30,5039300,490,255,235
89,21,30,5039400,277,141,136
90,21,30,5039500,163,78,85
91,21,30,5039600,406,198,208
92,21,30,5039700,284,146,138
93,21,30,5039800,298,142,156
94,21,30,5039900,852,425,427
95,21,30,5040000,49,29,20
96,21,30,5040100,46,21,25
97,21,30,5040200,374,195,179
98,21,30,5040300,430,209,221
99,21,30,5040400,111,57,54
100,21,30,5040500,0,0,0
101,21,30,5040600,323,158,165
102,21,30,5040700,668,340,328
103,21,30,5040800,345,165,180
104,21,30,5040900,346,167,179
105,21,30,5041000,1135,554,581
106,21,30,5041100,339,179,160
107,21,30,5041200,74,43,31
108,21,30,5041300,413,193,220
109,21,30,5041400,525,262,263
110,21,30,5041500,843,418,425
111,21,30,5041600,703,358,345
112,21,30,5041700,262,125,137
113,21,30,5041800,188,82,106
114,21,30,5041900,81,40,41
115,21,30,5042000,93,51,42
116,21,30,5042100,87,46,41
117,21,30,5042200,214,92,122
118,21,30,5042300,66,33,33
119,21,30,5042400,247,118,129
120,21,30,5042500,62,29,33
121,21,30,5042600,126,56,70
122,21,30,5042700,98,49,49
123,21,30,5042800,226,108,118
124,21,30,5042900,235,112,123
125,21,30,5043000,1002,480,522
126,21,30,5043100,2888,1461,1427
127,21,30,5043200,24,11,13
128,21,30,5043300,775,382,393
129,21,30,5043400,677,333,344
130,21,30,5043500,811,400,411
131,21,30,5043600,698,347,351
132,21,30,5043700,553,262,291
133,21,30,5043800,1246,620,626
134,21,30,5043900,288,144,144
135,21,30,5044000,1136,576,560
136,21,30,5044100,630,304,326
137,21,30,5044200,80,44,36
138,21,30,5044300,359,171,188
139,21,30,5044400,280,135,145
140,21,30,5044500,299,157,142
141,21,30,5044600,84,49,35
142,21,30,5044700,320,151,169
143,21,30,5044800,0,0,0
144,21,30,5044900,656,316,340
145,21,30,5045000,465,226,239
146,21,30,5045100,340,165,175
147,21,30,5045200,306,145,161
148,21,30,5045300,130,64,66
149,21,30,5045400,379,195,184
150,21,30,5045500,457,228,229
151,21,30,5045600,654,320,334
152,21,30,5045700,1581,897,684
153,21,30,5045800,0,0,0
154,21,30,5045900,4077,2042,2035
155,21,30,5046000,0,0,0
156,21,30,5046100,0,0,0
157,21,30,5046200,595,307,288
158,21,30,5046300,0,0,0
159,21,30,5046400,583,289,294
160,21,30,5046500,3493,1763,1730
161,21,30,5046600,649,323,326
162,21,30,5046700,16,12,4
163,21,30,5046800,29,17,12
164,21,30,5046900,1933,953,980
165,21,30,5047000,40,18,22
166,21,30,5047100,789,391,398
167,21,30,5047200,524,247,277
168,21,30,5047300,502,255,247
169,21,30,5047400,3872,2037,1835
170,21,30,5047500,31,15,16
171,21,30,5047600,0,0,0
172,21,30,5047700,0,0,0
173,21,30,5047800,0,0,0
174,21,30,5047900,249,119,130
175,21,30,5048000,285,140,145
176,21,30,5048100,1596,816,780
177,21,30,5048200,0,0,0
178,21,30,5048300,0,0,0
179,21,30,5048400,0,0,0
180,21,30,5048500,2822,1433,1389
181,21,30,5048600,0,0,0
182,21,30,5048700,0,0,0
183,21,30,5048800,0,0,0
184,21,30,5048900,2662,1359,1303
185,21,30,5049000,0,0,0
186,21,30,5049100,672,336,336
187,21,30,5049200,1108,547,561
188,21,30,5049300,594,291,303
189,21,30,5049400,2775,1381,1394
190,21,30,5049500,0,0,0
191,21,30,5049600,77,40,37
192,21,30,5049700,269,135,134
193,21,30,5049800,58,29,29
194,21,30,5049900,0,0,0
195,21,30,5050000,0,0,0
196,21,30,5050100,94,51,43
197,21,30,5050200,0,0,0
198,21,30,5050300,587,291,296
199,21,30,5050400,173,95,78
200,21,30,5050500,264,131,133
201,21,30,5050600,565,292,273
202,21,30,5050700,686,353,333
203,21,30,5050800,13,7,6
204,21,30,5050900,371,191,180
205,21,30,5051000,477,244,233
206,21,30,5051100,741,370,371
207,21,30,5051200,811,412,399
208,21,30,5051300,731,363,368
209,21,30,5051400,685,336,349
210,21,30,5051500,444,232,212
211,21,30,5051600,111,53,58
212,21,30,5051700,56,32,24
213,21,30,5051800,65,36,29
214,21,30,5051900,98,53,45
215,21,30,5052000,584,285,299
216,21,30,5052100,262,116,146
217,21,30,5052200,335,179,156
218,21,30,5052300,1343,678,665
219,21,30,5052400,562,265,297
220,21,30,5052500,285,136,149
221,21,30,5052600,443,215,228
222,21,30,5052700,184,85,99
223,21,30,5052800,474,245,229
224,21,30,5052900,143,80,63
225,21,30,5053000,404,186,218
226,21,30,5053100,1091,587,504
227,21,30,5053200,258,132,126
228,21,30,5053300,785,379,406
229,21,30,5053400,909,478,431
230,21,30,5053500,474,242,232
231,21,30,5053600,356,173,183
232,21,30,5053700,827,386,441
233,21,30,5053800,1112,543,569
234,21,30,5053900,2545,1331,1214
235,21,30,5054000,1,0,1
236,21,30,5054100,29,14,15
237,21,30,5054200,48,21,27
238,21,30,5054300,19,9,10
239,21,30,5054400,65,28,37
240,21,30,5054500,0,0,0
241,21,30,5054600,36,20,16
242,21,30,5054700,35,14,21
243,21,30,5054800,116,58,58
244,21,30,5054900,86,31,55
245,21,30,5055000,91,46,45
246,21,30,5055100,112,58,54
247,21,30,5055200,46,21,25
248,21,30,5055300,29,13,16
249,21,30,5055400,64,32,32
250,21,30,5055500,20,11,9
251,21,30,5055600,40,19,21
252,21,30,5055700,42,22,20
253,21,30,5055800,34,20,14
254,21,30,5055900,36,19,17
255,21,30,5056000,409,211,198
256,21,30,5056100,500,246,254
257,21,30,5056200,466,226,240
258,21,30,5056300,80,42,38
259,21,30,5056400,145,74,71
260,21,30,5056500,1047,517,530
261,21,30,5056600,319,157,162
262,21,30,5056700,599,293,306
263,21,30,5056800,678,336,342
264,21,30,5056900,554,291,263
265,21,30,5057000,110,54,56
266,21,30,5057100,55,28,27
267,21,30,5057200,358,172,186
268,21,30,5057300,403,203,200
269,21,30,5057400,338,174,164
270,21,30,5057500,162,83,79
271,21,30,5057600,38,23,15
272,21,30,5057700,1119,568,551
273,21,30,5057800,726,350,376
274,21,30,5057900,627,310,317
275,21,30,5058000,240,126,114
276,21,30,5058100,142,69,73
277,21,30,5058200,86,38,48
278,21,30,5058300,940,464,476
279,21,30,5058400,1028,491,537
280,21,30,5058500,2241,1152,1089
281,21,30,5058600,405,213,192
282,21,30,5058700,379,203,176
283,21,30,5058800,385,198,187
284,21,30,5058900,401,190,211
285,21,30,5059000,259,137,122
286,21,30,5059100,310,160,150
287,21,30,5059200,1225,652,573
288,21,30,5059300,33,14,19
289,21,30,5059400,50,28,22
290,21,30,5059500,1161,571,590
291,21,30,5059600,1203,576,627
292,21,30,5059700,205,106,99
293,21,30,5059800,442,228,214
294,21,30,5059900,364,180,184
295,21,30,5060000,168,83,85
296,21,30,5060100,3340,1677,1663
297,21,30,5060200,29,14,15
298,21,30,5060300,43,24,19
299,21,30,5060400,221,104,117
300,21,30,5060500,592,260,332
301,21,30,5060600,724,351,373
302,21,30,5060700,248,123,125
303,21,30,5060800,255,117,138
304,21,30,5060900,656,357,299
305,21,30,5061000,86,46,40
306,21,30,5061100,190,94,96
307,21,30,5061200,42,22,20
308,21,30,5061300,21,12,9
309,21,30,5061400,245,117,128
310,21,30,5061500,469,220,249
311,21,30,5061600,224,106,118
312,21,30,5061700,585,281,304
313,21,30,5061800,127,70,57
314,21,30,5061900,322,146,176
315,21,30,5062000,1060,525,535
316,21,30,5062100,184,90,94
317,21,30,5062200,359,179,180
318,21,30,5062300,1772,858,914
319,21,30,5062400,215,104,111
320,21,30,5062500,203,92,111
321,21,30,5062600,373,188,185
322,21,30,5062700,414,196,218
323,21,30,5062800,214,105,109
324,21,30,5062900,159,82,77
325,21,30,5063000,87,43,44
326,21,30,5063100,313,145,168
327,21,30,5063200,440,220,220
328,21,30,5063300,302,136,166
329,21,30,5063400,486,231,255
330,21,30,5063500,995,544,451
331,21,30,5063600,301,138,163
332,21,30,5063700,221,119,102
333,21,30,5063800,494,240,254
334,21,30,5063900,0,0,0
335,21,30,5064000,2358,1161,1197
336,21,30,5064100,27,13,14
337,21,30,5064200,261,131,130
338,21,30,5064300,175,88,87
339,21,30,5064400,283,139,144
340,21,30,5064500,109,58,51
341,21,30,5064600,203,109,94
342,21,30,5064700,540,277,263
343,21,30,5064800,17,10,7
344,21,30,5064900,12,5,7
345,21,30,5065000,252,130,122
346,21,30,5065100,226,111,115
347,21,30,5065200,471,239,232
348,21,30,5065300,141,71,70
349,21,30,5065400,260,117,143
350,21,30,5065500,202,94,108
351,21,30,5065600,227,122,105
352,21,30,5065700,104,51,53
353,21,30,5065800,110,50,60
354,21,30,5065900,276,145,131
355,21,30,5066000,58,25,33
356,21,30,5066100,403,194,209
357,21,30,5066200,226,131,95
358,21,30,5066300,205,94,111
359,21,30,5066400,94,42,52
360,21,30,5066500,94,41,53
361,21,30,5066600,120,53,67
362,21,30,5066700,95,47,48
363,21,30,5066800,237,114,123
364,21,30,5066900,114,52,62
365,21,30,5067000,30,16,14
366,21,30,5067100,142,67,75
367,21,30,5067200,63,29,34
368,21,30,5067300,134,68,66
369,21,30,5067400,138,65,73
370,21,30,5067500,107,47,60
371,21,30,5067600,31,13,18
372,21,30,5067700,107,45,62
373,21,30,5067800,58,31,27
374,21,30,5067900,0,0,0
375,21,30,5068000,655,334,321
376,21,30,5068100,444,222,222
377,21,30,5068200,243,124,119
378,21,30,5068300,92,29,63
379,21,30,5068400,183,79,104
380,21,30,5068500,489,243,246
381,21,30,5068600,196,94,102
382,21,30,5068700,305,156,149
383,21,30,5068800,423,201,222
384,21,30,5068900,197,95,102
385,21,30,5069000,157,76,81
386,21,30,5069100,132,63,69
387,21,30,5069200,169,84,85
388,21,30,5069300,335,161,174
389,21,30,5069400,372,187,185
390,21,30,5069500,281,138,143
391,21,30,5069600,160,75,85
392,21,30,5069700,213,98,115
393,21,30,5069800,0,0,0
394,21,30,5069900,0,0,0
395,21,30,5070000,0,0,0
396,21,30,5070100,62,35,27
397,21,30,5070200,129,67,62
398,21,30,5070300,185,99,86
399,21,30,5070400,124,58,66
400,21,30,5070500,1086,591,495
401,21,30,5070600,65,33,32
402,21,30,5070700,550,297,253
403,21,30,5070800,320,155,165
404,21,30,5070900,111,59,52
405,21,30,5071000,445,199,246
406,21,30,5071100,219,109,110
407,21,30,5071200,1043,515,528
408,21,30,5071300,566,269,297
409,21,30,5071400,72,28,44
410,21,30,5071500,65,29,36
411,21,30,5071600,266,107,159
412,21,30,5071700,308,160,148
413,21,30,5071800,0,0,0
414,21,30,5071900,0,0,0
415,21,30,5072000,0,0,0
416,21,30,5072100,83,38,45
417,21,30,5072200,201,94,107
418,21,30,5072300,0,0,0
419,21,30,5072400,21,9,12
420,21,30,5072500,247,116,131
421,21,30,5072600,174,80,94
422,21,30,5072700,131,69,62
423,21,30,5072800,82,35,47
424,21,30,5072900,182,77,105
425,21,30,5073000,0,0,0
426,21,30,5073100,773,370,403
427,21,30,5073200,373,167,206
428,21,30,5073300,267,102,165
429,21,30,5073400,715,474,241
430,21,30,5073500,218,109,109
431,21,30,5073600,188,76,112
432,21,30,5073700,54,25,29
433,21,30,5073800,117,58,59
434,21,30,5073900,257,111,146
435,21,30,5074000,82,33,49
436,21,30,5074100,98,44,54
437,21,30,5074200,54,23,31
438,21,30,5074300,325,155,170
439,21,30,5074400,58,25,33
440,21,30,5074500,129,57,72
441,21,30,5074600,300,145,155
442,21,30,5074700,78,37,41
443,21,30,5074800,148,64,84
444,21,30,5074900,439,204,235
445,21,30,5075000,60,26,34
446,21,30,5075100,237,119,118
447,21,30,5075200,151,72,79
448,21,30,5075300,114,60,54
449,21,30,5075400,138,64,74
450,21,30,5075500,256,107,149
451,21,30,5075600,129,68,61
452,21,30,5075700,350,161,189
453,21,30,5075800,204,99,105
454,21,30,5075900,156,68,88
455,21,30,5076000,80,38,42
456,21,30,5076100,213,101,112
457,21,30,5076200,70,35,35
458,21,30,5076300,123,55,68
459,21,30,5076400,131,60,71
460,21,30,5076500,22,7,15
461,21,30,5076600,64,32,32
462,21,30,5076700,328,167,161
463,21,30,5076800,29,16,13
464,21,30,5076900,35,18,17
465,21,30,5077000,121,51,70
466,21,30,5077100,280,133,147
467,21,30,5077200,212,97,115
468,21,30,5077300,80,37,43
469,21,30,5077400,70,39,31
470,21,30,5077500,15,7,8
471,21,30,5077600,224,115,109
472,21,30,5077700,116,56,60
473,21,30,5077800,182,89,93
474,21,30,5077900,452,249,203
475,21,30,5078000,175,84,91
476,21,30,5078100,87,37,50
477,21,30,5078200,51,23,28
478,21,30,5078300,55,26,29
479,21,30,5078400,158,69,89
480,21,30,5078500,319,158,161
481,21,30,5078600,106,55,51
482,21,30,5078700,65,31,34
483,21,30,5078800,335,165,170
484,21,30,5078900,331,164,167
485,21,30,5079000,205,94,111
486,21,30,5079100,233,108,125
487,21,30,5079200,125,59,66
488,21,30,5079300,80,32,48
489,21,30,5079400,85,42,43
490,21,30,5079500,51,26,25
491,21,30,5079600,198,97,101
492,21,30,5079700,248,125,123
493,21,30,5079800,184,98,86
494,21,30,5079900,37,18,19
495,21,30,5080000,27,15,12
496,21,30,5080100,82,38,44
497,21,30,5080200,59,29,30
498,21,30,5080300,54,29,25
499,21,30,5080400,67,34,33
500,21,30,5080500,58,28,30
501,21,30,5080600,120,58,62
502,21,30,5080700,171,85,86
503,21,30,5080800,65,26,39
504,21,30,5080900,124,59,65
505,21,30,5081000,36,16,20
506,21,30,5081100,0,0,0
507,21,30,5081200,20,11,9
508,21,30,5081300,31,18,13
509,21,30,5081400,86,46,40
510,21,30,5081500,497,236,261
511,21,30,5081600,65,36,29
512,21,30,5081700,1174,590,584
513,21,30,5081800,30,15,15
514,21,30,5081900,96,48,48
515,21,30,5082000,160,75,85
516,21,30,5082100,21,9,12
517,21,30,5082200,247,130,117
518,21,30,5082300,132,68,64
519,21,30,5082400,218,109,109
520,21,30,5082500,48,21,27
521,21,30,5082600,37,15,22
522,21,30,5082700,99,51,48
523,21,30,5082800,0,0,0
524,21,30,5082900,30,16,14
525,21,30,5083000,21,14,7
526,21,30,5083100,40,22,18
527,21,30,5083200,26,14,12
528,21,30,5083300,33,16,17
529,21,30,5083400,40,19,21
530,21,30,5083500,27,13,14
531,21,30,5083600,27,19,8
532,21,30,5083700,343,183,160
533,21,30,5083800,27,14,13
534,21,30,5083900,89,43,46
535,21,30,5084000,46,25,21
536,21,30,5084100,57,25,32
537,21,30,5084200,86,42,44
538,21,30,5084300,72,35,37
539,21,30,5084400,143,70,73
540,21,30,5084500,208,93,115
541,21,30,5084600,114,59,55
542,21,30,5084700,84,45,39
543,21,30,5084800,70,37,33
544,21,30,5084900,78,39,39
545,21,30,5085000,36,16,20
546,21,30,5085100,35,16,19
547,21,30,5085200,27,14,13
548,21,30,5085300,259,134,125
549,21,30,5085400,35,16,19
550,21,30,5085500,35,17,18
551,21,30,5085600,43,21,22
552,21,30,5085700,87,39,48
553,21,30,5085800,302,151,151
554,21,30,5085900,243,122,121
555,21,30,5086000,78,39,39
556,21,30,5086100,44,20,24
557,21,30,5086200,100,51,49
558,21,30,5086300,78,38,40
559,21,30,5086400,237,109,128
560,21,30,5086500,166,79,87
561,21,30,5086600,97,49,48
562,21,30,5086700,111,58,53
563,21,30,5086800,114,51,63
564,21,30,5086900,314,160,154
565,21,30,5087000,215,102,113
566,21,30,5087100,178,82,96
567,21,30,5087200,291,160,131
568,21,30,5087300,199,101,98
569,21,30,5087400,223,114,109
570,21,30,5087500,0,0,0
571,21,30,5087600,65,31,34
572,21,30,5087700,342,187,155
573,21,30,5087800,196,97,99
574,21,30,5087900,77,34,43
575,21,30,5088000,117,66,51
576,21,30,5088100,92,44,48
577,21,30,5088200,114,65,49
578,21,30,5088300,86,51,35
579,21,30,5088400,48,28,20
580,21,30,5088500,44,29,15
581,21,30,5088600,92,51,41
582,21,30,5088700,103,59,44
583,21,30,5088800,51,33,18
584,21,30,5088900,36,16,20
585,21,30,5089000,41,20,21
586,21,30,5089100,94,50,44
587,21,30,5089200,7,6,1
588,21,30,5089300,91,47,44
589,21,30,5089400,79,33,46
590,21,30,5089500,12,3,9
591,21,30,5089600,65,35,30
592,21,30,5089700,332,158,174
593,21,30,5089800,314,151,163
594,21,30,5089900,420,204,216
595,21,30,5090000,124,57,67
596,21,30,5090100,15,5,10
597,21,30,5090200,99,48,51
598,21,30,5090300,92,38,54
599,21,30,5090400,55,30,25
600,21,30,5090500,6,5,1
601,21,30,5090600,0,0,0
602,21,30,5090700,401,198,203
603,21,30,5090800,174,83,91
604,21,30,5090900,72,32,40
605,21,30,5091000,82,40,42
606,21,30,5091100,213,111,102
607,21,30,5091200,248,129,119
608,21,30,5091300,87,43,44
609,21,30,5091400,87,43,44
610,21,30,5091500,182,87,95
611,21,30,5091600,105,57,48
612,21,30,5091700,25,14,11
613,21,30,5091800,10,6,4
614,21,30,5091900,77,40,37
615,21,30,5092000,391,210,181
616,21,30,5092100,179,91,88
617,21,30,5092200,124,64,60
618,21,30,5092300,320,177,143
619,21,30,5092400,155,72,83
620,21,30,5092500,88,47,41
621,21,30,5092600,146,75,71
622,21,30,5092700,165,79,86
623,21,30,5092800,5217,2674,2543
624,21,30,5092900,80,43,37
625,21,30,5093000,361,175,186
626,21,30,5093100,50,28,22
627,21,30,5093200,162,82,80
628,21,30,5093300,509,248,261
629,21,30,5093400,408,199,209
630,21,30,5093500,286,155,131
631,21,30,5093600,145,77,68
632,21,30,5093700,531,268,263
633,21,30,5093800,641,344,297
634,21,30,5093900,34,14,20
635,21,30,5094000,33,16,17
636,21,30,5094100,57,30,27
637,21,30,5094200,81,40,41
638,21,30,5094300,96,51,45
639,21,30,5094400,39,18,21
640,21,30,5094500,477,233,244
641,21,30,5094600,290,134,156
642,21,30,5094700,129,64,65
643,21,30,5094800,41,21,20
644,21,30,5094900,325,159,166
645,21,30,5095000,668,318,350
646,21,30,5095100,527,240,287
647,21,30,5095200,392,182,210
648,21,30,5095300,133,60,73
649,21,30,5095400,233,112,121
650,21,30,5095500,347,170,177
651,21,30,5095600,470,229,241
652,21,30,5095700,254,116,138
653,21,30,5095800,832,420,412
654,21,30,5095900,257,127,130
655,21,30,5096000,161,85,76
656,21,30,5096100,141,69,72
657,21,30,5096200,119,58,61
658,21,30,5096300,163,72,91
659,21,30,5096400,87,42,45
660,21,30,5096500,351,175,176
661,21,30,5096600,85,38,47
662,21,30,5096700,448,213,235
663,21,30,5096800,447,209,238
664,21,30,5096900,742,348,394
665,21,30,5097000,294,146,148
666,21,30,5097100,148,72,76
667,21,30,5097200,35,16,19
668,21,30,5097300,124,69,55
669,21,30,5097400,43,24,19
670,21,30,5097500,14,7,7
671,21,30,5097600,18,6,12
672,21,30,5097700,47,22,25
673,21,30,5097800,82,46,36
674,21,30,5097900,21,14,7
675,21,30,5098000,105,53,52
676,21,30,5098100,41,20,21
677,21,30,5098200,89,51,38
678,21,30,5098300,57,32,25
679,21,30,5098400,136,71,65
680,21,30,5098500,83,42,41
681,21,30,5098600,54,26,28
682,21,30,5098700,233,123,110
683,21,30,5098800,88,42,46
684,21,30,5098900,102,49,53
685,21,30,5099000,36,17,19
686,21,30,5099100,233,120,113
687,21,30,5099200,37,18,19
688,21,30,5099300,156,73,83
689,21,30,5099400,36,14,22
690,21,30,5099500,96,43,53
691,21,30,5099600,241,128,113
692,21,30,5099700,228,116,112
693,21,30,5099800,238,119,119
694,21,30,5099900,46,22,24
695,21,30,5100000,188,98,90
696,21,30,5100100,326,151,175
697,21,30,5100200,40,21,19
698,21,30,5100300,31,19,12
699,21,30,5100400,40,20,20
700,21,30,5100500,10,4,6
701,21,30,5100600,255,125,130
702,21,30,5100700,220,109,111
703,21,30,5100800,73,35,38
704,21,30,5100900,0,0,0
705,21,30,5101000,0,0,0
706,21,30,5101100,1416,706,710
707,21,30,5101200,231,109,122
708,21,30,5101300,406,191,215
709,21,30,5101400,947,460,487
710,21,30,5101500,525,254,271
711,21,30,5101600,705,347,358
712,21,30,5101700,455,226,229
713,21,30,5101800,1139,549,590
714,21,30,5101900,478,231,247
715,21,30,5102000,23,12,11
716,21,30,5102100,175,94,81
717,21,30,5102200,0,0,0
718,21,30,5102300,115,54,61
719,21,30,5102400,86,40,46
720,21,30,5102500,49,22,27
721,21,30,5102600,1171,568,603
722,21,30,5102700,234,108,126
723,21,30,5102800,207,103,104
724,21,30,5102900,269,127,142
725,21,30,5103000,274,136,138
726,21,30,5103100,359,167,192
727,21,30,5103200,108,52,56
728,21,30,5103300,427,222,205
729,21,30,5103400,537,264,273
730,21,30,5103500,932,472,460
731,21,30,5103600,151,72,79
732,21,30,5103700,28,15,13
733,21,30,5103800,110,56,54
734,21,30,5103900,196,98,98
735,21,30,5104000,272,133,139
736,21,30,5104100,137,67,70
737,21,30,5104200,1424,670,754
738,21,30,5104300,495,246,249
739,21,30,5104400,80,35,45
740,21,30,5104500,276,122,154
741,21,30,5104600,328,164,164
742,21,30,5104700,1922,1051,871
743,21,30,5104800,16,6,10
744,21,30,5104900,339,105,234
745,21,30,5105000,464,210,254
746,21,30,5105100,29,14,15
747,21,30,5105200,124,58,66
748,21,30,5105300,0,0,0
749,21,30,5105400,60,24,36
750,21,30,5105500,136,63,73
751,21,30,5105600,105,53,52
752,21,30,5105700,43,22,21
753,21,30,5105800,77,39,38
754,21,30,5105900,68,32,36
755,21,30,5106000,157,76,81
756,21,30,5106100,96,46,50
757,21,30,5106200,72,36,36
758,21,30,5106300,262,134,128
759,21,30,5106400,576,289,287
760,21,30,5106500,312,161,151
761,21,30,5106600,240,125,115
762,21,30,5106700,350,175,175
763,21,30,5106800,0,0,0
764,21,30,5106900,281,140,141
765,21,30,5107000,85,41,44
766,21,30,5107100,65,29,36
767,21,30,5107200,146,73,73
768,21,30,5107300,65,29,36
769,21,30,5107400,50,24,26
770,21,30,5107500,48,23,25
771,21,30,5107600,56,24,32
772,21,30,5107700,116,60,56
773,21,30,5107800,115,52,63
774,21,30,5107900,382,192,190
775,21,30,5108000,214,104,110
776,21,30,5108100,1599,778,821
777,21,30,5108200,0,0,0
778,21,30,5108300,0,0,0
779,21,30,5108400,0,0,0
780,21,30,5108500,138,73,65
781,21,30,5108600,525,270,255
782,21,30,5108700,407,193,214
783,21,30,5108800,1024,523,501
784,21,30,5108900,0,0,0
785,21,30,5109000,814,422,392
786,21,30,5109100,303,152,151
787,21,30,5109200,2198,1119,1079
788,21,30,5109300,219,107,112
789,21,30,5109400,357,171,186
790,21,30,5109500,765,386,379
791,21,30,5109600,68,29,39
792,21,30,5109700,23,13,10
793,21,30,5109800,0,0,0
794,21,30,5109900,332,152,180
795,21,30,5110000,943,464,479
796,21,30,5110100,153,77,76
797,21,30,5110200,171,80,91
798,21,30,5110300,344,179,165
799,21,30,5110400,0,0,0
800,21,30,5110500,379,187,192
801,21,30,5110600,2512,1262,1250
802,21,30,5110700,311,160,151
803,21,30,5110800,3721,1878,1843
804,21,30,5110900,1674,823,851
805,21,30,5111000,122,57,65
806,21,30,5111100,914,436,478
807,21,30,5111200,1262,638,624
808,21,30,5111300,118,63,55
809,21,30,5111400,463,219,244
810,21,30,5111500,500,255,245
811,21,30,5111600,282,145,137
812,21,30,5111700,217,109,108
813,21,30,5111800,110,57,53
814,21,30,5111900,552,270,282
815,21,30,5112000,628,301,327
816,21,30,5112100,938,472,466
817,21,30,5112200,0,0,0
818,21,30,5112300,51,26,25
819,21,30,5112400,357,172,185
820,21,30,5112500,512,256,256
821,21,30,5112600,674,294,380
822,21,30,5112700,114,51,63
823,21,30,5112800,123,59,64
824,21,30,5112900,105,51,54
825,21,30,5113000,503,238,265
826,21,30,5113100,419,208,211
827,21,30,5113200,373,168,205
828,21,30,5113300,620,337,283
829,21,30,5113400,58,28,30
830,21,30,5113500,15,6,9
831,21,30,5113600,160,75,85
832,21,30,5113700,1054,523,531
833,21,30,5113800,383,180,203
834,21,30,5113900,0,0,0
835,21,30,5114000,0,0,0
836,21,30,5114100,339,162,177
837,21,30,5114200,326,153,173
838,21,30,5114300,545,271,274
839,21,30,5114400,4142,2128,2014
840,21,30,5114500,709,342,367
841,21,30,5114600,357,175,182
842,21,30,5114700,1126,577,549
843,21,30,5114800,379,179,200
844,21,30,5114900,59,29,30
845,21,30,5115000,74,34,40
846,21,30,5115100,48,25,23
847,21,30,5115200,94,46,48
848,21,30,5115300,47,25,22
849,21,30,5115400,481,230,251
850,21,30,5115500,617,316,301
851,21,30,5115600,1177,563,614
852,21,30,5115700,1270,668,602
853,21,30,5115800,116,58,58
854,21,30,5115900,1122,594,528
855,21,30,5116000,0,0,0
856,21,30,5116100,0,0,0
857,21,30,5116200,232,123,109
858,21,30,5116300,0,0,0
859,21,30,5116400,146,72,74
860,21,30,5116500,137,62,75
861,21,30,5116600,697,323,374
862,21,30,5116700,69,36,33
863,21,30,5116800,457,233,224
864,21,30,5116900,79,39,40
865,21,30,5117000,3436,1763,1673
866,21,30,5117100,1552,790,762
867,21,30,5117200,51,27,24
868,21,30,5117300,1405,720,685
869,21,30,5117400,1304,635,669
870,21,30,5117500,2128,1115,1013
871,21,30,5117600,465,234,231
872,21,30,5117700,880,452,428
873,21,30,5117800,445,213,232
874,21,30,5117900,204,106,98
875,21,30,5118000,495,255,240
876,21,30,5118100,1282,663,619
877,21,30,5118200,325,167,158
878,21,30,5118300,841,428,413
879,21,30,5118400,1072,470,602
880,21,30,5118500,1901,911,990
881,21,30,5118600,498,252,246
882,21,30,5118700,959,528,431
883,21,30,5118800,6613,3432,3181
884,21,30,5118900,733,367,366
885,21,30,5119000,573,289,284
886,21,30,5119100,897,449,448
887,21,30,5119200,209,101,108
888,21,30,5119300,1792,899,893
889,21,30,5119400,131,63,68
890,21,30,5119500,354,181,173
891,21,30,5119600,809,395,414
892,21,30,5119700,970,503,467
893,21,30,5119800,503,254,249
894,21,30,5119900,1928,1020,908
895,21,30,5120000,1671,860,811
896,21,30,5120100,492,228,264
897,21,30,5120200,425,207,218
898,21,30,5120300,512,259,253
899,21,30,5120400,304,158,146
900,21,30,5120500,595,300,295
901,21,30,5120600,2649,1366,1283
902,21,30,5120700,0,0,0
903,21,30,5120800,0,0,0
904,21,30,5120900,0,0,0
905,21,30,5121000,65,37,28
906,21,30,5121100,41,17,24
907,21,30,5121200,23,14,9
908,21,30,5121300,2454,1225,1229
909,21,30,5121400,153,72,81
910,21,30,5121500,517,252,265
911,21,30,5121600,474,235,239
912,21,30,5121700,272,139,133
913,21,30,5121800,453,226,227
914,21,30,5121900,256,130,126
915,21,30,5122000,96,44,52
916,21,30,5122100,335,168,167
917,21,30,5122200,108,58,50
918,21,30,5122300,37,19,18
919,21,30,5122400,157,81,76
920,21,30,5122500,45,22,23
921,21,30,5122600,52,22,30
922,21,30,5122700,167,85,82
923,21,30,5122800,163,80,83
924,21,30,5122900,328,164,164
925,21,30,5123000,186,83,103
926,21,30,5123100,415,207,208
927,21,30,5123200,132,65,67
928,21,30,5123300,479,224,255
929,21,30,5123400,203,87,116
930,21,30,5123500,583,280,303
931,21,30,5123600,1041,526,515
932,21,30,5123700,192,97,95
933,21,30,5123800,0,0,0
934,21,30,5123900,594,291,303
935,21,30,5124000,182,90,92
936,21,30,5124100,70,39,31
937,21,30,5124200,0,0,0
938,21,30,5124300,112,52,60
939,21,30,5124400,144,74,70
940,21,30,5124500,27,13,14
941,21,30,5124600,138,66,72
942,21,30,5124700,68,37,31
943,21,30,5124800,37,15,22
944,21,30,5124900,122,56,66
945,21,30,5125000,190,94,96
946,21,30,5125100,62,36,26
947,21,30,5125200,279,125,154
948,21,30,5125300,232,112,120
949,21,30,5125400,0,0,0
950,21,30,5125500,322,168,154
951,21,30,5125600,134,68,66
952,21,30,5125700,102,48,54
953,21,30,5125800,517,250,267
954,21,30,5125900,116,55,61
955,21,30,5126000,33,17,16
956,21,30,5126100,414,196,218
957,21,30,5126200,305,159,146
958,21,30,5126300,131,52,79
959,21,30,5126400,239,115,124
960,21,30,5126500,1042,527,515
961,21,30,5126600,1621,838,783
962,21,30,5126700,1269,622,647
963,21,30,5126800,2009,1010,999
964,21,30,5126900,1299,649,650
965,21,30,5127000,2733,1421,1312
966,21,30,5127100,277,130,147
967,21,30,5127200,875,442,433
968,21,30,5127300,1669,861,808
969,21,30,5127400,1074,531,543
970,21,30,5127500,383,181,202
971,21,30,5127600,2109,1102,1007
972,21,30,5127700,110,56,54
973,21,30,5127800,1613,797,816
974,21,30,5127900,0,0,0
975,21,30,5128000,288,149,139
976,21,30,5128100,459,235,224
977,21,30,5128200,541,279,262
978,21,30,5128300,1715,843,872
979,21,30,5128400,682,349,333
980,21,30,5128500,268,129,139
981,21,30,5128600,736,362,374
982,21,30,5128700,551,277,274
983,21,30,5128800,64,30,34
984,21,30,5128900,2493,1276,1217
985,21,30,5129000,2577,1279,1298
986,21,30,5129100,112,60,52
987,21,30,5129200,1130,543,587
988,21,30,5129300,107,60,47
989,21,30,5129400,68,32,36
990,21,30,5129500,85,42,43
991,21,30,5129600,56,26,30
992,21,30,5129700,989,481,508
993,21,30,5129800,492,253,239
994,21,30,5129900,36,15,21
995,21,30,5130000,21,10,11
996,21,30,5130100,0,0,0
997,21,30,5130200,0,0,0
998,21,30,5130300,14,7,7
999,21,30,5130400,68,32,36
1000,21,30,5130500,90,47,43
1001,21,30,5130600,490,235,255
1002,21,30,5130700,1050,512,538
1003,21,30,5130800,1382,707,675
1004,21,30,5130900,940,443,497
1005,21,30,5131000,1810,882,928
1006,21,30,5131100,1331,664,667
1007,21,30,5131200,0,0,0
1008,21,30,5131300,118,61,57
1009,21,30,5131400,1375,667,708
1010,21,30,5131500,531,274,257
1011,21,30,5131600,0,0,0
1012,21,30,5131700,3010,1491,1519
1013,21,30,5131800,72,32,40
1014,21,30,5131900,713,364,349
1015,21,30,5132000,1365,665,700
1016,21,30,5132100,1961,1020,941
1017,21,30,5132200,304,146,158
1018,21,30,5132300,149,79,70
1019,21,30,5132400,420,204,216
1020,21,30,5132500,350,174,176
1021,21,30,5132600,416,192,224
1022,21,30,5132700,17,8,9
1023,21,30,5132800,847,452,395
1024,21,30,5132900,152,77,75
1025,21,30,5133000,121,58,63
1026,21,30,5133100,0,0,0
1027,21,30,5133200,33,16,17
1028,21,30,5133300,129,67,62
1029,21,30,5133400,148,71,77
1030,21,30,5133500,222,116,106
1031,21,30,5133600,1976,1018,958
1032,21,30,5133700,1399,772,627
1033,21,30,5133800,506,255,251
1034,21,30,5133900,113,59,54
1035,21,30,5134000,121,59,62
1036,21,30,5134100,0,0,0
1037,21,30,5134200,85,40,45
1038,21,30,5134300,204,111,93
1039,21,30,5134400,0,0,0
1040,21,30,5134500,381,192,189
1041,21,30,5134600,105,51,54
1042,21,30,5134700,311,155,156
1043,21,30,5134800,340,177,163
1044,21,30,5134900,170,85,85
