,Statecode,Districtcode,VillageCode,Population,Males,Females
0,21,378,1454100,958,463,495
1,21,378,1454200,481,255,226
2,21,378,1454300,2049,1028,1021
3,21,378,1454400,469,241,228
4,21,378,1454500,308,153,155
5,21,378,1454600,1089,530,559
6,21,378,1454700,536,267,269
7,21,378,1454800,796,381,415
8,21,378,1454900,1060,547,513
9,21,378,1455000,420,219,201
10,21,378,1455100,0,0,0
11,21,378,1455200,812,401,411
12,21,378,1455300,421,200,221
13,21,378,1455400,365,205,160
14,21,378,1455500,854,439,415
15,21,378,1455600,458,247,211
16,21,378,1455700,1252,611,641
17,21,378,1455800,0,0,0
18,21,378,1455900,70,36,34
19,21,378,1456000,381,182,199
20,21,378,1456100,1079,536,543
21,21,378,1456200,1435,715,720
22,21,378,1456300,644,333,311
23,21,378,1456400,393,191,202
24,21,378,1456500,343,156,187
25,21,378,1456600,426,214,212
26,21,378,1456700,525,262,263
27,21,378,1456800,587,293,294
28,21,378,1456900,598,297,301
29,21,378,1457000,585,298,287
30,21,378,1457100,2901,1521,1380
31,21,378,1457200,305,146,159
32,21,378,1457300,321,170,151
33,21,378,1457400,71,29,42
34,21,378,1457500,135,67,68
35,21,378,1457600,275,137,138
36,21,378,1457700,291,138,153
37,21,378,1457800,481,249,232
38,21,378,1457900,322,170,152
39,21,378,1458000,195,99,96
40,21,378,1458100,69,35,34
41,21,378,1458200,1116,568,548
42,21,378,1458300,531,274,257
43,21,378,1458400,841,435,406
44,21,378,1458500,108,58,50
45,21,378,1458600,491,241,250
46,21,378,1458700,913,448,465
47,21,378,1458800,390,205,185
48,21,378,1458900,166,78,88
49,21,378,1459000,744,365,379
50,21,378,1459100,259,139,120
51,21,378,1459200,991,482,509
52,21,378,1459300,866,418,448
53,21,378,1459400,240,106,134
54,21,378,1459500,1082,544,538
55,21,378,1459600,639,312,327
56,21,378,1459700,577,291,286
57,21,378,1459800,567,273,294
58,21,378,1459900,151,76,75
59,21,378,1460000,341,183,158
60,21,378,1460100,766,406,360
61,21,378,1460200,348,171,177
62,21,378,1460300,346,164,182
63,21,378,1460400,166,92,74
64,21,378,1460500,402,189,213
65,21,378,1460600,537,276,261
66,21,378,1460700,884,444,440
67,21,378,1460800,249,117,132
68,21,378,1460900,212,114,98
69,21,378,1461000,522,266,256
70,21,378,1461100,518,263,255
71,21,378,1461200,549,297,252
72,21,378,1461300,720,371,349
73,21,378,1461400,498,248,250
74,21,378,1461500,2002,1026,976
75,21,378,1461600,347,180,167
76,21,378,1461700,157,79,78
77,21,378,1461800,214,107,107
78,21,378,1461900,547,258,289
79,21,378,1462000,39,20,19
80,21,378,1462100,597,294,303
81,21,378,1462200,718,377,341
82,21,378,1462300,401,190,211
83,21,378,1462400,185,83,102
84,21,378,1462500,237,120,117
85,21,378,1462600,186,84,102
86,21,378,1462700,80,34,46
87,21,378,1462800,40,18,22
88,21,378,1462900,786,405,381
89,21,378,1463000,360,172,188
90,21,378,1463100,992,488,504
91,21,378,1463200,500,261,239
92,21,378,1463300,0,0,0
93,21,378,1463400,186,92,94
94,21,378,1463500,130,69,61
95,21,378,1463600,89,40,49
96,21,378,1463700,172,87,85
97,21,378,1463800,179,84,95
98,21,378,1463900,677,331,346
99,21,378,1464000,3905,1956,1949
100,21,378,1464100,190,100,90
101,21,378,1464200,0,0,0
102,21,378,1464300,0,0,0
103,21,378,1464400,782,386,396
104,21,378,1464500,278,136,142
105,21,378,1464600,91,40,51
106,21,378,1464700,666,323,343
107,21,378,1464800,463,245,218
108,21,378,1464900,254,122,132
109,21,378,1465000,322,170,152
110,21,378,1465100,112,53,59
111,21,378,1465200,364,173,191
112,21,378,1465300,400,210,190
113,21,378,1465400,362,177,185
114,21,378,1465500,213,95,118
115,21,378,1465600,132,65,67
116,21,378,1465700,399,203,196
117,21,378,1465800,332,172,160
118,21,378,1465900,178,87,91
119,21,378,1466000,274,138,136
120,21,378,1466100,1701,885,816
121,21,378,1466200,1073,527,546
122,21,378,1466300,394,201,193
123,21,378,1466400,30,12,18
124,21,378,1466500,381,212,169
125,21,378,1466600,1460,760,700
126,21,378,1466700,569,277,292
127,21,378,1466800,361,181,180
128,21,378,1466900,0,0,0
129,21,378,1467000,1942,998,944
130,21,378,1467100,1146,560,586
131,21,378,1467200,1437,717,720
132,21,378,1467300,156,79,77
133,21,378,1467400,786,389,397
134,21,378,1467500,470,246,224
135,21,378,1467600,205,103,102
136,21,378,1467700,384,206,178
137,21,378,1467800,200,92,108
138,21,378,1467900,430,219,211
139,21,378,1468000,180,83,97
140,21,378,1468100,433,212,221
141,21,378,1468200,190,97,93
142,21,378,1468300,565,279,286
143,21,378,1468400,138,72,66
144,21,378,1468500,411,214,197
145,21,378,1468600,846,432,414
146,21,378,1468700,520,257,263
147,21,378,1468800,443,234,209
148,21,378,1468900,248,120,128
149,21,378,1469000,149,78,71
150,21,378,1469100,333,172,161
151,21,378,1469200,223,107,116
152,21,378,1469300,132,64,68
153,21,378,1469400,582,297,285
154,21,378,1469500,59,34,25
155,21,378,1469600,247,131,116
156,21,378,1469700,165,84,81
157,21,378,1469800,87,43,44
158,21,378,1469900,391,203,188
159,21,378,1470000,530,268,262
160,21,378,1470100,426,225,201
161,21,378,1470200,510,262,248
162,21,378,1470300,316,159,157
163,21,378,1470400,367,188,179
164,21,378,1470500,525,250,275
165,21,378,1470600,704,370,334
166,21,378,1470700,510,239,271
167,21,378,1470800,145,73,72
168,21,378,1470900,170,87,83
169,21,378,1471000,175,83,92
170,21,378,1471100,421,213,208
171,21,378,1471200,528,278,250
172,21,378,1471300,296,159,137
173,21,378,1471400,232,117,115
174,21,378,1471500,1792,878,914
175,21,378,1471600,311,150,161
176,21,378,1471700,180,80,100
177,21,378,1471800,439,212,227
178,21,378,1471900,520,268,252
179,21,378,1472000,929,445,484
180,21,378,1472100,41,19,22
181,21,378,1472200,558,291,267
182,21,378,1472300,635,301,334
183,21,378,1472400,757,376,381
184,21,378,1472500,180,102,78
185,21,378,1472600,273,139,134
186,21,378,1472700,2092,1048,1044
187,21,378,1472800,1970,991,979
188,21,378,1472900,1597,827,770
189,21,378,1473000,720,374,346
190,21,378,1473100,327,166,161
191,21,378,1473200,189,101,88
192,21,378,1473300,2989,1552,1437
193,21,378,1473400,1674,845,829
194,21,378,1473500,573,291,282
195,21,378,1473600,654,353,301
196,21,378,1473700,651,327,324
197,21,378,1473800,511,253,258
198,21,378,1473900,2999,1492,1507
199,21,378,1474000,2203,1129,1074
200,21,378,1474100,485,256,229
201,21,378,1474200,869,421,448
202,21,378,1474300,313,161,152
203,21,378,1474400,187,97,90
204,21,378,1474500,902,452,450
205,21,378,1474600,2207,1116,1091
206,21,378,1474700,2122,1104,1018
207,21,378,1474800,1364,700,664
208,21,378,1474900,2030,1022,1008
209,21,378,1475000,2827,1435,1392
210,21,378,1475100,1196,633,563
211,21,378,1475200,2391,1200,1191
212,21,378,1475300,460,243,217
213,21,378,1475400,784,407,377
214,21,378,1475500,914,469,445
215,21,378,1475600,1892,944,948
216,21,378,1475700,5033,2575,2458
217,21,378,1475800,1411,705,706
218,21,378,1475900,1146,549,597
219,21,378,1476000,175,86,89
220,21,378,1476100,91,49,42
221,21,378,1476200,1406,733,673
222,21,378,1476300,569,308,261
223,21,378,1476400,935,490,445
224,21,378,1476500,2104,1082,1022
225,21,378,1476600,764,381,383
226,21,378,1476700,3008,1527,1481
227,21,378,1476800,765,389,376
228,21,378,1476900,449,224,225
229,21,378,1477000,795,383,412
230,21,378,1477100,2066,1025,1041
231,21,378,1477200,1501,751,750
232,21,378,1477300,1892,964,928
233,21,378,1477400,840,420,420
234,21,378,1477500,1585,791,794
235,21,378,1477600,1125,571,554
236,21,378,1477700,880,449,431
237,21,378,1477800,1643,843,800
238,21,378,1477900,628,329,299
239,21,378,1478000,559,286,273
240,21,378,1478100,109,52,57
241,21,378,1478200,483,234,249
242,21,378,1478300,520,263,257
243,21,378,1478400,363,187,176
244,21,378,1478500,571,289,282
245,21,378,1478600,1285,641,644
246,21,378,1478700,1685,837,848
247,21,378,1478800,431,225,206
248,21,378,1478900,2289,1191,1098
249,21,378,1479000,1603,856,747
250,21,378,1479100,1645,849,796
251,21,378,1479200,527,239,288
252,21,378,1479300,1124,551,573
253,21,378,1479400,2015,1021,994
254,21,378,1479500,747,367,380
255,21,378,1479600,131,65,66
256,21,378,1479700,1343,675,668
257,21,378,1479800,1915,999,916
258,21,378,1479900,3,1,2
259,21,378,1480000,938,485,453
260,21,378,1480100,0,0,0
261,21,378,1480200,762,370,392
262,21,378,1480300,368,185,183
263,21,378,1480400,2089,1037,1052
264,21,378,1480500,510,254,256
265,21,378,1480600,117,61,56
266,21,378,1480700,909,466,443
267,21,378,1480800,830,439,391
268,21,378,1480900,1329,670,659
269,21,378,1481000,1443,756,687
270,21,378,1481100,696,350,346
271,21,378,1481200,1120,541,579
272,21,378,1481300,18,10,8
273,21,378,1481400,302,151,151
274,21,378,1481500,858,456,402
275,21,378,1481600,259,126,133
276,21,378,1481700,332,173,159
277,21,378,1481800,1014,527,487
278,21,378,1481900,1312,648,664
279,21,378,1482000,758,386,372
280,21,378,1482100,775,391,384
281,21,378,1482200,1890,972,918
282,21,378,1482300,332,177,155
283,21,378,1482400,2011,1017,994
284,21,378,1482500,1111,544,567
285,21,378,1482600,516,239,277
286,21,378,1482700,668,316,352
287,21,378,1482800,1323,667,656
288,21,378,1482900,641,331,310
289,21,378,1483000,848,431,417
290,21,378,1483100,382,199,183
291,21,378,1483200,350,173,177
292,21,378,1483300,436,219,217
293,21,378,1483400,229,108,121
294,21,378,1483500,1099,571,528
295,21,378,1483600,708,361,347
296,21,378,1483700,317,150,167
297,21,378,1483800,2696,1332,1364
298,21,378,1483900,1377,665,712
299,21,378,1484000,859,427,432
300,21,378,1484100,247,132,115
301,21,378,1484200,1875,952,923
302,21,378,1484300,297,158,139
303,21,378,1484400,425,210,215
304,21,378,1484500,359,190,169
305,21,378,1484600,663,337,326
306,21,378,1484700,861,417,444
307,21,378,1484800,890,465,425
308,21,378,1484900,484,227,257
309,21,378,1485000,316,156,160
310,21,378,1485100,1151,586,565
311,21,378,1485200,517,278,239
312,21,378,1485300,1672,818,854
313,21,378,1485400,1223,614,609
314,21,378,1485500,7851,3976,3875
315,21,378,1485600,745,360,385
316,21,378,1485700,482,239,243
317,21,378,1485800,2157,1099,1058
318,21,378,1485900,294,147,147
319,21,378,1486000,472,247,225
320,21,378,1486100,1951,995,956
321,21,378,1486200,1279,655,624
322,21,378,1486300,327,170,157
323,21,378,1486400,633,302,331
324,21,378,1486500,385,208,177
325,21,378,1486600,2847,1444,1403
326,21,378,1486700,310,156,154
327,21,378,1486800,1182,619,563
328,21,378,1486900,368,191,177
329,21,378,1487000,637,317,320
330,21,378,1487100,266,134,132
331,21,378,1487200,561,269,292
332,21,378,1487300,161,82,79
333,21,378,1487400,316,166,150
334,21,378,1487500,980,496,484
335,21,378,1487600,624,312,312
336,21,378,1487700,761,373,388
337,21,378,1487800,808,405,403
338,21,378,1487900,370,187,183
339,21,378,1488000,273,144,129
340,21,378,1488100,0,0,0
341,21,378,1488200,1314,668,646
342,21,378,1488300,0,0,0
343,21,378,1488400,825,402,423
344,21,378,1488500,501,249,252
345,21,378,1488600,1159,600,559
346,21,378,1488700,860,414,446
347,21,378,1488800,1266,659,607
348,21,378,1488900,2017,1020,997
349,21,378,1489000,0,0,0
350,21,378,1489100,0,0,0
351,21,378,1489200,368,187,181
352,21,378,1489300,1841,928,913
353,21,378,1489400,89,43,46
354,21,378,1489500,694,353,341
355,21,378,1489600,405,211,194
356,21,378,1489700,693,339,354
357,21,378,1489800,703,365,338
358,21,378,1489900,1951,976,975
359,21,378,1490000,494,263,231
360,21,378,1490100,672,338,334
361,21,378,1490200,376,192,184
362,21,378,1490300,599,301,298
363,21,378,1490400,413,210,203
364,21,378,1490500,532,269,263
365,21,378,1490600,564,293,271
366,21,378,1490700,101,51,50
367,21,378,1490800,1197,629,568
368,21,378,1490900,349,179,170
369,21,378,1491000,729,378,351
370,21,378,1491100,244,127,117
371,21,378,1491200,562,274,288
372,21,378,1491300,769,372,397
373,21,378,1491400,1254,647,607
374,21,378,1491500,395,180,215
375,21,378,1491600,234,114,120
376,21,378,1491700,205,108,97
377,21,378,1491800,954,476,478
378,21,378,1491900,0,0,0
379,21,378,1492000,439,214,225
380,21,378,1492100,445,231,214
381,21,378,1492200,974,485,489
382,21,378,1492300,80,38,42
383,21,378,1492400,63,30,33
384,21,378,1492500,1164,565,599
385,21,378,1492600,996,512,484
386,21,378,1492700,0,0,0
387,21,378,1492800,884,449,435
388,21,378,1492900,1314,647,667
389,21,378,1493000,157,73,84
390,21,378,1493100,710,361,349
391,21,378,1493200,498,234,264
392,21,378,1493300,2047,1029,1018
393,21,378,1493400,520,249,271
394,21,378,1493500,1889,953,936
395,21,378,1493600,595,304,291
396,21,378,1493700,568,283,285
397,21,378,1493800,459,236,223
398,21,378,1493900,94,45,49
399,21,378,1494000,347,172,175
400,21,378,1494100,508,257,251
401,21,378,1494200,1591,825,766
402,21,378,1494300,780,391,389
403,21,378,1494400,0,0,0
404,21,378,1494500,319,154,165
405,21,378,1494600,270,142,128
406,21,378,1494700,392,202,190
407,21,378,1494800,258,132,126
408,21,378,1494900,0,0,0
409,21,378,1495000,493,249,244
410,21,378,1495100,514,257,257
411,21,378,1495200,347,182,165
412,21,378,1495300,890,436,454
413,21,378,1495400,1143,576,567
414,21,378,1495500,680,361,319
415,21,378,1495600,156,82,74
416,21,378,1495700,127,68,59
417,21,378,1495800,625,298,327
418,21,378,1495900,568,283,285
419,21,378,1496000,1117,572,545
420,21,378,1496100,169,81,88
421,21,378,1496200,633,305,328
422,21,378,1496300,556,275,281
423,21,378,1496400,2234,1105,1129
424,21,378,1496500,852,438,414
425,21,378,1496600,976,472,504
426,21,378,1496700,237,129,108
427,21,378,1496800,311,158,153
428,21,378,1496900,0,0,0
429,21,378,1497000,0,0,0
430,21,378,1497100,295,160,135
431,21,378,1497200,559,297,262
432,21,378,1497300,0,0,0
433,21,378,1497400,124,58,66
434,21,378,1497500,146,74,72
435,21,378,1497600,97,48,49
436,21,378,1497700,498,266,232
437,21,378,1497800,403,198,205
438,21,378,1497900,650,313,337
439,21,378,1498000,178,100,78
440,21,378,1498100,509,262,247
441,21,378,1498200,491,256,235
442,21,378,1498300,1367,680,687
443,21,378,1498400,341,180,161
444,21,378,1498500,429,200,229
445,21,378,1498600,457,244,213
446,21,378,1498700,200,106,94
447,21,378,1498800,159,81,78
448,21,378,1498900,376,204,172
449,21,378,1499000,283,143,140
450,21,378,1499100,109,55,54
451,21,378,1499200,1752,907,845
452,21,378,1499300,647,322,325
453,21,378,1499400,421,211,210
454,21,378,1499500,196,102,94
455,21,378,1499600,219,117,102
456,21,378,1499700,847,416,431
457,21,378,1499800,105,52,53
458,21,378,1499900,0,0,0
459,21,378,1500000,723,374,349
460,21,378,1500100,2080,1035,1045
461,21,378,1500200,70,30,40
462,21,378,1500300,55,27,28
463,21,378,1500400,263,124,139
464,21,378,1500500,331,180,151
465,21,378,1500600,778,375,403
466,21,378,1500700,571,282,289
467,21,378,1500800,68,33,35
468,21,378,1500900,1437,716,721
469,21,378,1501000,995,500,495
470,21,378,1501100,1208,617,591
471,21,378,1501200,478,241,237
472,21,378,1501300,384,189,195
473,21,378,1501400,1229,625,604
474,21,378,1501500,41,21,20
475,21,378,1501600,36,11,25
476,21,378,1501700,616,302,314
477,21,378,1501800,441,230,211
478,21,378,1501900,278,138,140
479,21,378,1502000,253,125,128
480,21,378,1502100,78,43,35
481,21,378,1502200,268,127,141
482,21,378,1502300,122,60,62
483,21,378,1502400,275,142,133
484,21,378,1502500,180,97,83
485,21,378,1502600,466,239,227
486,21,378,1502700,0,0,0
487,21,378,1502800,1334,703,631
488,21,378,1502900,1591,810,781
489,21,378,1503000,1442,754,688
490,21,378,1503100,1360,674,686
491,21,378,1503200,0,0,0
492,21,378,1503300,942,469,473
493,21,378,1503400,138,73,65
494,21,378,1503500,248,123,125
495,21,378,1503600,1138,587,551
496,21,378,1503700,394,194,200
497,21,378,1503800,1084,561,523
498,21,378,1503900,1434,718,716
499,21,378,1504000,547,278,269
500,21,378,1504100,430,232,198
501,21,378,1504200,1125,553,572
502,21,378,1504300,320,175,145
503,21,378,1504400,1661,847,814
504,21,378,1504500,460,235,225
505,21,378,1504600,323,166,157
506,21,378,1504700,163,77,86
507,21,378,1504800,154,83,71
508,21,378,1504900,1865,910,955
509,21,378,1505000,337,172,165
510,21,378,1505100,0,0,0
511,21,378,1505200,987,508,479
512,21,378,1505300,221,117,104
513,21,378,1505400,704,366,338
514,21,378,1505500,400,214,186
515,21,378,1505600,103,55,48
516,21,378,1505700,376,199,177
517,21,378,1505800,676,343,333
518,21,378,1505900,515,257,258
519,21,378,1506000,209,113,96
520,21,378,1506100,283,137,146
521,21,378,1506200,755,381,374
522,21,378,1506300,0,0,0
523,21,378,1506400,176,88,88
524,21,378,1506500,0,0,0
525,21,378,1506600,589,309,280
526,21,378,1506700,484,236,248
527,21,378,1506800,1040,520,520
528,21,378,1506900,0,0,0
529,21,378,1507000,581,289,292
530,21,378,1507100,1006,502,504
531,21,378,1507200,370,190,180
532,21,378,1507300,1074,561,513
533,21,378,1507400,347,168,179
534,21,378,1507500,1434,731,703
535,21,378,1507600,28,12,16
536,21,378,1507700,361,181,180
537,21,378,1507800,294,151,143
538,21,378,1507900,759,372,387
539,21,378,1508000,346,166,180
540,21,378,1508100,752,387,365
541,21,378,1508200,795,396,399
542,21,378,1508300,669,332,337
543,21,378,1508400,542,279,263
544,21,378,1508500,328,173,155
545,21,378,1508600,370,190,180
546,21,378,1508700,236,130,106
547,21,378,1508800,1151,549,602
548,21,378,1508900,2258,1129,1129
549,21,378,1509000,517,237,280
550,21,378,1509100,322,164,158
551,21,378,1509200,0,0,0
552,21,378,1509300,1592,795,797
553,21,378,1509400,28,12,16
554,21,378,1509500,162,81,81
555,21,378,1509600,1073,522,551
556,21,378,1509700,1793,928,865
557,21,378,1509800,420,207,213
558,21,378,1509900,293,146,147
559,21,378,1510000,376,186,190
560,21,378,1510100,627,294,333
561,21,378,1510200,0,0,0
562,21,378,1510300,0,0,0
563,21,378,1510400,15,8,7
564,21,378,1510500,552,261,291
565,21,378,1510600,188,98,90
566,21,378,1510700,0,0,0
567,21,378,1510800,464,227,237
568,21,378,1510900,280,141,139
569,21,378,1511000,698,372,326
570,21,378,1511100,449,219,230
571,21,378,1511200,174,88,86
572,21,378,1511300,961,493,468
573,21,378,1511400,469,243,226
574,21,378,1511500,896,452,444
575,21,378,1511600,0,0,0
576,21,378,1511700,0,0,0
577,21,378,1511800,2823,1426,1397
578,21,378,1511900,0,0,0
579,21,378,1512000,333,170,163
580,21,378,1512100,94,43,51
581,21,378,1512200,2401,1216,1185
582,21,378,1512300,651,339,312
583,21,378,1512400,2669,1391,1278
584,21,378,1512500,2074,1088,986
585,21,378,1512600,452,229,223
586,21,378,1512700,0,0,0
587,21,378,1512800,874,449,425
588,21,378,1512900,1246,609,637
589,21,378,1513000,2041,975,1066
590,21,378,1513100,713,331,382
591,21,378,1513200,1343,639,704
592,21,378,1513300,795,407,388
593,21,378,1513400,24,14,10
594,21,378,1513500,54,26,28
595,21,378,1513600,593,283,310
596,21,378,1513700,586,283,303
597,21,378,1513800,806,406,400
598,21,378,1513900,261,128,133
599,21,378,1514000,482,244,238
600,21,378,1514100,1556,792,764
601,21,378,1514200,516,258,258
602,21,378,1514300,750,361,389
603,21,378,1514400,600,275,325
604,21,378,1514500,248,128,120
605,21,378,1514600,531,246,285
606,21,378,1514700,1137,573,564
607,21,378,1514800,870,444,426
608,21,378,1514900,1227,605,622
609,21,378,1515000,1439,696,743
610,21,378,1515100,942,454,488
611,21,378,1515200,557,270,287
612,21,378,1515300,0,0,0
613,21,378,1515400,752,388,364
614,21,378,1515500,1788,893,895
615,21,378,1515600,635,298,337
616,21,378,1515700,390,208,182
617,21,378,1515800,172,87,85
618,21,378,1515900,415,210,205
619,21,378,1516000,1749,889,860
620,21,378,1516100,210,108,102
621,21,378,1516200,878,442,436
622,21,378,1516300,1124,557,567
623,21,378,1516400,716,373,343
624,21,378,1516500,2303,1196,1107
625,21,378,1516600,2446,1238,1208
626,21,378,1516700,1544,800,744
627,21,378,1516800,289,141,148
628,21,378,1516900,379,198,181
629,21,378,1517000,1254,636,618
630,21,378,1517100,0,0,0
631,21,378,1517200,459,227,232
632,21,378,1517300,522,259,263
633,21,378,1517400,2468,1304,1164
634,21,378,1517500,1240,601,639
635,21,378,1517600,1167,610,557
636,21,378,1517700,476,234,242
637,21,378,1517800,452,214,238
638,21,378,1517900,0,0,0
639,21,378,1518000,1213,625,588
640,21,378,1518100,2930,1437,1493
641,21,378,1518200,541,255,286
642,21,378,1518300,2132,1074,1058
643,21,378,1518400,859,429,430
644,21,378,1518500,859,416,443
645,21,378,1518600,472,229,243
646,21,378,1518700,1781,874,907
647,21,378,1518800,373,180,193
648,21,378,1518900,241,118,123
649,21,378,1519000,158,74,84
650,21,378,1519100,1456,774,682
651,21,378,1519200,1742,888,854
652,21,378,1519300,1024,529,495
653,21,378,1519400,1367,707,660
654,21,378,1519500,1690,854,836
655,21,378,1519600,597,280,317
656,21,378,1519700,2784,1431,1353
657,21,378,1519800,1554,774,780
658,21,378,1519900,2529,1245,1284
659,21,378,1520000,2042,1037,1005
660,21,378,1520100,1892,952,940
661,21,378,1520200,1380,690,690
662,21,378,1520300,609,302,307
663,21,378,1520400,4266,2134,2132
664,21,378,1520500,1846,921,925
665,21,378,1520600,613,315,298
666,21,378,1520700,1631,820,811
667,21,378,1520800,1035,489,546
668,21,378,1520900,2212,1101,1111
669,21,378,1521000,893,446,447
670,21,378,1521100,1016,469,547
671,21,378,1521200,3084,1528,1556
672,21,378,1521300,909,418,491
673,21,378,1521400,1457,730,727
674,21,378,1521500,936,444,492
675,21,378,1521600,996,486,510
676,21,378,1521700,1405,719,686
677,21,378,1521800,97,50,47
678,21,378,1521900,1563,830,733
679,21,378,1522000,2405,1219,1186
680,21,378,1522100,1598,825,773
681,21,378,1522200,566,264,302
682,21,378,1522300,386,190,196
683,21,378,1522400,827,412,415
684,21,378,1522500,585,282,303
685,21,378,1522600,381,178,203
686,21,378,1522700,305,157,148
687,21,378,1522800,416,199,217
688,21,378,1522900,658,330,328
689,21,378,1523000,867,418,449
690,21,378,1523100,693,324,369
691,21,378,1523200,191,91,100
692,21,378,1523300,862,443,419
693,21,378,1523400,1745,896,849
694,21,378,1523500,802,395,407
695,21,378,1523600,209,97,112
696,21,378,1523700,2413,1265,1148
697,21,378,1523800,666,337,329
698,21,378,1523900,1199,638,561
699,21,378,1524000,1586,823,763
700,21,378,1524100,824,431,393
701,21,378,1524200,3872,1894,1978
702,21,378,1524300,195,107,88
703,21,378,1524400,586,295,291
704,21,378,1524500,688,349,339
705,21,378,1524600,793,395,398
706,21,378,1524700,2044,1037,1007
707,21,378,1524800,465,233,232
708,21,378,1524900,3486,1753,1733
709,21,378,1525000,604,294,310
710,21,378,1525100,1117,589,528
711,21,378,1525200,312,161,151
712,21,378,1525300,1317,665,652
713,21,378,1525400,249,127,122
714,21,378,1525500,1480,741,739
715,21,378,1525600,238,122,116
716,21,378,1525700,175,88,87
717,21,378,1525800,669,342,327
718,21,378,1525900,615,313,302
719,21,378,1526000,581,296,285
720,21,378,1526100,551,281,270
721,21,378,1526200,190,102,88
722,21,378,1526300,498,247,251
723,21,378,1526400,488,243,245
724,21,378,1526500,903,436,467
725,21,378,1526600,1317,687,630
726,21,378,1526700,869,471,398
727,21,378,1526800,701,356,345
728,21,378,1526900,1020,475,545
729,21,378,1527000,213,107,106
730,21,378,1527100,1579,820,759
731,21,378,1527200,2732,1418,1314
732,21,378,1527300,2149,1041,1108
733,21,378,1527400,1045,525,520
734,21,378,1527500,1287,639,648
735,21,378,1527600,418,191,227
736,21,378,1527700,0,0,0
737,21,378,1527800,4452,2327,2125
738,21,378,1527900,174,91,83
739,21,378,1528000,374,194,180
740,21,378,1528100,91,39,52
741,21,378,1528200,1061,505,556
742,21,378,1528300,341,176,165
743,21,378,1528400,0,0,0
744,21,378,1528500,397,206,191
745,21,378,1528600,410,200,210
746,21,378,1528700,433,214,219
747,21,378,1528800,665,342,323
748,21,378,1528900,417,211,206
749,21,378,1529000,711,344,367
750,21,378,1529100,3294,1676,1618
751,21,378,1529200,361,178,183
752,21,378,1529300,432,229,203
753,21,378,1529400,2052,1062,990
754,21,378,1529500,891,440,451
755,21,378,1529600,301,154,147
756,21,378,1529700,466,244,222
757,21,378,1529800,1046,543,503
758,21,378,1529900,898,444,454
759,21,378,1530000,263,132,131
760,21,378,1530100,1588,800,788
761,21,378,1530200,791,403,388
762,21,378,1530300,244,109,135
763,21,378,1530400,656,337,319
764,21,378,1530500,223,106,117
765,21,378,1530600,1680,824,856
766,21,378,1530700,132,58,74
767,21,378,1530800,249,119,130
768,21,378,1530900,425,225,200
769,21,378,1531000,838,432,406
770,21,378,1531100,122,50,72
771,21,378,1531200,0,0,0
772,21,378,1531300,707,357,350
773,21,378,1531400,263,132,131
774,21,378,1531500,389,210,179
775,21,378,1531600,230,122,108
776,21,378,1531700,243,117,126
777,21,378,1531800,381,200,181
778,21,378,1531900,248,130,118
779,21,378,1532000,817,379,438
780,21,378,1532100,314,160,154
781,21,378,1532200,555,288,267
782,21,378,1532300,825,411,414
783,21,378,1532400,35,19,16
784,21,378,1532500,0,0,0
785,21,378,1532600,239,117,122
786,21,378,1532700,0,0,0
787,21,378,1532800,279,138,141
788,21,378,1532900,1089,542,547
789,21,378,1533000,0,0,0
790,21,378,1533100,616,302,314
791,21,378,1533200,112,51,61
792,21,378,1533300,529,285,244
793,21,378,1533400,917,474,443
794,21,378,1533500,2321,1159,1162
795,21,378,1533600,669,327,342
796,21,378,1533700,355,187,168
797,21,378,1533800,951,501,450
798,21,378,1533900,941,472,469
799,21,378,1534000,1196,579,617
800,21,378,1534100,1155,585,570
801,21,378,1534200,1436,710,726
802,21,378,1534300,96,48,48
803,21,378,1534400,517,271,246
804,21,378,1534500,1479,752,727
805,21,378,1534600,1119,562,557
806,21,378,1534700,1416,713,703
807,21,378,1534800,944,475,469
808,21,378,1534900,459,234,225
809,21,378,1535000,1546,753,793
810,21,378,1535100,1279,644,635
811,21,378,1535200,2876,1432,1444
812,21,378,1535300,258,135,123
813,21,378,1535400,0,0,0
814,21,378,1535500,341,178,163
815,21,378,1535600,1682,826,856
816,21,378,1535700,628,322,306
817,21,378,1535800,1496,749,747
818,21,378,1535900,1201,561,640
819,21,378,1536000,1416,700,716
820,21,378,1536100,2422,1188,1234
821,21,378,1536200,3834,1937,1897
822,21,378,1536300,2739,1307,1432
823,21,378,1536400,839,434,405
824,21,378,1536500,532,259,273
825,21,378,1536600,931,467,464
826,21,378,1536700,609,293,316
827,21,378,1536800,244,123,121
828,21,378,1536900,958,495,463
829,21,378,1537000,801,402,399
830,21,378,1537100,708,379,329
831,21,378,1537200,2784,1431,1353
832,21,378,1537300,1181,627,554
833,21,378,1537400,986,492,494
834,21,378,1537500,1805,916,889
835,21,378,1537600,2413,1215,1198
836,21,378,1537700,839,417,422
837,21,378,1537800,166,90,76
838,21,378,1537900,920,463,457
839,21,378,1538000,547,288,259
840,21,378,1538100,805,407,398
841,21,378,1538200,411,206,205
842,21,378,1538300,596,322,274
843,21,378,1538400,1298,668,630
844,21,378,1538500,1408,725,683
845,21,378,1538600,4,1,3
846,21,378,1538700,23,11,12
847,21,378,1538800,957,505,452
848,21,378,1538900,1227,632,595
849,21,378,1539000,1885,968,917
850,21,378,1539100,671,327,344
851,21,378,1539200,1459,752,707
852,21,378,1539300,1244,617,627
853,21,378,1539400,1409,704,705
854,21,378,1539500,574,283,291
855,21,378,1539600,271,140,131
856,21,378,1539700,1664,878,786
857,21,378,1539800,1931,985,946
858,21,378,1539900,806,403,403
859,21,378,1540000,385,195,190
860,21,378,1540100,195,90,105
861,21,378,1540200,210,113,97
862,21,378,1540300,528,268,260
863,21,378,1540400,192,104,88
864,21,378,1540500,186,97,89
865,21,378,1540600,605,311,294
866,21,378,1540700,1574,819,755
867,21,378,1540800,0,0,0
868,21,378,1540900,224,120,104
869,21,378,1541000,1350,703,647
870,21,378,1541100,1270,647,623
871,21,378,1541200,318,158,160
872,21,378,1541300,763,378,385
873,21,378,1541400,745,375,370
874,21,378,1541500,2501,1293,1208
875,21,378,1541600,1113,549,564
876,21,378,1541700,480,224,256
877,21,378,1541800,397,173,224
878,21,378,1541900,1034,503,531
879,21,378,1542000,928,481,447
880,21,378,1542100,589,302,287
881,21,378,1542200,276,135,141
882,21,378,1542300,392,193,199
883,21,378,1542400,292,133,159
884,21,378,1542500,547,255,292
885,21,378,1542600,264,126,138
886,21,378,1542700,338,166,172
887,21,378,1542800,1006,510,496
888,21,378,1542900,1950,981,969
889,21,378,1543000,0,0,0
890,21,378,1543100,2306,1118,1188
891,21,378,1543200,376,190,186
892,21,378,1543300,1002,534,468
893,21,378,1543400,685,322,363
894,21,378,1543500,271,142,129
895,21,378,1543600,294,149,145
896,21,378,1543700,527,266,261
897,21,378,1543800,244,127,117
898,21,378,1543900,315,151,164
899,21,378,1544000,1113,550,563
900,21,378,1544100,1327,674,653
901,21,378,1544200,356,177,179
902,21,378,1544300,1557,776,781
903,21,378,1544400,239,117,122
904,21,378,1544500,567,296,271
905,21,378,1544600,311,151,160
906,21,378,1544700,278,132,146
907,21,378,1544800,746,388,358
908,21,378,1544900,805,390,415
909,21,378,1545000,1398,710,688
910,21,378,1545100,863,449,414
911,21,378,1545200,250,126,124
912,21,378,1545300,353,179,174
913,21,378,1545400,0,0,0
914,21,378,1545500,322,155,167
915,21,378,1545600,397,213,184
916,21,378,1545700,243,118,125
917,21,378,1545800,333,159,174
918,21,378,1545900,366,172,194
919,21,378,1546000,1314,649,665
920,21,378,1546100,0,0,0
921,21,378,1546200,457,233,224
922,21,378,1546300,340,189,151
923,21,378,1546400,322,154,168
924,21,378,1546500,192,100,92
925,21,378,1546600,1387,683,704
926,21,378,1546700,659,329,330
927,21,378,1546800,800,392,408
928,21,378,1546900,3315,1717,1598
929,21,378,1547000,618,294,324
930,21,378,1547100,58,31,27
931,21,378,1547200,852,439,413
932,21,378,1547300,2371,1235,1136
933,21,378,1547400,1587,816,771
934,21,378,1547500,2638,1338,1300
935,21,378,1547600,634,328,306
936,21,378,1547700,77,39,38
937,21,378,1547800,608,307,301
938,21,378,1547900,195,89,106
939,21,378,1548000,270,134,136
940,21,378,1548100,296,151,145
941,21,378,1548200,317,160,157
942,21,378,1548300,434,219,215
943,21,378,1548400,359,198,161
944,21,378,1548500,171,86,85
945,21,378,1548600,211,109,102
946,21,378,1548700,610,306,304
947,21,378,1548800,1267,629,638
948,21,378,1548900,498,246,252
949,21,378,1549000,594,290,304
950,21,378,1549100,859,434,425
951,21,378,1549200,335,165,170
952,21,378,1549300,534,268,266
953,21,378,1549400,205,102,103
954,21,378,1549500,505,264,241
955,21,378,1549600,565,293,272
956,21,378,1549700,977,484,493
957,21,378,1549800,278,134,144
958,21,378,1549900,216,114,102
959,21,378,1550000,357,200,157
960,21,378,1550100,1007,520,487
961,21,378,1550200,919,468,451
962,21,378,1550300,33,12,21
963,21,378,1550400,547,267,280
964,21,378,1550500,1466,750,716
965,21,378,1550600,1196,600,596
966,21,378,1550700,1096,585,511
967,21,378,1550800,166,83,83
968,21,378,1550900,1289,656,633
969,21,378,1551000,0,0,0
970,21,378,1551100,66,35,31
971,21,378,1551200,29,15,14
972,21,378,1551300,0,0,0
973,21,378,1551400,6,4,2
974,21,378,1551500,69,31,38
975,21,378,1551600,3,1,2
976,21,378,1551700,41,19,22
977,21,378,1551800,752,388,364
978,21,378,1551900,2516,1305,1211
979,21,378,1552000,851,424,427
980,21,378,1552100,60,31,29
981,21,378,1552200,119,58,61
982,21,378,1552300,175,92,83
983,21,378,1552400,0,0,0
984,21,378,1552500,317,182,135
985,21,378,1552600,300,161,139
986,21,378,1552700,5,4,1
987,21,378,1552800,346,185,161
988,21,378,1552900,317,143,174
989,21,378,1553000,428,205,223
990,21,378,1553100,432,235,197
991,21,378,1553200,230,122,108
992,21,378,1553300,468,248,220
993,21,378,1553400,1075,530,545
994,21,378,1553500,649,337,312
995,21,378,1553600,1004,520,484
996,21,378,1553700,466,250,216
997,21,378,1553800,1016,510,506
998,21,378,1553900,1543,788,755
999,21,378,1554000,466,212,254
1000,21,378,1554100,1514,772,742
1001,21,378,1554200,1079,554,525
1002,21,378,1554300,227,118,109
1003,21,378,1554400,317,175,142
1004,21,378,1554500,582,317,265
1005,21,378,1554600,418,213,205
1006,21,378,1554700,0,0,0
1007,21,378,1554800,766,401,365
1008,21,378,1554900,306,151,155
1009,21,378,1555000,0,0,0
1010,21,378,1555100,0,0,0
1011,21,378,1555200,192,95,97
1012,21,378,1555300,1241,640,601
1013,21,378,1555400,1057,542,515
1014,21,378,1555500,4,2,2
1015,21,378,1555600,303,150,153
1016,21,378,1555700,0,0,0
1017,21,378,1555800,60,31,29
1018,21,378,1555900,790,376,414
1019,21,378,1556000,615,288,327
1020,21,378,1556100,1002,489,513
1021,21,378,1556200,230,112,118
1022,21,378,1556300,438,236,202
1023,21,378,1556400,91,53,38
1024,21,378,1556500,29,15,14
1025,21,378,1556600,327,166,161
1026,21,378,1556700,42,19,23
1027,21,378,1556800,4,2,2
1028,21,378,1556900,443,227,216
1029,21,378,1557000,464,227,237
1030,21,378,1557100,374,191,183
1031,21,378,1557200,781,404,377
1032,21,378,1557300,1376,717,659
1033,21,378,1557400,1458,736,722
1034,21,378,1557500,1280,644,636
1035,21,378,1557600,274,128,146
1036,21,378,1557700,2129,1075,1054
1037,21,378,1557800,576,277,299
1038,21,378,1557900,1333,662,671
1039,21,378,1558000,97,46,51
1040,21,378,1558100,1049,532,517
1041,21,378,1558200,36,20,16
1042,21,378,1558300,116,57,59
1043,21,378,1558400,411,217,194
1044,21,378,1558500,154,82,72
1045,21,378,1558600,877,449,428
1046,21,378,1558700,627,316,311
1047,21,378,1558800,564,288,276
1048,21,378,1558900,597,311,286
1049,21,378,1559000,199,92,107
1050,21,378,1559100,1080,565,515
1051,21,378,1559200,990,500,490
1052,21,378,1559300,76,39,37
1053,21,378,1559400,1350,706,644
1054,21,378,1559500,272,147,125
1055,21,378,1559600,158,77,81
1056,21,378,1559700,555,287,268
1057,21,378,1559800,6,3,3
1058,21,378,1559900,1266,639,627
1059,21,378,1560000,825,395,430
1060,21,378,1560100,84,43,41
1061,21,378,1560200,31,19,12
1062,21,378,1560300,1502,757,745
1063,21,378,1560400,2105,1055,1050
1064,21,378,1560500,1174,602,572
1065,21,378,1560600,1053,509,544
1066,21,378,1560700,420,209,211
1067,21,378,1560800,1065,540,525
1068,21,378,1560900,665,334,331
1069,21,378,1561000,268,146,122
1070,21,378,1561100,182,96,86
1071,21,378,1561200,1560,789,771
1072,21,378,1561300,172,89,83
1073,21,378,1561400,211,108,103
1074,21,378,1561500,288,150,138
1075,21,378,1561600,186,94,92
1076,21,378,1561700,209,113,96
1077,21,378,1561800,776,402,374
1078,21,378,1561900,24,14,10
1079,21,378,1562000,207,97,110
1080,21,378,1562100,586,306,280
1081,21,378,1562200,654,337,317
1082,21,378,1562300,68,68,0
1083,21,378,1562400,525,263,262
1084,21,378,1562500,904,454,450
1085,21,378,1562600,133,71,62
1086,21,378,1562700,505,255,250
1087,21,378,1562800,365,189,176
1088,21,378,1562900,889,487,402
1089,21,378,1563000,478,241,237
1090,21,378,1563100,833,410,423
1091,21,378,1563200,1572,803,769
1092,21,378,1563300,610,311,299
1093,21,378,1563400,808,435,373
1094,21,378,1563500,816,415,401
1095,21,378,1563600,344,171,173
1096,21,378,1563700,147,76,71
1097,21,378,1563800,427,229,198
1098,21,378,1563900,126,62,64
1099,21,378,1564000,740,370,370
1100,21,378,1564100,540,272,268
1101,21,378,1564200,268,136,132
1102,21,378,1564300,657,342,315
1103,21,378,1564400,118,63,55
1104,21,378,1564500,202,107,95
1105,21,378,1564600,151,79,72
1106,21,378,1564700,2164,1123,1041
1107,21,378,1564800,420,214,206
1108,21,378,1564900,657,350,307
1109,21,378,1565000,612,312,300
1110,21,378,1565100,171,87,84
1111,21,378,1565200,956,510,446
1112,21,378,1565300,85,44,41
1113,21,378,1565400,659,331,328
1114,21,378,1565500,1272,650,622
1115,21,378,1565600,319,161,158
1116,21,378,1565700,1250,629,621
1117,21,378,1565800,0,0,0
1118,21,378,1565900,913,484,429
1119,21,378,1566000,424,219,205
1120,21,378,1566100,484,263,221
1121,21,378,1566200,693,345,348
1122,21,378,1566300,810,391,419
1123,21,378,1566400,520,270,250
1124,21,378,1566500,1054,546,508
1125,21,378,1566600,269,139,130
1126,21,378,1566700,0,0,0
1127,21,378,1566800,0,0,0
1128,21,378,1566900,0,0,0
1129,21,378,1567000,491,247,244
1130,21,378,1567100,477,222,255
1131,21,378,1567200,570,300,270
1132,21,378,1567300,4994,2460,2534
1133,21,378,1567400,4549,2298,2251
1134,21,378,1567500,104,46,58
1135,21,378,1567600,444,214,230
1136,21,378,1567700,350,151,199
1137,21,378,1567800,880,404,476
1138,21,378,1567900,914,402,512
1139,21,378,1568000,434,214,220
1140,21,378,1568100,502,246,256
1141,21,378,1568200,619,306,313
1142,21,378,1568300,202,92,110
1143,21,378,1568400,561,278,283
1144,21,378,1568500,390,188,202
1145,21,378,1568600,762,385,377
1146,21,378,1568700,1515,773,742
1147,21,378,1568800,545,288,257
1148,21,378,1568900,302,151,151
1149,21,378,1569000,266,141,125
1150,21,378,1569100,266,131,135
1151,21,378,1569200,1496,727,769
1152,21,378,1569300,449,231,218
1153,21,378,1569400,248,127,121
1154,21,378,1569500,459,235,224
1155,21,378,1569600,571,298,273
1156,21,378,1569700,0,0,0
1157,21,378,1569800,527,271,256
1158,21,378,1569900,630,268,362
1159,21,378,1570000,1822,913,909
1160,21,378,1570100,663,332,331
1161,21,378,1570200,179,85,94
1162,21,378,1570300,238,127,111
1163,21,378,1570400,207,107,100
1164,21,378,1570500,478,233,245
1165,21,378,1570600,453,236,217
1166,21,378,1570700,288,139,149
1167,21,378,1570800,73,33,40
1168,21,378,1570900,1090,509,581
1169,21,378,1571000,561,280,281
1170,21,378,1571100,8676,4256,4420
1171,21,378,1571200,156,82,74
1172,21,378,1571300,575,293,282
1173,21,378,1571400,511,263,248
1174,21,378,1571500,312,138,174
1175,21,378,1571600,0,0,0
1176,21,378,1571700,400,205,195
1177,21,378,1571800,747,372,375
1178,21,378,1571900,21,9,12
1179,21,378,1572000,1381,692,689
1180,21,378,1572100,122,58,64
1181,21,378,1572200,988,493,495
1182,21,378,1572300,318,167,151
1183,21,378,1572400,252,135,117
1184,21,378,1572500,889,449,440
1185,21,378,1572600,185,98,87
1186,21,378,1572700,1514,778,736
1187,21,378,1572800,939,493,446
1188,21,378,1572900,14,8,6
1189,21,378,1573000,540,269,271
1190,21,378,1573100,370,188,182
1191,21,378,1573200,449,237,212
1192,21,378,1573300,1299,656,643
1193,21,378,1573400,1031,529,502
1194,21,378,1573500,0,0,0
1195,21,378,1573600,0,0,0
1196,21,378,1573700,558,268,290
1197,21,378,1573800,0,0,0
1198,21,378,1573900,281,146,135
1199,21,378,1574000,0,0,0
1200,21,378,1574100,286,134,152
1201,21,378,1574200,1622,857,765
1202,21,378,1574300,693,351,342
1203,21,378,1574400,2018,1050,968
1204,21,378,1574500,403,207,196
1205,21,378,1574600,1227,572,655
1206,21,378,1574700,307,162,145
1207,21,378,1574800,17,8,9
1208,21,378,1574900,53,29,24
1209,21,378,1575000,44,24,20
1210,21,378,1575100,27,14,13
1211,21,378,1575200,178,94,84
1212,21,378,1575300,157,87,70
1213,21,378,1575400,187,102,85
1214,21,378,1575500,1419,724,695
1215,21,378,1575600,1054,537,517
1216,21,378,1575700,721,365,356
1217,21,378,1575800,2003,1036,967
1218,21,378,1575900,2335,1182,1153
1219,21,378,1576000,233,115,118
1220,21,378,1576100,522,257,265
1221,21,378,1576200,5429,2769,2660
1222,21,378,1576300,390,185,205
1223,21,378,1576400,0,0,0
1224,21,378,1576500,1827,949,878
1225,21,378,1576600,342,186,156
1226,21,378,1576700,1546,761,785
1227,21,378,1576800,0,0,0
1228,21,378,1576900,161,79,82
1229,21,378,1577000,2364,1221,1143
1230,21,378,1577100,243,126,117
1231,21,378,1577200,239,122,117
1232,21,378,1577300,1006,508,498
1233,21,378,1577400,223,117,106
1234,21,378,1577500,378,182,196
1235,21,378,1577600,307,159,148
1236,21,378,1577700,457,234,223
1237,21,378,1577800,2918,1470,1448
1238,21,378,1577900,281,156,125
1239,21,378,1578000,2730,1392,1338
1240,21,378,1578100,5365,2749,2616
1241,21,378,1578200,7561,3868,3693
1242,21,378,1578300,481,244,237
1243,21,378,1578400,737,370,367
1244,21,378,1578500,3799,1957,1842
1245,21,378,1578600,1455,763,692
1246,21,378,1578700,0,0,0
1247,21,378,1578800,1348,688,660
1248,21,378,1578900,210,102,108
1249,21,378,1579000,405,211,194
1250,21,378,1579100,1670,861,809
1251,21,378,1579200,503,259,244
1252,21,378,1579300,170,91,79
1253,21,378,1579400,913,439,474
1254,21,378,1579500,461,225,236
1255,21,378,1579600,293,148,145
1256,21,378,1579700,903,474,429
1257,21,378,1579800,378,210,168
1258,21,378,1579900,887,464,423
1259,21,378,1580000,196,103,93
1260,21,378,1580100,173,88,85
1261,21,378,1580200,107,63,44
1262,21,378,1580300,545,275,270
1263,21,378,1580400,498,246,252
1264,21,378,1580500,1510,781,729
1265,21,378,1580600,72,34,38
1266,21,378,1580700,249,123,126
1267,21,378,1580800,278,142,136
1268,21,378,1580900,277,139,138
1269,21,378,1581000,268,127,141
1270,21,378,1581100,117,53,64
1271,21,378,1581200,444,219,225
1272,21,378,1581300,1159,603,556
1273,21,378,1581400,425,216,209
1274,21,378,1581500,412,207,205
1275,21,378,1581600,304,148,156
1276,21,378,1581700,493,258,235
1277,21,378,1581800,1177,575,602
1278,21,378,1581900,1261,628,633
1279,21,378,1582000,142,72,70
1280,21,378,1582100,2183,1136,1047
1281,21,378,1582200,0,0,0
1282,21,378,1582300,170,90,80
1283,21,378,1582400,947,481,466
1284,21,378,1582500,475,238,237
1285,21,378,1582600,547,261,286
1286,21,378,1582700,211,107,104
1287,21,378,1582800,192,100,92
1288,21,378,1582900,269,137,132
1289,21,378,1583000,1551,768,783
1290,21,378,1583100,333,177,156
1291,21,378,1583200,878,451,427
1292,21,378,1583300,2051,1074,977
1293,21,378,1583400,56,29,27
1294,21,378,1583500,498,268,230
1295,21,378,1583600,1519,744,775
1296,21,378,1583700,3083,1519,1564
1297,21,378,1583800,1391,721,670
1298,21,378,1583900,766,382,384
1299,21,378,1584000,1880,982,898
1300,21,378,1584100,2259,1156,1103
1301,21,378,1584200,1632,818,814
1302,21,378,1584300,3390,1675,1715
1303,21,378,1584400,175,97,78
1304,21,378,1584500,368,180,188
1305,21,378,1584600,2755,1399,1356
1306,21,378,1584700,575,287,288
1307,21,378,1584800,383,184,199
1308,21,378,1584900,286,161,125
1309,21,378,1585000,798,408,390
1310,21,378,1585100,3631,1879,1752
