,Statecode,Districtcode,VillageCode,Population,Males,Females
0,21,26,4247300,2523,1245,1278
1,21,26,4247400,1689,824,865
2,21,26,4247500,2028,1009,1019
3,21,26,4247600,2638,1322,1316
4,21,26,4247700,2151,1092,1059
5,21,26,4247800,556,272,284
6,21,26,4247900,1575,798,777
7,21,26,4248000,2712,1356,1356
8,21,26,4248100,1993,1000,993
9,21,26,4248200,1205,617,588
10,21,26,4248300,395,185,210
11,21,26,4248400,2657,1306,1351
12,21,26,4248500,938,456,482
13,21,26,4248600,176,87,89
14,21,26,4248700,4193,2086,2107
15,21,26,4248800,792,393,399
16,21,26,4248900,609,304,305
17,21,26,4249000,2285,1126,1159
18,21,26,4249100,827,425,402
19,21,26,4249200,891,434,457
20,21,26,4249300,700,343,357
21,21,26,4249400,1932,970,962
22,21,26,4249500,1097,546,551
23,21,26,4249600,268,142,126
24,21,26,4249700,704,344,360
25,21,26,4249800,320,152,168
26,21,26,4249900,1047,517,530
27,21,26,4250000,0,0,0
28,21,26,4250100,1101,556,545
29,21,26,4250200,744,366,378
30,21,26,4250300,1074,524,550
31,21,26,4250400,857,422,435
32,21,26,4250500,533,265,268
33,21,26,4250600,847,416,431
34,21,26,4250700,4158,2051,2107
35,21,26,4250800,2190,1100,1090
36,21,26,4250900,1166,606,560
37,21,26,4251000,1119,549,570
38,21,26,4251100,844,411,433
39,21,26,4251200,641,324,317
40,21,26,4251300,470,227,243
41,21,26,4251400,236,115,121
42,21,26,4251500,2311,1103,1208
43,21,26,4251600,631,300,331
44,21,26,4251700,1430,710,720
45,21,26,4251800,29,13,16
46,21,26,4251900,1031,501,530
47,21,26,4252000,211,106,105
48,21,26,4252100,1971,991,980
49,21,26,4252200,1119,558,561
50,21,26,4252300,2441,1235,1206
51,21,26,4252400,3149,1610,1539
52,21,26,4252500,907,440,467
53,21,26,4252600,2462,1224,1238
54,21,26,4252700,325,161,164
55,21,26,4252800,1569,770,799
56,21,26,4252900,1846,910,936
57,21,26,4253000,372,189,183
58,21,26,4253100,1152,554,598
59,21,26,4253200,1501,766,735
60,21,26,4253300,476,241,235
61,21,26,4253400,872,429,443
62,21,26,4253500,749,363,386
63,21,26,4253600,204,104,100
64,21,26,4253700,923,455,468
65,21,26,4253800,583,280,303
66,21,26,4253900,611,305,306
67,21,26,4254000,2547,1244,1303
68,21,26,4254100,1391,679,712
69,21,26,4254200,1981,983,998
70,21,26,4254300,1007,494,513
71,21,26,4254400,1461,722,739
72,21,26,4254500,1159,589,570
73,21,26,4254600,4832,2437,2395
74,21,26,4254700,305,144,161
75,21,26,4254800,1017,514,503
76,21,26,4254900,1294,644,650
77,21,26,4255000,3493,1729,1764
78,21,26,4255100,744,368,376
79,21,26,4255200,1404,680,724
80,21,26,4255300,1521,757,764
81,21,26,4255400,1404,708,696
82,21,26,4255500,1731,853,878
83,21,26,4255600,4723,2329,2394
84,21,26,4255700,0,0,0
85,21,26,4255800,201,97,104
86,21,26,4255900,462,219,243
87,21,26,4256000,263,127,136
88,21,26,4256100,2134,1059,1075
89,21,26,4256200,668,338,330
90,21,26,4256300,1251,644,607
91,21,26,4256400,744,356,388
92,21,26,4256500,693,346,347
93,21,26,4256600,3796,1978,1818
94,21,26,4256700,1164,580,584
95,21,26,4256800,344,177,167
96,21,26,4256900,352,157,195
97,21,26,4257000,122,61,61
98,21,26,4257100,8,5,3
99,21,26,4257200,511,251,260
100,21,26,4257300,445,210,235
101,21,26,4257400,52,27,25
102,21,26,4257500,318,164,154
103,21,26,4257600,1242,594,648
104,21,26,4257700,230,117,113
105,21,26,4257800,160,76,84
106,21,26,4257900,1059,528,531
107,21,26,4258000,568,280,288
108,21,26,4258100,194,100,94
109,21,26,4258200,2790,1409,1381
110,21,26,4258300,495,244,251
111,21,26,4258400,1218,647,571
112,21,26,4258500,726,364,362
113,21,26,4258600,610,298,312
114,21,26,4258700,1192,608,584
115,21,26,4258800,717,377,340
116,21,26,4258900,1133,566,567
117,21,26,4259000,2056,1020,1036
118,21,26,4259100,643,319,324
119,21,26,4259200,1447,728,719
120,21,26,4259300,910,466,444
121,21,26,4259400,516,260,256
122,21,26,4259500,655,335,320
123,21,26,4259600,796,419,377
124,21,26,4259700,1223,637,586
125,21,26,4259800,1236,640,596
126,21,26,4259900,1184,598,586
127,21,26,4260000,1053,524,529
128,21,26,4260100,799,381,418
129,21,26,4260200,694,352,342
130,21,26,4260300,939,473,466
131,21,26,4260400,462,233,229
132,21,26,4260500,437,210,227
133,21,26,4260600,869,447,422
134,21,26,4260700,2976,1583,1393
135,21,26,4260800,1238,617,621
136,21,26,4260900,859,435,424
137,21,26,4261000,1659,858,801
138,21,26,4261100,2329,1173,1156
139,21,26,4261200,1783,903,880
140,21,26,4261300,1870,961,909
141,21,26,4261400,1322,672,650
142,21,26,4261500,382,191,191
143,21,26,4261600,1568,794,774
144,21,26,4261700,5344,2665,2679
145,21,26,4261800,3393,1706,1687
146,21,26,4261900,1234,628,606
147,21,26,4262000,2267,1152,1115
148,21,26,4262100,632,326,306
149,21,26,4262200,1128,566,562
150,21,26,4262300,1373,696,677
151,21,26,4262400,969,480,489
152,21,26,4262500,1002,500,502
153,21,26,4262600,1927,995,932
154,21,26,4262700,1432,729,703
155,21,26,4262800,711,358,353
156,21,26,4262900,877,444,433
157,21,26,4263000,707,353,354
158,21,26,4263100,462,246,216
159,21,26,4263200,1785,919,866
160,21,26,4263300,3140,1580,1560
161,21,26,4263400,685,341,344
162,21,26,4263500,2262,1136,1126
163,21,26,4263600,905,442,463
164,21,26,4263700,1377,685,692
165,21,26,4263800,1876,912,964
166,21,26,4263900,822,405,417
167,21,26,4264000,2415,1181,1234
168,21,26,4264100,1624,793,831
169,21,26,4264200,344,168,176
170,21,26,4264300,967,490,477
171,21,26,4264400,2284,1133,1151
172,21,26,4264500,240,118,122
173,21,26,4264600,287,154,133
174,21,26,4264700,594,282,312
175,21,26,4264800,686,354,332
176,21,26,4264900,1013,518,495
177,21,26,4265000,556,266,290
178,21,26,4265100,927,461,466
179,21,26,4265200,165,79,86
180,21,26,4265300,1065,530,535
181,21,26,4265400,0,0,0
182,21,26,4265500,467,233,234
183,21,26,4265600,406,189,217
184,21,26,4265700,488,238,250
185,21,26,4265800,294,141,153
186,21,26,4265900,532,270,262
187,21,26,4266000,2403,1175,1228
188,21,26,4266100,686,348,338
189,21,26,4266200,487,240,247
190,21,26,4266300,533,276,257
191,21,26,4266400,817,400,417
192,21,26,4266500,409,200,209
193,21,26,4266600,1482,754,728
194,21,26,4266700,778,375,403
195,21,26,4266800,556,273,283
196,21,26,4266900,388,192,196
197,21,26,4267000,111,61,50
198,21,26,4267100,403,205,198
199,21,26,4267200,1166,601,565
200,21,26,4267300,633,311,322
201,21,26,4267400,920,465,455
202,21,26,4267500,499,233,266
203,21,26,4267600,439,219,220
204,21,26,4267700,867,424,443
205,21,26,4267800,505,255,250
206,21,26,4267900,1234,616,618
207,21,26,4268000,1063,523,540
208,21,26,4268100,709,334,375
209,21,26,4268200,513,259,254
210,21,26,4268300,641,311,330
211,21,26,4268400,1859,915,944
212,21,26,4268500,522,262,260
213,21,26,4268600,887,424,463
214,21,26,4268700,198,95,103
215,21,26,4268800,1483,724,759
216,21,26,4268900,722,360,362
217,21,26,4269000,157,72,85
218,21,26,4269100,778,385,393
219,21,26,4269200,981,478,503
220,21,26,4269300,360,182,178
221,21,26,4269400,932,439,493
222,21,26,4269500,1175,573,602
223,21,26,4269600,783,390,393
224,21,26,4269700,220,102,118
225,21,26,4269800,415,208,207
226,21,26,4269900,246,132,114
227,21,26,4270000,294,138,156
228,21,26,4270100,592,294,298
229,21,26,4270200,151,71,80
230,21,26,4270300,1460,723,737
231,21,26,4270400,1167,583,584
232,21,26,4270500,300,149,151
233,21,26,4270600,2105,1067,1038
234,21,26,4270700,1291,642,649
235,21,26,4270800,681,332,349
236,21,26,4270900,1135,568,567
237,21,26,4271000,804,415,389
238,21,26,4271100,1971,998,973
239,21,26,4271200,267,136,131
240,21,26,4271300,868,430,438
241,21,26,4271400,114,61,53
242,21,26,4271500,322,166,156
243,21,26,4271600,300,158,142
244,21,26,4271700,153,85,68
245,21,26,4271800,80,39,41
246,21,26,4271900,310,155,155
247,21,26,4272000,122,54,68
248,21,26,4272100,1432,754,678
249,21,26,4272200,1945,958,987
250,21,26,4272300,1218,617,601
251,21,26,4272400,0,0,0
252,21,26,4272500,874,428,446
253,21,26,4272600,564,268,296
254,21,26,4272700,129,62,67
255,21,26,4272800,110,51,59
256,21,26,4272900,228,105,123
257,21,26,4273000,309,141,168
258,21,26,4273100,25,13,12
259,21,26,4273200,289,136,153
260,21,26,4273300,266,123,143
261,21,26,4273400,58,27,31
262,21,26,4273500,46,22,24
263,21,26,4273600,806,394,412
264,21,26,4273700,563,275,288
265,21,26,4273800,144,68,76
266,21,26,4273900,560,282,278
267,21,26,4274000,43,20,23
268,21,26,4274100,787,371,416
269,21,26,4274200,1266,644,622
270,21,26,4274300,1511,763,748
271,21,26,4274400,552,268,284
272,21,26,4274500,861,437,424
273,21,26,4274600,1156,544,612
274,21,26,4274700,154,70,84
275,21,26,4274800,902,439,463
276,21,26,4274900,0,0,0
277,21,26,4275000,487,239,248
278,21,26,4275100,452,216,236
279,21,26,4275200,654,320,334
280,21,26,4275300,910,462,448
281,21,26,4275400,640,319,321
282,21,26,4275500,546,282,264
283,21,26,4275600,0,0,0
284,21,26,4275700,490,251,239
285,21,26,4275800,769,383,386
286,21,26,4275900,281,149,132
287,21,26,4276000,355,177,178
288,21,26,4276100,194,99,95
289,21,26,4276200,405,194,211
290,21,26,4276300,1135,570,565
291,21,26,4276400,1565,743,822
292,21,26,4276500,603,294,309
293,21,26,4276600,1267,643,624
294,21,26,4276700,937,485,452
295,21,26,4276800,0,0,0
296,21,26,4276900,1421,725,696
297,21,26,4277000,1498,744,754
298,21,26,4277100,790,376,414
299,21,26,4277200,432,216,216
300,21,26,4277300,1087,533,554
301,21,26,4277400,1228,607,621
302,21,26,4277500,785,403,382
303,21,26,4277600,803,387,416
304,21,26,4277700,1512,770,742
305,21,26,4277800,725,357,368
306,21,26,4277900,495,250,245
307,21,26,4278000,600,296,304
308,21,26,4278100,401,201,200
309,21,26,4278200,300,143,157
310,21,26,4278300,15,6,9
311,21,26,4278400,233,110,123
312,21,26,4278500,485,239,246
313,21,26,4278600,1784,947,837
314,21,26,4278700,996,507,489
315,21,26,4278800,548,284,264
316,21,26,4278900,583,294,289
317,21,26,4279000,706,360,346
318,21,26,4279100,599,315,284
319,21,26,4279200,913,460,453
320,21,26,4279300,895,449,446
321,21,26,4279400,23,11,12
322,21,26,4279500,286,149,137
323,21,26,4279600,166,79,87
324,21,26,4279700,389,179,210
325,21,26,4279800,699,353,346
326,21,26,4279900,999,494,505
327,21,26,4280000,0,0,0
328,21,26,4280100,1152,564,588
329,21,26,4280200,507,255,252
330,21,26,4280300,1621,796,825
331,21,26,4280400,671,335,336
332,21,26,4280500,679,330,349
333,21,26,4280600,495,241,254
334,21,26,4280700,637,310,327
335,21,26,4280800,331,170,161
336,21,26,4280900,428,212,216
337,21,26,4281000,222,111,111
338,21,26,4281100,51,27,24
339,21,26,4281200,128,60,68
340,21,26,4281300,95,50,45
341,21,26,4281400,237,112,125
342,21,26,4281500,233,139,94
343,21,26,4281600,1322,667,655
344,21,26,4281700,347,181,166
345,21,26,4281800,0,0,0
346,21,26,4281900,529,272,257
347,21,26,4282000,46,23,23
348,21,26,4282100,1402,686,716
349,21,26,4282200,94,55,39
350,21,26,4282300,252,124,128
351,21,26,4282400,1074,522,552
352,21,26,4282500,894,450,444
353,21,26,4282600,844,413,431
354,21,26,4282700,1323,666,657
355,21,26,4282800,491,234,257
356,21,26,4282900,592,302,290
357,21,26,4283000,547,264,283
358,21,26,4283100,550,261,289
359,21,26,4283200,483,234,249
360,21,26,4283300,296,142,154
361,21,26,4283400,194,96,98
362,21,26,4283500,883,444,439
363,21,26,4283600,483,252,231
364,21,26,4283700,23,14,9
365,21,26,4283800,455,223,232
366,21,26,4283900,178,93,85
367,21,26,4284000,504,244,260
368,21,26,4284100,358,188,170
369,21,26,4284200,199,91,108
370,21,26,4284300,558,286,272
371,21,26,4284400,431,223,208
372,21,26,4284500,604,293,311
373,21,26,4284600,2067,1030,1037
374,21,26,4284700,693,340,353
375,21,26,4284800,163,83,80
376,21,26,4284900,450,238,212
377,21,26,4285000,177,83,94
378,21,26,4285100,385,206,179
379,21,26,4285200,0,0,0
380,21,26,4285300,0,0,0
381,21,26,4285400,197,99,98
382,21,26,4285500,433,216,217
383,21,26,4285600,314,153,161
384,21,26,4285700,232,106,126
385,21,26,4285800,450,233,217
386,21,26,4285900,0,0,0
387,21,26,4286000,298,138,160
388,21,26,4286100,611,294,317
389,21,26,4286200,342,172,170
390,21,26,4286300,244,111,133
391,21,26,4286400,294,143,151
392,21,26,4286500,107,58,49
393,21,26,4286600,41,22,19
394,21,26,4286700,381,183,198
395,21,26,4286800,108,54,54
396,21,26,4286900,53,26,27
397,21,26,4287000,38,19,19
398,21,26,4287100,90,43,47
399,21,26,4287200,86,37,49
400,21,26,4287300,38,14,24
401,21,26,4287400,23,15,8
402,21,26,4287500,9,5,4
403,21,26,4287600,0,0,0
404,21,26,4287700,64,31,33
405,21,26,4287800,122,66,56
406,21,26,4287900,89,44,45
407,21,26,4288000,0,0,0
408,21,26,4288100,93,41,52
409,21,26,4288200,95,42,53
410,21,26,4288300,188,91,97
411,21,26,4288400,84,39,45
412,21,26,4288500,116,51,65
413,21,26,4288600,99,50,49
414,21,26,4288700,0,0,0
415,21,26,4288800,350,190,160
416,21,26,4288900,0,0,0
417,21,26,4289000,0,0,0
418,21,26,4289100,190,97,93
419,21,26,4289200,98,51,47
420,21,26,4289300,71,38,33
421,21,26,4289400,600,294,306
422,21,26,4289500,363,172,191
423,21,26,4289600,382,195,187
424,21,26,4289700,234,110,124
425,21,26,4289800,1983,1016,967
426,21,26,4289900,627,311,316
427,21,26,4290000,294,150,144
428,21,26,4290100,2127,1122,1005
429,21,26,4290200,801,403,398
430,21,26,4290300,466,236,230
431,21,26,4290400,604,291,313
432,21,26,4290500,150,76,74
433,21,26,4290600,734,350,384
434,21,26,4290700,885,455,430
435,21,26,4290800,433,216,217
436,21,26,4290900,556,283,273
437,21,26,4291000,220,110,110
438,21,26,4291100,470,241,229
439,21,26,4291200,691,341,350
440,21,26,4291300,478,244,234
441,21,26,4291400,683,352,331
442,21,26,4291500,578,289,289
443,21,26,4291600,234,115,119
444,21,26,4291700,474,219,255
445,21,26,4291800,685,343,342
446,21,26,4291900,538,268,270
447,21,26,4292000,123,50,73
448,21,26,4292100,537,271,266
449,21,26,4292200,648,328,320
450,21,26,4292300,222,113,109
451,21,26,4292400,83,38,45
452,21,26,4292500,624,315,309
453,21,26,4292600,50,22,28
454,21,26,4292700,60,30,30
455,21,26,4292800,151,73,78
456,21,26,4292900,567,286,281
457,21,26,4293000,401,200,201
458,21,26,4293100,284,142,142
459,21,26,4293200,544,280,264
460,21,26,4293300,352,173,179
461,21,26,4293400,109,55,54
462,21,26,4293500,315,150,165
463,21,26,4293600,255,134,121
464,21,26,4293700,615,311,304
465,21,26,4293800,0,0,0
466,21,26,4293900,353,176,177
467,21,26,4294000,531,277,254
468,21,26,4294100,0,0,0
469,21,26,4294200,101,50,51
470,21,26,4294300,6,3,3
471,21,26,4294400,0,0,0
472,21,26,4294500,174,83,91
473,21,26,4294600,65,34,31
474,21,26,4294700,83,36,47
475,21,26,4294800,81,38,43
476,21,26,4294900,127,61,66
477,21,26,4295000,64,31,33
478,21,26,4295100,107,59,48
479,21,26,4295200,50,24,26
480,21,26,4295300,133,67,66
481,21,26,4295400,19,7,12
482,21,26,4295500,13,6,7
483,21,26,4295600,14,9,5
484,21,26,4295700,44,22,22
485,21,26,4295800,155,79,76
486,21,26,4295900,0,0,0
487,21,26,4296000,70,38,32
488,21,26,4296100,22,11,11
489,21,26,4296200,0,0,0
490,21,26,4296300,38,17,21
491,21,26,4296400,20,10,10
492,21,26,4296500,120,61,59
493,21,26,4296600,57,27,30
494,21,26,4296700,26,10,16
495,21,26,4296800,123,61,62
496,21,26,4296900,33,16,17
497,21,26,4297000,145,66,79
498,21,26,4297100,69,30,39
499,21,26,4297200,283,133,150
500,21,26,4297300,287,141,146
501,21,26,4297400,0,0,0
502,21,26,4297500,148,69,79
503,21,26,4297600,0,0,0
504,21,26,4297700,44,27,17
505,21,26,4297800,45,23,22
506,21,26,4297900,5,2,3
507,21,26,4298000,58,27,31
508,21,26,4298100,36,20,16
509,21,26,4298200,120,58,62
510,21,26,4298300,40,21,19
511,21,26,4298400,0,0,0
512,21,26,4298500,0,0,0
513,21,26,4298600,55,27,28
514,21,26,4298700,62,33,29
515,21,26,4298800,72,38,34
516,21,26,4298900,128,59,69
517,21,26,4299000,186,92,94
518,21,26,4299100,75,34,41
519,21,26,4299200,0,0,0
520,21,26,4299300,188,100,88
521,21,26,4299400,3,0,3
522,21,26,4299500,50,23,27
523,21,26,4299600,422,212,210
524,21,26,4299700,611,319,292
525,21,26,4299800,130,61,69
526,21,26,4299900,205,115,90
527,21,26,4300000,465,246,219
528,21,26,4300100,292,151,141
529,21,26,4300200,114,61,53
530,21,26,4300300,388,188,200
531,21,26,4300400,194,94,100
532,21,26,4300500,366,185,181
533,21,26,4300600,202,90,112
534,21,26,4300700,183,86,97
535,21,26,4300800,29,12,17
536,21,26,4300900,39,17,22
537,21,26,4301000,376,180,196
538,21,26,4301100,95,51,44
539,21,26,4301200,222,104,118
540,21,26,4301300,397,202,195
541,21,26,4301400,188,96,92
542,21,26,4301500,495,241,254
543,21,26,4301600,197,88,109
544,21,26,4301700,130,64,66
545,21,26,4301800,126,72,54
546,21,26,4301900,528,260,268
547,21,26,4302000,79,37,42
548,21,26,4302100,32,13,19
549,21,26,4302200,61,31,30
550,21,26,4302300,0,0,0
551,21,26,4302400,54,31,23
552,21,26,4302500,37,18,19
553,21,26,4302600,44,22,22
554,21,26,4302700,51,23,28
555,21,26,4302800,38,22,16
556,21,26,4302900,188,94,94
557,21,26,4303000,207,105,102
558,21,26,4303100,10,5,5
559,21,26,4303200,131,58,73
560,21,26,4303300,98,49,49
561,21,26,4303400,0,0,0
562,21,26,4303500,148,72,76
563,21,26,4303600,170,90,80
564,21,26,4303700,51,27,24
565,21,26,4303800,0,0,0
566,21,26,4303900,179,93,86
567,21,26,4304000,11,7,4
568,21,26,4304100,147,73,74
569,21,26,4304200,285,133,152
570,21,26,4304300,422,211,211
571,21,26,4304400,150,72,78
572,21,26,4304500,149,73,76
573,21,26,4304600,238,113,125
574,21,26,4304700,376,179,197
575,21,26,4304800,778,379,399
576,21,26,4304900,50,27,23
577,21,26,4305000,17,12,5
578,21,26,4305100,51,30,21
579,21,26,4305200,102,49,53
580,21,26,4305300,77,34,43
581,21,26,4305400,4,2,2
582,21,26,4305500,321,152,169
583,21,26,4305600,71,32,39
584,21,26,4305700,66,33,33
585,21,26,4305800,55,26,29
586,21,26,4305900,110,53,57
587,21,26,4306000,333,161,172
588,21,26,4306100,89,42,47
589,21,26,4306200,53,27,26
590,21,26,4306300,16,11,5
591,21,26,4306400,30,13,17
592,21,26,4306500,75,40,35
593,21,26,4306600,87,46,41
594,21,26,4306700,72,36,36
595,21,26,4306800,41,20,21
596,21,26,4306900,30,16,14
597,21,26,4307000,148,65,83
598,21,26,4307100,256,133,123
599,21,26,4307200,0,0,0
600,21,26,4307300,103,47,56
601,21,26,4307400,87,44,43
602,21,26,4307500,76,39,37
603,21,26,4307600,222,113,109
604,21,26,4307700,74,30,44
605,21,26,4307800,100,42,58
606,21,26,4307900,0,0,0
607,21,26,4308000,44,22,22
608,21,26,4308100,38,17,21
609,21,26,4308200,34,16,18
610,21,26,4308300,215,105,110
611,21,26,4308400,19,10,9
612,21,26,4308500,27,11,16
613,21,26,4308600,151,79,72
614,21,26,4308700,164,77,87
615,21,26,4308800,0,0,0
616,21,26,4308900,814,395,419
617,21,26,4309000,490,245,245
618,21,26,4309100,1434,725,709
619,21,26,4309200,1552,772,780
620,21,26,4309300,1253,646,607
621,21,26,4309400,548,277,271
622,21,26,4309500,428,219,209
623,21,26,4309600,183,94,89
624,21,26,4309700,244,129,115
625,21,26,4309800,1182,624,558
626,21,26,4309900,254,134,120
627,21,26,4310000,473,233,240
628,21,26,4310100,1695,857,838
629,21,26,4310200,288,151,137
630,21,26,4310300,251,117,134
631,21,26,4310400,283,144,139
632,21,26,4310500,545,272,273
633,21,26,4310600,264,134,130
634,21,26,4310700,1230,600,630
635,21,26,4310800,1110,536,574
636,21,26,4310900,549,270,279
637,21,26,4311000,575,296,279
638,21,26,4311100,413,216,197
639,21,26,4311200,389,207,182
640,21,26,4311300,293,144,149
641,21,26,4311400,479,241,238
642,21,26,4311500,964,487,477
643,21,26,4311600,206,100,106
644,21,26,4311700,212,111,101
645,21,26,4311800,1117,555,562
646,21,26,4311900,1350,658,692
647,21,26,4312000,512,250,262
648,21,26,4312100,511,257,254
649,21,26,4312200,1967,987,980
650,21,26,4312300,0,0,0
651,21,26,4312400,1425,722,703
652,21,26,4312500,549,278,271
653,21,26,4312600,0,0,0
654,21,26,4312700,650,326,324
655,21,26,4312800,472,233,239
656,21,26,4312900,0,0,0
657,21,26,4313000,405,198,207
658,21,26,4313100,60,28,32
659,21,26,4313200,166,83,83
660,21,26,4313300,261,130,131
661,21,26,4313400,138,65,73
662,21,26,4313500,322,159,163
663,21,26,4313600,385,186,199
664,21,26,4313700,1322,656,666
665,21,26,4313800,184,91,93
666,21,26,4313900,585,294,291
667,21,26,4314000,378,187,191
668,21,26,4314100,538,262,276
669,21,26,4314200,570,278,292
670,21,26,4314300,123,60,63
671,21,26,4314400,808,421,387
672,21,26,4314500,750,373,377
673,21,26,4314600,1050,525,525
674,21,26,4314700,549,261,288
675,21,26,4314800,1394,718,676
676,21,26,4314900,487,245,242
677,21,26,4315000,811,405,406
678,21,26,4315100,936,493,443
679,21,26,4315200,481,238,243
680,21,26,4315300,0,0,0
681,21,26,4315400,2428,1218,1210
682,21,26,4315500,842,425,417
683,21,26,4315600,0,0,0
684,21,26,4315700,1538,748,790
685,21,26,4315800,446,216,230
686,21,26,4315900,1360,667,693
687,21,26,4316000,1617,824,793
688,21,26,4316100,796,407,389
689,21,26,4316200,57,29,28
690,21,26,4316300,1444,705,739
691,21,26,4316400,182,83,99
692,21,26,4316500,633,311,322
693,21,26,4316600,280,143,137
694,21,26,4316700,336,172,164
695,21,26,4316800,340,161,179
696,21,26,4316900,336,172,164
697,21,26,4317000,1250,626,624
698,21,26,4317100,875,443,432
699,21,26,4317200,1950,1005,945
700,21,26,4317300,882,428,454
701,21,26,4317400,724,382,342
702,21,26,4317500,634,308,326
703,21,26,4317600,0,0,0
704,21,26,4317700,306,152,154
705,21,26,4317800,1248,636,612
706,21,26,4317900,956,497,459
707,21,26,4318000,349,175,174
708,21,26,4318100,594,289,305
709,21,26,4318200,722,344,378
710,21,26,4318300,948,484,464
711,21,26,4318400,405,199,206
712,21,26,4318500,961,494,467
713,21,26,4318600,417,209,208
714,21,26,4318700,346,171,175
715,21,26,4318800,1092,539,553
716,21,26,4318900,1225,600,625
717,21,26,4319000,459,248,211
718,21,26,4319100,472,237,235
719,21,26,4319200,429,211,218
720,21,26,4319300,891,433,458
721,21,26,4319400,1092,540,552
722,21,26,4319500,0,0,0
723,21,26,4319600,247,122,125
724,21,26,4319700,483,243,240
725,21,26,4319800,1514,757,757
726,21,26,4319900,272,138,134
727,21,26,4320000,614,299,315
728,21,26,4320100,932,447,485
729,21,26,4320200,0,0,0
730,21,26,4320300,776,395,381
731,21,26,4320400,1098,531,567
732,21,26,4320500,146,63,83
733,21,26,4320600,820,421,399
734,21,26,4320700,2926,1482,1444
735,21,26,4320800,489,242,247
736,21,26,4320900,1397,673,724
737,21,26,4321000,0,0,0
738,21,26,4321100,444,203,241
739,21,26,4321200,1001,506,495
740,21,26,4321300,796,409,387
741,21,26,4321400,1371,669,702
742,21,26,4321500,705,339,366
743,21,26,4321600,334,165,169
744,21,26,4321700,280,150,130
745,21,26,4321800,1103,567,536
746,21,26,4321900,344,175,169
747,21,26,4322000,322,170,152
748,21,26,4322100,315,159,156
749,21,26,4322200,482,243,239
750,21,26,4322300,4,1,3
751,21,26,4322400,576,279,297
752,21,26,4322500,1096,559,537
753,21,26,4322600,933,466,467
754,21,26,4322700,563,277,286
755,21,26,4322800,817,408,409
756,21,26,4322900,951,461,490
757,21,26,4323000,433,223,210
758,21,26,4323100,578,284,294
759,21,26,4323200,724,352,372
760,21,26,4323300,1345,656,689
761,21,26,4323400,2164,1122,1042
762,21,26,4323500,0,0,0
763,21,26,4323600,1713,867,846
764,21,26,4323700,434,215,219
765,21,26,4323800,578,286,292
766,21,26,4323900,51,31,20
767,21,26,4324000,717,354,363
768,21,26,4324100,1107,557,550
769,21,26,4324200,0,0,0
770,21,26,4324300,729,368,361
771,21,26,4324400,462,239,223
772,21,26,4324500,0,0,0
773,21,26,4324600,1102,539,563
774,21,26,4324700,244,122,122
775,21,26,4324800,1708,873,835
776,21,26,4324900,761,382,379
777,21,26,4325000,558,264,294
778,21,26,4325100,432,206,226
779,21,26,4325200,1568,778,790
780,21,26,4325300,227,115,112
781,21,26,4325400,522,256,266
782,21,26,4325500,1354,667,687
783,21,26,4325600,441,211,230
784,21,26,4325700,205,102,103
785,21,26,4325800,741,374,367
786,21,26,4325900,605,324,281
787,21,26,4326000,263,137,126
788,21,26,4326100,594,303,291
789,21,26,4326200,240,113,127
790,21,26,4326300,779,394,385
791,21,26,4326400,215,109,106
792,21,26,4326500,1170,572,598
793,21,26,4326600,1060,551,509
794,21,26,4326700,306,155,151
795,21,26,4326800,544,265,279
796,21,26,4326900,159,81,78
797,21,26,4327000,667,341,326
798,21,26,4327100,992,500,492
799,21,26,4327200,989,513,476
800,21,26,4327300,1137,583,554
801,21,26,4327400,2393,1205,1188
802,21,26,4327500,464,233,231
803,21,26,4327600,52,26,26
804,21,26,4327700,560,286,274
805,21,26,4327800,738,375,363
806,21,26,4327900,305,159,146
807,21,26,4328000,0,0,0
808,21,26,4328100,330,165,165
809,21,26,4328200,234,118,116
810,21,26,4328300,453,224,229
811,21,26,4328400,170,77,93
812,21,26,4328500,181,91,90
813,21,26,4328600,157,72,85
814,21,26,4328700,392,193,199
815,21,26,4328800,440,220,220
816,21,26,4328900,82,38,44
817,21,26,4329000,255,127,128
818,21,26,4329100,116,53,63
819,21,26,4329200,25,14,11
820,21,26,4329300,228,125,103
821,21,26,4329400,186,93,93
822,21,26,4329500,181,93,88
823,21,26,4329600,42,19,23
824,21,26,4329700,48,22,26
825,21,26,4329800,6,2,4
826,21,26,4329900,610,339,271
827,21,26,4330000,292,149,143
828,21,26,4330100,337,158,179
829,21,26,4330200,177,86,91
830,21,26,4330300,536,259,277
831,21,26,4330400,155,72,83
832,21,26,4330500,105,52,53
833,21,26,4330600,20,14,6
834,21,26,4330700,102,46,56
835,21,26,4330800,67,37,30
836,21,26,4330900,250,127,123
837,21,26,4331000,716,404,312
838,21,26,4331100,913,466,447
839,21,26,4331200,485,235,250
840,21,26,4331300,1133,596,537
841,21,26,4331400,125,61,64
842,21,26,4331500,1478,737,741
843,21,26,4331600,261,130,131
844,21,26,4331700,174,82,92
845,21,26,4331800,138,60,78
846,21,26,4331900,219,110,109
847,21,26,4332000,707,361,346
848,21,26,4332100,494,234,260
849,21,26,4332200,293,160,133
850,21,26,4332300,33,15,18
851,21,26,4332400,500,252,248
852,21,26,4332500,99,55,44
853,21,26,4332600,234,111,123
854,21,26,4332700,1006,483,523
855,21,26,4332800,0,0,0
856,21,26,4332900,357,165,192
857,21,26,4333000,206,108,98
858,21,26,4333100,572,290,282
859,21,26,4333200,474,232,242
860,21,26,4333300,555,272,283
861,21,26,4333400,262,127,135
862,21,26,4333500,105,53,52
863,21,26,4333600,354,161,193
864,21,26,4333700,212,94,118
865,21,26,4333800,352,171,181
866,21,26,4333900,353,183,170
867,21,26,4334000,1299,615,684
868,21,26,4334100,432,208,224
869,21,26,4334200,127,63,64
870,21,26,4334300,380,193,187
871,21,26,4334400,126,59,67
872,21,26,4334500,211,110,101
873,21,26,4334600,194,102,92
874,21,26,4334700,177,83,94
875,21,26,4334800,311,152,159
876,21,26,4334900,390,187,203
877,21,26,4335000,865,379,486
878,21,26,4335100,211,110,101
879,21,26,4335200,564,287,277
880,21,26,4335300,595,324,271
881,21,26,4335400,367,177,190
882,21,26,4335500,433,204,229
883,21,26,4335600,182,91,91
884,21,26,4335700,157,77,80
885,21,26,4335800,145,75,70
886,21,26,4335900,0,0,0
887,21,26,4336000,131,70,61
888,21,26,4336100,0,0,0
889,21,26,4336200,633,316,317
890,21,26,4336300,0,0,0
891,21,26,4336400,53,27,26
892,21,26,4336500,272,132,140
893,21,26,4336600,76,41,35
894,21,26,4336700,96,48,48
895,21,26,4336800,56,33,23
896,21,26,4336900,63,26,37
897,21,26,4337000,112,56,56
898,21,26,4337100,354,163,191
899,21,26,4337200,36,16,20
900,21,26,4337300,171,85,86
901,21,26,4337400,122,59,63
902,21,26,4337500,120,52,68
903,21,26,4337600,27,14,13
904,21,26,4337700,157,71,86
905,21,26,4337800,28,15,13
906,21,26,4337900,122,51,71
907,21,26,4338000,167,77,90
908,21,26,4338100,394,184,210
909,21,26,4338200,98,50,48
910,21,26,4338300,89,46,43
911,21,26,4338400,172,92,80
912,21,26,4338500,391,191,200
913,21,26,4338600,428,205,223
914,21,26,4338700,240,127,113
915,21,26,4338800,114,62,52
916,21,26,4338900,174,94,80
917,21,26,4339000,119,61,58
918,21,26,4339100,40,19,21
919,21,26,4339200,221,112,109
920,21,26,4339300,449,224,225
921,21,26,4339400,164,81,83
922,21,26,4339500,217,107,110
923,21,26,4339600,119,66,53
924,21,26,4339700,102,56,46
925,21,26,4339800,264,136,128
926,21,26,4339900,505,256,249
927,21,26,4340000,84,38,46
928,21,26,4340100,54,33,21
929,21,26,4340200,1065,539,526
930,21,26,4340300,340,168,172
931,21,26,4340400,7,4,3
932,21,26,4340500,186,90,96
933,21,26,4340600,163,83,80
934,21,26,4340700,37,20,17
935,21,26,4340800,51,29,22
936,21,26,4340900,74,38,36
937,21,26,4341000,63,33,30
938,21,26,4341100,17,7,10
939,21,26,4341200,16,9,7
940,21,26,4341300,12,5,7
941,21,26,4341400,17,8,9
942,21,26,4341500,77,35,42
943,21,26,4341600,101,46,55
944,21,26,4341700,215,109,106
945,21,26,4341800,65,30,35
946,21,26,4341900,116,57,59
947,21,26,4342000,89,44,45
948,21,26,4342100,35,18,17
949,21,26,4342200,96,46,50
950,21,26,4342300,62,29,33
951,21,26,4342400,77,33,44
952,21,26,4342500,59,29,30
953,21,26,4342600,49,22,27
954,21,26,4342700,341,176,165
955,21,26,4342800,311,150,161
956,21,26,4342900,588,294,294
957,21,26,4343000,1501,763,738
958,21,26,4343100,142,72,70
959,21,26,4343200,519,257,262
960,21,26,4343300,862,422,440
961,21,26,4343400,412,205,207
962,21,26,4343500,211,102,109
963,21,26,4343600,185,90,95
964,21,26,4343700,631,297,334
965,21,26,4343800,213,105,108
966,21,26,4343900,94,44,50
967,21,26,4344000,271,130,141
968,21,26,4344100,100,50,50
969,21,26,4344200,458,217,241
970,21,26,4344300,196,102,94
971,21,26,4344400,439,230,209
972,21,26,4344500,198,100,98
973,21,26,4344600,969,483,486
974,21,26,4344700,902,474,428
975,21,26,4344800,700,372,328
976,21,26,4344900,1432,752,680
977,21,26,4345000,2281,1124,1157
978,21,26,4345100,584,291,293
979,21,26,4345200,726,372,354
980,21,26,4345300,753,369,384
981,21,26,4345400,419,219,200
982,21,26,4345500,717,340,377
983,21,26,4345600,910,456,454
984,21,26,4345700,331,158,173
985,21,26,4345800,131,65,66
986,21,26,4345900,1198,603,595
987,21,26,4346000,191,104,87
988,21,26,4346100,143,69,74
989,21,26,4346200,294,145,149
990,21,26,4346300,117,65,52
991,21,26,4346400,185,91,94
992,21,26,4346500,108,48,60
993,21,26,4346600,57,23,34
994,21,26,4346700,195,94,101
995,21,26,4346800,422,211,211
996,21,26,4346900,253,133,120
997,21,26,4347000,272,133,139
998,21,26,4347100,233,116,117
999,21,26,4347200,202,94,108
1000,21,26,4347300,197,99,98
1001,21,26,4347400,77,38,39
1002,21,26,4347500,439,209,230
1003,21,26,4347600,307,150,157
1004,21,26,4347700,311,154,157
1005,21,26,4347800,210,111,99
1006,21,26,4347900,331,161,170
1007,21,26,4348000,798,415,383
1008,21,26,4348100,669,335,334
1009,21,26,4348200,1475,750,725
1010,21,26,4348300,1796,913,883
1011,21,26,4348400,1066,557,509
1012,21,26,4348500,1486,748,738
1013,21,26,4348600,689,342,347
1014,21,26,4348700,358,180,178
1015,21,26,4348800,934,475,459
1016,21,26,4348900,450,209,241
1017,21,26,4349000,621,314,307
1018,21,26,4349100,727,363,364
1019,21,26,4349200,428,211,217
1020,21,26,4349300,531,265,266
1021,21,26,4349400,192,98,94
1022,21,26,4349500,1289,623,666
1023,21,26,4349600,426,200,226
1024,21,26,4349700,556,274,282
1025,21,26,4349800,58,28,30
1026,21,26,4349900,78,35,43
1027,21,26,4350000,145,77,68
1028,21,26,4350100,1408,689,719
1029,21,26,4350200,138,102,36
1030,21,26,4350300,0,0,0
1031,21,26,4350400,115,57,58
1032,21,26,4350500,0,0,0
1033,21,26,4350600,694,340,354
1034,21,26,4350700,88,46,42
1035,21,26,4350800,0,0,0
1036,21,26,4350900,87,43,44
1037,21,26,4351000,91,43,48
1038,21,26,4351100,80,39,41
1039,21,26,4351200,105,49,56
1040,21,26,4351300,93,49,44
1041,21,26,4351400,136,63,73
1042,21,26,4351500,11,5,6
1043,21,26,4351600,107,59,48
1044,21,26,4351700,50,24,26
1045,21,26,4351800,0,0,0
1046,21,26,4351900,67,33,34
1047,21,26,4352000,262,131,131
1048,21,26,4352100,0,0,0
1049,21,26,4352200,171,79,92
1050,21,26,4352300,162,69,93
1051,21,26,4352400,65,29,36
1052,21,26,4352500,48,25,23
1053,21,26,4352600,0,0,0
1054,21,26,4352700,300,142,158
1055,21,26,4352800,346,173,173
1056,21,26,4352900,27,12,15
1057,21,26,4353000,327,161,166
1058,21,26,4353100,107,51,56
1059,21,26,4353200,0,0,0
1060,21,26,4353300,116,58,58
1061,21,26,4353400,151,74,77
1062,21,26,4353500,373,172,201
1063,21,26,4353600,671,328,343
1064,21,26,4353700,458,224,234
1065,21,26,4353800,365,186,179
1066,21,26,4353900,180,85,95
1067,21,26,4354000,105,48,57
1068,21,26,4354100,499,255,244
1069,21,26,4354200,451,217,234
1070,21,26,4354300,169,83,86
1071,21,26,4354400,183,83,100
1072,21,26,4354500,1089,547,542
1073,21,26,4354600,0,0,0
1074,21,26,4354700,836,407,429
1075,21,26,4354800,366,213,153
1076,21,26,4354900,38,21,17
1077,21,26,4355000,13,7,6
1078,21,26,4355100,0,0,0
1079,21,26,4355200,75,32,43
1080,21,26,4355300,112,50,62
1081,21,26,4355400,95,42,53
1082,21,26,4355500,92,43,49
1083,21,26,4355600,45,25,20
1084,21,26,4355700,82,40,42
1085,21,26,4355800,48,26,22
1086,21,26,4355900,170,86,84
1087,21,26,4356000,0,0,0
1088,21,26,4356100,27,11,16
1089,21,26,4356200,11,6,5
1090,21,26,4356300,61,30,31
1091,21,26,4356400,101,52,49
1092,21,26,4356500,3,1,2
1093,21,26,4356600,37,16,21
1094,21,26,4356700,28,12,16
1095,21,26,4356800,87,40,47
1096,21,26,4356900,59,25,34
1097,21,26,4357000,31,16,15
1098,21,26,4357100,14,6,8
1099,21,26,4357200,122,53,69
1100,21,26,4357300,43,19,24
1101,21,26,4357400,58,32,26
1102,21,26,4357500,219,102,117
1103,21,26,4357600,36,16,20
1104,21,26,4357700,30,14,16
1105,21,26,4357800,18,8,10
1106,21,26,4357900,106,45,61
1107,21,26,4358000,114,56,58
1108,21,26,4358100,45,21,24
1109,21,26,4358200,0,0,0
1110,21,26,4358300,15,7,8
1111,21,26,4358400,0,0,0
1112,21,26,4358500,44,20,24
1113,21,26,4358600,38,21,17
1114,21,26,4358700,16,9,7
1115,21,26,4358800,0,0,0
1116,21,26,4358900,342,173,169
1117,21,26,4359000,88,42,46
1118,21,26,4359100,0,0,0
1119,21,26,4359200,125,61,64
1120,21,26,4359300,64,31,33
1121,21,26,4359400,93,49,44
1122,21,26,4359500,17,9,8
1123,21,26,4359600,88,42,46
1124,21,26,4359700,51,22,29
1125,21,26,4359800,38,16,22
1126,21,26,4359900,173,88,85
1127,21,26,4360000,117,59,58
1128,21,26,4360100,166,90,76
1129,21,26,4360200,41,19,22
1130,21,26,4360300,10,5,5
1131,21,26,4360400,61,27,34
1132,21,26,4360500,59,27,32
1133,21,26,4360600,38,20,18
1134,21,26,4360700,57,29,28
1135,21,26,4360800,300,149,151
1136,21,26,4360900,309,146,163
1137,21,26,4361000,68,38,30
1138,21,26,4361100,522,265,257
1139,21,26,4361200,220,110,110
1140,21,26,4361300,77,34,43
1141,21,26,4361400,194,96,98
1142,21,26,4361500,14,8,6
1143,21,26,4361600,248,119,129
1144,21,26,4361700,276,131,145
1145,21,26,4361800,16,8,8
1146,21,26,4361900,109,58,51
1147,21,26,4362000,0,0,0
1148,21,26,4362100,0,0,0
1149,21,26,4362200,566,294,272
1150,21,26,4362300,283,134,149
1151,21,26,4362400,590,304,286
1152,21,26,4362500,1015,500,515
1153,21,26,4362600,1283,640,643
1154,21,26,4362700,358,174,184
1155,21,26,4362800,244,114,130
1156,21,26,4362900,326,160,166
1157,21,26,4363000,404,205,199
1158,21,26,4363100,274,154,120
1159,21,26,4363200,255,133,122
1160,21,26,4363300,812,389,423
1161,21,26,4363400,979,503,476
1162,21,26,4363500,1510,772,738
1163,21,26,4363600,77,36,41
1164,21,26,4363700,392,183,209
1165,21,26,4363800,798,389,409
1166,21,26,4363900,300,144,156
1167,21,26,4364000,360,165,195
1168,21,26,4364100,210,106,104
1169,21,26,4364200,95,50,45
1170,21,26,4364300,141,70,71
1171,21,26,4364400,78,43,35
1172,21,26,4364500,292,144,148
1173,21,26,4364600,108,56,52
1174,21,26,4364700,109,57,52
1175,21,26,4364800,0,0,0
1176,21,26,4364900,18,8,10
1177,21,26,4365000,42,20,22
1178,21,26,4365100,161,81,80
1179,21,26,4365200,211,111,100
1180,21,26,4365300,167,81,86
1181,21,26,4365400,175,86,89
1182,21,26,4365500,267,135,132
1183,21,26,4365600,12,7,5
1184,21,26,4365700,313,172,141
1185,21,26,4365800,272,137,135
1186,21,26,4365900,98,55,43
1187,21,26,4366000,101,57,44
1188,21,26,4366100,680,338,342
1189,21,26,4366200,286,147,139
1190,21,26,4366300,192,94,98
1191,21,26,4366400,1119,565,554
1192,21,26,4366500,100,53,47
1193,21,26,4366600,295,150,145
1194,21,26,4366700,795,388,407
1195,21,26,4366800,656,317,339
1196,21,26,4366900,851,411,440
1197,21,26,4367000,1658,810,848
1198,21,26,4367100,495,244,251
1199,21,26,4367200,491,244,247
1200,21,26,4367300,161,82,79
1201,21,26,4367400,645,316,329
1202,21,26,4367500,900,463,437
1203,21,26,4367600,1101,566,535
1204,21,26,4367700,1099,555,544
1205,21,26,4367800,412,200,212
1206,21,26,4367900,407,208,199
1207,21,26,4368000,524,268,256
1208,21,26,4368100,259,124,135
1209,21,26,4368200,164,86,78
1210,21,26,4368300,114,58,56
1211,21,26,4368400,308,147,161
1212,21,26,4368500,362,179,183
1213,21,26,4368600,634,299,335
1214,21,26,4368700,978,501,477
1215,21,26,4368800,5854,3047,2807
1216,21,26,4368900,458,233,225
1217,21,26,4369000,130,66,64
1218,21,26,4369100,435,221,214
1219,21,26,4369200,278,124,154
1220,21,26,4369300,0,0,0
1221,21,26,4369400,304,144,160
1222,21,26,4369500,44,25,19
1223,21,26,4369600,187,92,95
1224,21,26,4369700,109,58,51
1225,21,26,4369800,447,226,221
1226,21,26,4369900,256,127,129
1227,21,26,4370000,198,93,105
1228,21,26,4370100,225,106,119
1229,21,26,4370200,150,76,74
1230,21,26,4370300,91,50,41
1231,21,26,4370400,99,50,49
1232,21,26,4370500,25,13,12
1233,21,26,4370600,0,0,0
1234,21,26,4370700,34,14,20
1235,21,26,4370800,90,47,43
1236,21,26,4370900,60,29,31
1237,21,26,4371000,54,27,27
1238,21,26,4371100,69,37,32
1239,21,26,4371200,98,49,49
1240,21,26,4371300,187,86,101
1241,21,26,4371400,28,16,12
1242,21,26,4371500,272,133,139
1243,21,26,4371600,25,12,13
1244,21,26,4371700,22,14,8
1245,21,26,4371800,337,166,171
1246,21,26,4371900,34,18,16
1247,21,26,4372000,17,8,9
1248,21,26,4372100,153,78,75
1249,21,26,4372200,73,44,29
1250,21,26,4372300,126,60,66
1251,21,26,4372400,83,47,36
1252,21,26,4372500,185,90,95
1253,21,26,4372600,0,0,0
1254,21,26,4372700,181,86,95
1255,21,26,4372800,288,138,150
1256,21,26,4372900,749,438,311
1257,21,26,4373000,283,130,153
1258,21,26,4373100,203,115,88
1259,21,26,4373200,250,136,114
1260,21,26,4373300,64,39,25
1261,21,26,4373400,0,0,0
1262,21,26,4373500,51,27,24
1263,21,26,4373600,47,20,27
1264,21,26,4373700,82,37,45
1265,21,26,4373800,0,0,0
1266,21,26,4373900,0,0,0
1267,21,26,4374000,51,24,27
1268,21,26,4374100,184,83,101
1269,21,26,4374200,25,13,12
1270,21,26,4374300,55,26,29
1271,21,26,4374400,171,93,78
1272,21,26,4374500,56,27,29
1273,21,26,4374600,86,38,48
1274,21,26,4374700,31,17,14
1275,21,26,4374800,52,23,29
1276,21,26,4374900,0,0,0
1277,21,26,4375000,60,29,31
1278,21,26,4375100,46,25,21
1279,21,26,4375200,5,4,1
1280,21,26,4375300,23,13,10
1281,21,26,4375400,44,20,24
1282,21,26,4375500,0,0,0
1283,21,26,4375600,27,14,13
1284,21,26,4375700,0,0,0
1285,21,26,4375800,128,64,64
1286,21,26,4375900,0,0,0
1287,21,26,4376000,0,0,0
1288,21,26,4376100,27,11,16
1289,21,26,4376200,16,5,11
1290,21,26,4376300,10,5,5
1291,21,26,4376400,120,51,69
1292,21,26,4376500,65,27,38
1293,21,26,4376600,12,6,6
1294,21,26,4376700,11,5,6
1295,21,26,4376800,27,14,13
1296,21,26,4376900,242,127,115
1297,21,26,4377000,511,244,267
1298,21,26,4377100,62,32,30
1299,21,26,4377200,61,28,33
1300,21,26,4377300,195,106,89
1301,21,26,4377400,66,30,36
1302,21,26,4377500,14,7,7
1303,21,26,4377600,66,31,35
1304,21,26,4377700,184,79,105
1305,21,26,4377800,0,0,0
1306,21,26,4377900,312,164,148
1307,21,26,4378000,40,17,23
1308,21,26,4378100,135,61,74
1309,21,26,4378200,84,45,39
1310,21,26,4378300,19,5,14
1311,21,26,4378400,339,166,173
1312,21,26,4378500,0,0,0
1313,21,26,4378600,187,93,94
1314,21,26,4378700,88,46,42
1315,21,26,4378800,47,19,28
1316,21,26,4378900,7,5,2
1317,21,26,4379000,68,26,42
1318,21,26,4379100,21,11,10
1319,21,26,4379200,2211,1142,1069
1320,21,26,4379300,148,74,74
1321,21,26,4379400,178,96,82
1322,21,26,4379500,475,252,223
1323,21,26,4379600,104,50,54
1324,21,26,4379700,184,85,99
1325,21,26,4379800,40,23,17
1326,21,26,4379900,180,94,86
1327,21,26,4380000,44,17,27
1328,21,26,4380100,0,0,0
1329,21,26,4380200,317,150,167
1330,21,26,4380300,260,138,122
1331,21,26,4380400,52,24,28
1332,21,26,4380500,103,48,55
1333,21,26,4380600,118,60,58
1334,21,26,4380700,48,23,25
1335,21,26,4380800,271,133,138
1336,21,26,4380900,27,17,10
1337,21,26,4381000,148,76,72
1338,21,26,4381100,235,116,119
1339,21,26,4381200,54,24,30
1340,21,26,4381300,442,200,242
1341,21,26,4381400,135,62,73
1342,21,26,4381500,231,111,120
1343,21,26,4381600,245,114,131
1344,21,26,4381700,61,25,36
1345,21,26,4381800,166,76,90
1346,21,26,4381900,578,291,287
1347,21,26,4382000,114,50,64
1348,21,26,4382100,0,0,0
1349,21,26,4382200,141,69,72
1350,21,26,4382300,0,0,0
1351,21,26,4382400,268,128,140
1352,21,26,4382500,114,58,56
1353,21,26,4382600,127,60,67
1354,21,26,4382700,50,25,25
1355,21,26,4382800,129,71,58
1356,21,26,4382900,96,44,52
1357,21,26,4383000,122,55,67
1358,21,26,4383100,119,58,61
1359,21,26,4383200,552,282,270
1360,21,26,4383300,426,216,210
1361,21,26,4383400,466,229,237
1362,21,26,4383500,127,62,65
1363,21,26,4383600,55,30,25
1364,21,26,4383700,0,0,0
1365,21,26,4383800,422,203,219
1366,21,26,4383900,348,174,174
1367,21,26,4384000,308,150,158
1368,21,26,4384100,0,0,0
1369,21,26,4384200,66,33,33
1370,21,26,4384300,52,25,27
1371,21,26,4384400,72,35,37
1372,21,26,4384500,65,32,33
1373,21,26,4384600,202,100,102
1374,21,26,4384700,111,52,59
1375,21,26,4384800,108,57,51
1376,21,26,4384900,353,184,169
1377,21,26,4385000,83,40,43
1378,21,26,4385100,131,61,70
1379,21,26,4385200,89,39,50
1380,21,26,4385300,108,51,57
1381,21,26,4385400,149,73,76
1382,21,26,4385500,80,39,41
1383,21,26,4385600,45,20,25
1384,21,26,4385700,61,27,34
1385,21,26,4385800,147,65,82
1386,21,26,4385900,69,33,36
1387,21,26,4386000,111,56,55
1388,21,26,4386100,187,93,94
1389,21,26,4386200,614,292,322
1390,21,26,4386300,166,89,77
1391,21,26,4386400,146,66,80
1392,21,26,4386500,332,155,177
1393,21,26,4386600,72,33,39
1394,21,26,4386700,0,0,0
1395,21,26,4386800,0,0,0
1396,21,26,4386900,224,106,118
1397,21,26,4387000,594,291,303
1398,21,26,4387100,212,100,112
1399,21,26,4387200,41,23,18
1400,21,26,4387300,333,167,166
1401,21,26,4387400,440,217,223
1402,21,26,4387500,22,11,11
1403,21,26,4387600,0,0,0
1404,21,26,4387700,196,94,102
1405,21,26,4387800,0,0,0
1406,21,26,4387900,43,21,22
1407,21,26,4388000,25,11,14
1408,21,26,4388100,70,30,40
1409,21,26,4388200,0,0,0
1410,21,26,4388300,40,20,20
1411,21,26,4388400,92,41,51
1412,21,26,4388500,328,181,147
1413,21,26,4388600,105,55,50
1414,21,26,4388700,44,18,26
1415,21,26,4388800,48,23,25
1416,21,26,4388900,186,94,92
1417,21,26,4389000,66,31,35
1418,21,26,4389100,51,27,24
1419,21,26,4389200,152,69,83
1420,21,26,4389300,233,115,118
1421,21,26,4389400,106,52,54
1422,21,26,4389500,129,61,68
1423,21,26,4389600,172,84,88
1424,21,26,4389700,188,97,91
1425,21,26,4389800,0,0,0
1426,21,26,4389900,615,301,314
1427,21,26,4390000,168,90,78
1428,21,26,4390100,149,69,80
1429,21,26,4390200,233,118,115
1430,21,26,4390300,76,33,43
1431,21,26,4390400,103,55,48
1432,21,26,4390500,71,35,36
1433,21,26,4390600,0,0,0
1434,21,26,4390700,197,103,94
1435,21,26,4390800,24,12,12
1436,21,26,4390900,82,42,40
1437,21,26,4391000,77,36,41
1438,21,26,4391100,0,0,0
1439,21,26,4391200,550,272,278
1440,21,26,4391300,135,71,64
1441,21,26,4391400,113,54,59
1442,21,26,4391500,61,26,35
1443,21,26,4391600,27,15,12
1444,21,26,4391700,122,55,67
1445,21,26,4391800,177,88,89
1446,21,26,4391900,0,0,0
1447,21,26,4392000,2468,1278,1190
1448,21,26,4392100,109,59,50
1449,21,26,4392200,88,45,43
1450,21,26,4392300,27,14,13
1451,21,26,4392400,30,13,17
1452,21,26,4392500,50,20,30
1453,21,26,4392600,131,57,74
1454,21,26,4392700,127,51,76
1455,21,26,4392800,81,44,37
1456,21,26,4392900,291,150,141
1457,21,26,4393000,152,79,73
1458,21,26,4393100,278,144,134
1459,21,26,4393200,307,154,153
1460,21,26,4393300,84,41,43
1461,21,26,4393400,125,57,68
1462,21,26,4393500,98,48,50
1463,21,26,4393600,120,53,67
1464,21,26,4393700,205,97,108
1465,21,26,4393800,41,23,18
1466,21,26,4393900,0,0,0
1467,21,26,4394000,0,0,0
1468,21,26,4394100,171,76,95
1469,21,26,4394200,463,234,229
1470,21,26,4394300,372,184,188
1471,21,26,4394400,133,65,68
1472,21,26,4394500,61,29,32
1473,21,26,4394600,216,108,108
1474,21,26,4394700,275,138,137
1475,21,26,4394800,42,20,22
1476,21,26,4394900,220,101,119
1477,21,26,4395000,30,12,18
1478,21,26,4395100,49,25,24
1479,21,26,4395200,105,48,57
1480,21,26,4395300,388,194,194
1481,21,26,4395400,142,75,67
1482,21,26,4395500,614,299,315
1483,21,26,4395600,3,2,1
1484,21,26,4395700,0,0,0
1485,21,26,4395800,0,0,0
1486,21,26,4395900,101,50,51
1487,21,26,4396000,0,0,0
1488,21,26,4396100,0,0,0
1489,21,26,4396200,32,16,16
1490,21,26,4396300,0,0,0
1491,21,26,4396400,0,0,0
1492,21,26,4396500,111,51,60
1493,21,26,4396600,57,33,24
1494,21,26,4396700,38,18,20
1495,21,26,4396800,266,127,139
1496,21,26,4396900,408,189,219
1497,21,26,4397000,38,16,22
1498,21,26,4397100,185,86,99
1499,21,26,4397200,80,42,38
1500,21,26,4397300,70,32,38
1501,21,26,4397400,97,46,51
1502,21,26,4397500,11,5,6
1503,21,26,4397600,488,226,262
1504,21,26,4397700,305,145,160
1505,21,26,4397800,439,225,214
1506,21,26,4397900,17,8,9
1507,21,26,4398000,18,6,12
1508,21,26,4398100,53,27,26
1509,21,26,4398200,63,29,34
1510,21,26,4398300,1,0,1
1511,21,26,4398400,58,29,29
1512,21,26,4398500,0,0,0
1513,21,26,4398600,14,5,9
1514,21,26,4398700,0,0,0
1515,21,26,4398800,28,15,13
1516,21,26,4398900,88,47,41
1517,21,26,4399000,93,41,52
1518,21,26,4399100,56,24,32
1519,21,26,4399200,24,12,12
1520,21,26,4399300,16,6,10
1521,21,26,4399400,24,12,12
1522,21,26,4399500,12,5,7
1523,21,26,4399600,44,22,22
1524,21,26,4399700,72,36,36
1525,21,26,4399800,25,11,14
1526,21,26,4399900,93,44,49
1527,21,26,4400000,112,48,64
1528,21,26,4400100,33,15,18
1529,21,26,4400200,43,23,20
1530,21,26,4400300,97,49,48
1531,21,26,4400400,143,72,71
1532,21,26,4400500,112,46,66
1533,21,26,4400600,242,122,120
1534,21,26,4400700,292,165,127
1535,21,26,4400800,86,47,39
1536,21,26,4400900,197,89,108
1537,21,26,4401000,64,32,32
1538,21,26,4401100,216,101,115
1539,21,26,4401200,78,33,45
1540,21,26,4401300,64,30,34
1541,21,26,4401400,39,17,22
1542,21,26,4401500,353,163,190
1543,21,26,4401600,127,62,65
1544,21,26,4401700,177,91,86
1545,21,26,4401800,47,24,23
1546,21,26,4401900,75,39,36
1547,21,26,4402000,123,57,66
1548,21,26,4402100,197,111,86
1549,21,26,4402200,50,21,29
1550,21,26,4402300,79,38,41
1551,21,26,4402400,72,35,37
1552,21,26,4402500,85,43,42
1553,21,26,4402600,30,13,17
1554,21,26,4402700,0,0,0
1555,21,26,4402800,135,59,76
1556,21,26,4402900,344,170,174
1557,21,26,4403000,0,0,0
1558,21,26,4403100,126,62,64
1559,21,26,4403200,62,32,30
1560,21,26,4403300,0,0,0
1561,21,26,4403400,215,103,112
1562,21,26,4403500,150,74,76
1563,21,26,4403600,138,67,71
1564,21,26,4403700,72,35,37
1565,21,26,4403800,0,0,0
1566,21,26,4403900,67,34,33
1567,21,26,4404000,173,79,94
1568,21,26,4404100,64,29,35
1569,21,26,4404200,74,30,44
1570,21,26,4404300,0,0,0
1571,21,26,4404400,47,22,25
1572,21,26,4404500,262,116,146
1573,21,26,4404600,108,50,58
1574,21,26,4404700,61,37,24
1575,21,26,4404800,14,6,8
1576,21,26,4404900,103,48,55
1577,21,26,4405000,365,176,189
1578,21,26,4405100,194,100,94
1579,21,26,4405200,55,24,31
1580,21,26,4405300,40,21,19
1581,21,26,4405400,0,0,0
1582,21,26,4405500,66,33,33
1583,21,26,4405600,175,83,92
1584,21,26,4405700,43,22,21
1585,21,26,4405800,52,20,32
1586,21,26,4405900,134,61,73
1587,21,26,4406000,52,23,29
1588,21,26,4406100,55,27,28
1589,21,26,4406200,22,9,13
1590,21,26,4406300,104,49,55
1591,21,26,4406400,18,7,11
1592,21,26,4406500,38,16,22
1593,21,26,4406600,170,75,95
1594,21,26,4406700,574,289,285
1595,21,26,4406800,151,71,80
1596,21,26,4406900,190,84,106
1597,21,26,4407000,301,141,160
1598,21,26,4407100,92,44,48
1599,21,26,4407200,484,260,224
1600,21,26,4407300,56,27,29
1601,21,26,4407400,136,65,71
1602,21,26,4407500,34,19,15
1603,21,26,4407600,15,7,8
1604,21,26,4407700,303,134,169
1605,21,26,4407800,28,14,14
1606,21,26,4407900,61,26,35
1607,21,26,4408000,216,96,120
1608,21,26,4408100,191,92,99
1609,21,26,4408200,117,60,57
1610,21,26,4408300,198,95,103
1611,21,26,4408400,0,0,0
1612,21,26,4408500,120,58,62
1613,21,26,4408600,155,81,74
1614,21,26,4408700,75,43,32
1615,21,26,4408800,305,138,167
1616,21,26,4408900,58,27,31
1617,21,26,4409000,344,176,168
1618,21,26,4409100,0,0,0
1619,21,26,4409200,116,51,65
1620,21,26,4409300,16,8,8
1621,21,26,4409400,10,5,5
1622,21,26,4409500,15,5,10
1623,21,26,4409600,472,249,223
1624,21,26,4409700,168,88,80
1625,21,26,4409800,44,21,23
1626,21,26,4409900,15,5,10
1627,21,26,4410000,0,0,0
1628,21,26,4410100,100,47,53
1629,21,26,4410200,135,71,64
1630,21,26,4410300,330,160,170
1631,21,26,4410400,57,49,8
1632,21,26,4410500,202,95,107
1633,21,26,4410600,68,33,35
1634,21,26,4410700,17,9,8
1635,21,26,4410800,33,16,17
1636,21,26,4410900,75,33,42
1637,21,26,4411000,13,8,5
1638,21,26,4411100,27,15,12
1639,21,26,4411200,68,36,32
1640,21,26,4411300,128,61,67
1641,21,26,4411400,291,148,143
1642,21,26,4411500,135,68,67
1643,21,26,4411600,65,33,32
1644,21,26,4411700,78,38,40
1645,21,26,4411800,40,22,18
1646,21,26,4411900,169,88,81
1647,21,26,4412000,349,170,179
1648,21,26,4412100,122,61,61
1649,21,26,4412200,423,213,210
1650,21,26,4412300,245,117,128
1651,21,26,4412400,150,75,75
1652,21,26,4412500,561,273,288
1653,21,26,4412600,282,141,141
1654,21,26,4412700,425,209,216
1655,21,26,4412800,310,255,55
1656,21,26,4412900,35,18,17
1657,21,26,4413000,634,310,324
1658,21,26,4413100,100,48,52
1659,21,26,4413200,247,130,117
1660,21,26,4413300,0,0,0
1661,21,26,4413400,138,68,70
1662,21,26,4413500,97,42,55
1663,21,26,4413600,49,23,26
1664,21,26,4413700,77,44,33
1665,21,26,4413800,22,8,14
1666,21,26,4413900,101,49,52
1667,21,26,4414000,301,156,145
1668,21,26,4414100,77,34,43
1669,21,26,4414200,140,68,72
1670,21,26,4414300,128,60,68
1671,21,26,4414400,39,19,20
1672,21,26,4414500,155,77,78
1673,21,26,4414600,61,25,36
1674,21,26,4414700,75,44,31
1675,21,26,4414800,32,15,17
1676,21,26,4414900,156,75,81
1677,21,26,4415000,218,103,115
1678,21,26,4415100,99,44,55
1679,21,26,4415200,78,39,39
1680,21,26,4415300,22,10,12
1681,21,26,4415400,83,38,45
1682,21,26,4415500,131,54,77
1683,21,26,4415600,54,28,26
1684,21,26,4415700,139,75,64
1685,21,26,4415800,205,103,102
1686,21,26,4415900,210,97,113
1687,21,26,4416000,0,0,0
1688,21,26,4416100,54,31,23
1689,21,26,4416200,137,71,66
1690,21,26,4416300,166,77,89
1691,21,26,4416400,130,60,70
1692,21,26,4416500,47,23,24
1693,21,26,4416600,0,0,0
1694,21,26,4416700,173,86,87
1695,21,26,4416800,256,116,140
1696,21,26,4416900,0,0,0
1697,21,26,4417000,188,100,88
1698,21,26,4417100,0,0,0
1699,21,26,4417200,21,12,9
1700,21,26,4417300,239,114,125
1701,21,26,4417400,14,7,7
1702,21,26,4417500,149,71,78
1703,21,26,4417600,116,59,57
1704,21,26,4417700,56,27,29
1705,21,26,4417800,54,24,30
1706,21,26,4417900,82,38,44
1707,21,26,4418000,21,8,13
1708,21,26,4418100,94,47,47
1709,21,26,4418200,23,13,10
1710,21,26,4418300,54,24,30
1711,21,26,4418400,163,76,87
1712,21,26,4418500,43,24,19
1713,21,26,4418600,136,62,74
1714,21,26,4418700,72,32,40
1715,21,26,4418800,60,26,34
1716,21,26,4418900,61,26,35
1717,21,26,4419000,356,172,184
1718,21,26,4419100,0,0,0
1719,21,26,4419200,316,161,155
1720,21,26,4419300,172,93,79
1721,21,26,4419400,72,37,35
1722,21,26,4419500,48,18,30
1723,21,26,4419600,40,18,22
1724,21,26,4419700,38,16,22
1725,21,26,4419800,129,57,72
1726,21,26,4419900,79,39,40
1727,21,26,4420000,93,44,49
1728,21,26,4420100,268,124,144
1729,21,26,4420200,272,129,143
1730,21,26,4420300,187,88,99
1731,21,26,4420400,128,60,68
1732,21,26,4420500,228,108,120
1733,21,26,4420600,226,113,113
1734,21,26,4420700,108,53,55
1735,21,26,4420800,131,69,62
1736,21,26,4420900,82,37,45
1737,21,26,4421000,161,67,94
1738,21,26,4421100,68,38,30
1739,21,26,4421200,203,94,109
1740,21,26,4421300,339,150,189
1741,21,26,4421400,119,55,64
1742,21,26,4421500,152,72,80
1743,21,26,4421600,265,189,76
1744,21,26,4421700,173,100,73
1745,21,26,4421800,264,123,141
1746,21,26,4421900,325,162,163
1747,21,26,4422000,35,20,15
1748,21,26,4422100,217,100,117
1749,21,26,4422200,394,111,283
1750,21,26,4422300,297,145,152
1751,21,26,4422400,190,94,96
1752,21,26,4422500,290,140,150
1753,21,26,4422600,275,128,147
1754,21,26,4422700,178,89,89
1755,21,26,4422800,308,179,129
1756,21,26,4422900,53,21,32
1757,21,26,4423000,128,64,64
1758,21,26,4423100,517,249,268
1759,21,26,4423200,51,23,28
1760,21,26,4423300,222,102,120
1761,21,26,4423400,191,88,103
1762,21,26,4423500,92,46,46
1763,21,26,4423600,1887,999,888
1764,21,26,4423700,566,272,294
1765,21,26,4423800,272,133,139
1766,21,26,4423900,111,55,56
1767,21,26,4424000,272,141,131
1768,21,26,4424100,146,72,74
1769,21,26,4424200,57,27,30
1770,21,26,4424300,148,69,79
1771,21,26,4424400,107,58,49
1772,21,26,4424500,582,377,205
1773,21,26,4424600,324,155,169
1774,21,26,4424700,393,174,219
1775,21,26,4424800,241,118,123
1776,21,26,4424900,154,70,84
1777,21,26,4425000,299,148,151
1778,21,26,4425100,290,136,154
1779,21,26,4425200,105,55,50
1780,21,26,4425300,512,244,268
1781,21,26,4425400,478,225,253
1782,21,26,4425500,155,74,81
1783,21,26,4425600,316,188,128
1784,21,26,4425700,152,74,78
1785,21,26,4425800,216,103,113
1786,21,26,4425900,457,225,232
1787,21,26,4426000,75,32,43
1788,21,26,4426100,177,89,88
1789,21,26,4426200,396,203,193
1790,21,26,4426300,133,69,64
1791,21,26,4426400,194,92,102
1792,21,26,4426500,49,22,27
1793,21,26,4426600,138,63,75
1794,21,26,4426700,110,55,55
1795,21,26,4426800,472,225,247
1796,21,26,4426900,188,91,97
1797,21,26,4427000,563,270,293
1798,21,26,4427100,506,239,267
1799,21,26,4427200,389,182,207
1800,21,26,4427300,334,166,168
1801,21,26,4427400,209,102,107
1802,21,26,4427500,1122,551,571
1803,21,26,4427600,67,33,34
1804,21,26,4427700,424,275,149
1805,21,26,4427800,169,85,84
1806,21,26,4427900,496,243,253
1807,21,26,4428000,394,194,200
1808,21,26,4428100,390,187,203
1809,21,26,4428200,166,91,75
1810,21,26,4428300,418,206,212
1811,21,26,4428400,391,192,199
1812,21,26,4428500,277,130,147
1813,21,26,4428600,657,319,338
1814,21,26,4428700,111,52,59
1815,21,26,4428800,448,206,242
1816,21,26,4428900,804,398,406
1817,21,26,4429000,61,31,30
1818,21,26,4429100,64,32,32
1819,21,26,4429200,149,77,72
1820,21,26,4429300,111,50,61
1821,21,26,4429400,37,17,20
1822,21,26,4429500,61,30,31
1823,21,26,4429600,368,176,192
1824,21,26,4429700,57,27,30
1825,21,26,4429800,0,0,0
1826,21,26,4429900,184,95,89
1827,21,26,4430000,994,507,487
1828,21,26,4430100,200,94,106
1829,21,26,4430200,221,104,117
1830,21,26,4430300,415,194,221
1831,21,26,4430400,843,395,448
1832,21,26,4430500,66,33,33
1833,21,26,4430600,483,232,251
1834,21,26,4430700,420,211,209
1835,21,26,4430800,64,32,32
1836,21,26,4430900,122,60,62
1837,21,26,4431000,206,91,115
1838,21,26,4431100,255,125,130
1839,21,26,4431200,322,174,148
1840,21,26,4431300,160,79,81
1841,21,26,4431400,0,0,0
1842,21,26,4431500,100,46,54
1843,21,26,4431600,190,95,95
1844,21,26,4431700,125,55,70
1845,21,26,4431800,0,0,0
1846,21,26,4431900,256,121,135
1847,21,26,4432000,104,50,54
1848,21,26,4432100,152,75,77
1849,21,26,4432200,147,75,72
1850,21,26,4432300,42,22,20
1851,21,26,4432400,334,164,170
1852,21,26,4432500,91,45,46
1853,21,26,4432600,170,86,84
1854,21,26,4432700,83,40,43
1855,21,26,4432800,271,127,144
1856,21,26,4432900,127,61,66
1857,21,26,4433000,415,195,220
1858,21,26,4433100,306,148,158
1859,21,26,4433200,0,0,0
1860,21,26,4433300,0,0,0
1861,21,26,4433400,415,199,216
1862,21,26,4433500,246,127,119
1863,21,26,4433600,0,0,0
1864,21,26,4433700,92,44,48
1865,21,26,4433800,60,28,32
1866,21,26,4433900,1,0,1
1867,21,26,4434000,0,0,0
1868,21,26,4434100,443,217,226
1869,21,26,4434200,85,41,44
1870,21,26,4434300,90,44,46
1871,21,26,4434400,163,83,80
1872,21,26,4434500,72,32,40
1873,21,26,4434600,0,0,0
1874,21,26,4434700,0,0,0
1875,21,26,4434800,200,89,111
1876,21,26,4434900,301,140,161
1877,21,26,4435000,33,18,15
1878,21,26,4435100,0,0,0
1879,21,26,4435200,0,0,0
1880,21,26,4435300,223,105,118
1881,21,26,4435400,66,32,34
1882,21,26,4435500,17,7,10
1883,21,26,4435600,64,31,33
1884,21,26,4435700,283,131,152
1885,21,26,4435800,101,50,51
1886,21,26,4435900,176,81,95
1887,21,26,4436000,1037,515,522
1888,21,26,4436100,1966,956,1010
1889,21,26,4436200,173,93,80
1890,21,26,4436300,98,49,49
1891,21,26,4436400,222,105,117
1892,21,26,4436500,152,76,76
1893,21,26,4436600,311,151,160
1894,21,26,4436700,736,368,368
1895,21,26,4436800,2603,1297,1306
1896,21,26,4436900,499,251,248
1897,21,26,4437000,2060,1050,1010
1898,21,26,4437100,1350,689,661
1899,21,26,4437200,1028,544,484
1900,21,26,4437300,772,391,381
1901,21,26,4437400,458,227,231
1902,21,26,4437500,959,479,480
1903,21,26,4437600,486,254,232
1904,21,26,4437700,440,227,213
1905,21,26,4437800,425,211,214
1906,21,26,4437900,1363,683,680
1907,21,26,4438000,1268,638,630
1908,21,26,4438100,1568,757,811
1909,21,26,4438200,1120,560,560
1910,21,26,4438300,1193,583,610
1911,21,26,4438400,676,329,347
1912,21,26,4438500,0,0,0
1913,21,26,4438600,111,55,56
1914,21,26,4438700,380,185,195
1915,21,26,4438800,865,442,423
1916,21,26,4438900,861,415,446
1917,21,26,4439000,1742,849,893
1918,21,26,4439100,671,345,326
1919,21,26,4439200,300,139,161
1920,21,26,4439300,1075,542,533
1921,21,26,4439400,396,193,203
1922,21,26,4439500,49,23,26
1923,21,26,4439600,149,69,80
1924,21,26,4439700,247,125,122
1925,21,26,4439800,701,350,351
1926,21,26,4439900,766,384,382
1927,21,26,4440000,851,415,436
1928,21,26,4440100,695,339,356
1929,21,26,4440200,960,473,487
1930,21,26,4440300,1345,665,680
1931,21,26,4440400,277,142,135
1932,21,26,4440500,672,338,334
1933,21,26,4440600,787,371,416
1934,21,26,4440700,157,83,74
1935,21,26,4440800,987,482,505
1936,21,26,4440900,511,248,263
1937,21,26,4441000,421,203,218
1938,21,26,4441100,617,310,307
1939,21,26,4441200,510,255,255
1940,21,26,4441300,45,26,19
1941,21,26,4441400,323,164,159
1942,21,26,4441500,699,348,351
1943,21,26,4441600,638,314,324
1944,21,26,4441700,258,183,75
1945,21,26,4441800,472,229,243
1946,21,26,4441900,924,442,482
1947,21,26,4442000,1548,757,791
1948,21,26,4442100,1717,856,861
1949,21,26,4442200,639,317,322
1950,21,26,4442300,1080,550,530
1951,21,26,4442400,1755,851,904
1952,21,26,4442500,1664,833,831
1953,21,26,4442600,913,458,455
1954,21,26,4442700,662,340,322
1955,21,26,4442800,396,194,202
1956,21,26,4442900,1843,926,917
1957,21,26,4443000,159,71,88
1958,21,26,4443100,791,411,380
1959,21,26,4443200,887,454,433
1960,21,26,4443300,657,331,326
1961,21,26,4443400,932,463,469
1962,21,26,4443500,0,0,0
1963,21,26,4443600,0,0,0
1964,21,26,4443700,2357,1198,1159
1965,21,26,4443800,2506,1281,1225
1966,21,26,4443900,864,436,428
1967,21,26,4444000,851,425,426
1968,21,26,4444100,2072,1062,1010
1969,21,26,4444200,690,359,331
1970,21,26,4444300,837,424,413
1971,21,26,4444400,1834,939,895
1972,21,26,4444500,590,288,302
1973,21,26,4444600,1142,570,572
1974,21,26,4444700,315,152,163
1975,21,26,4444800,534,255,279
1976,21,26,4444900,639,322,317
1977,21,26,4445000,1581,780,801
1978,21,26,4445100,1172,578,594
1979,21,26,4445200,694,341,353
1980,21,26,4445300,150,75,75
1981,21,26,4445400,637,316,321
1982,21,26,4445500,5,1,4
1983,21,26,4445600,567,285,282
1984,21,26,4445700,445,239,206
1985,21,26,4445800,91,48,43
1986,21,26,4445900,38,16,22
1987,21,26,4446000,634,321,313
1988,21,26,4446100,140,74,66
1989,21,26,4446200,816,398,418
1990,21,26,4446300,423,216,207
1991,21,26,4446400,134,65,69
1992,21,26,4446500,173,83,90
1993,21,26,4446600,729,356,373
1994,21,26,4446700,516,269,247
1995,21,26,4446800,661,327,334
1996,21,26,4446900,0,0,0
1997,21,26,4447000,97,44,53
1998,21,26,4447100,26,11,15
1999,21,26,4447200,312,159,153
2000,21,26,4447300,406,200,206
2001,21,26,4447400,179,85,94
2002,21,26,4447500,150,77,73
2003,21,26,4447600,53,25,28
2004,21,26,4447700,0,0,0
2005,21,26,4447800,159,81,78
2006,21,26,4447900,55,29,26
2007,21,26,4448000,156,74,82
2008,21,26,4448100,58,27,31
2009,21,26,4448200,1272,634,638
2010,21,26,4448300,398,200,198
2011,21,26,4448400,792,383,409
2012,21,26,4448500,17,10,7
2013,21,26,4448600,541,263,278
2014,21,26,4448700,227,123,104
2015,21,26,4448800,314,138,176
2016,21,26,4448900,667,336,331
2017,21,26,4449000,167,83,84
2018,21,26,4449100,793,393,400
2019,21,26,4449200,429,220,209
2020,21,26,4449300,1745,848,897
2021,21,26,4449400,1136,561,575
2022,21,26,4449500,1100,556,544
2023,21,26,4449600,1638,810,828
2024,21,26,4449700,560,272,288
2025,21,26,4449800,1684,857,827
2026,21,26,4449900,3097,1590,1507
2027,21,26,4450000,948,464,484
2028,21,26,4450100,875,429,446
2029,21,26,4450200,88,41,47
2030,21,26,4450300,1374,681,693
2031,21,26,4450400,585,294,291
2032,21,26,4450500,1796,909,887
2033,21,26,4450600,1948,971,977
2034,21,26,4450700,1901,966,935
2035,21,26,4450800,876,429,447
2036,21,26,4450900,485,243,242
2037,21,26,4451000,947,453,494
2038,21,26,4451100,554,284,270
2039,21,26,4451200,1193,577,616
2040,21,26,4451300,2161,1091,1070
2041,21,26,4451400,1163,592,571
2042,21,26,4451500,1760,857,903
2043,21,26,4451600,707,355,352
2044,21,26,4451700,448,239,209
2045,21,26,4451800,854,439,415
2046,21,26,4451900,1607,799,808
2047,21,26,4452000,1089,549,540
2048,21,26,4452100,0,0,0
2049,21,26,4452200,722,367,355
2050,21,26,4452300,1236,597,639
2051,21,26,4452400,545,274,271
2052,21,26,4452500,47,23,24
2053,21,26,4452600,818,400,418
2054,21,26,4452700,858,436,422
2055,21,26,4452800,573,280,293
2056,21,26,4452900,293,147,146
2057,21,26,4453000,1132,550,582
2058,21,26,4453100,528,269,259
2059,21,26,4453200,468,216,252
2060,21,26,4453300,120,53,67
2061,21,26,4453400,210,107,103
2062,21,26,4453500,38,23,15
2063,21,26,4453600,88,49,39
2064,21,26,4453700,796,396,400
2065,21,26,4453800,405,197,208
2066,21,26,4453900,525,243,282
2067,21,26,4454000,0,0,0
2068,21,26,4454100,632,309,323
2069,21,26,4454200,1024,495,529
2070,21,26,4454300,270,136,134
2071,21,26,4454400,5,2,3
2072,21,26,4454500,66,33,33
2073,21,26,4454600,147,75,72
2074,21,26,4454700,33,17,16
2075,21,26,4454800,14,10,4
2076,21,26,4454900,249,123,126
2077,21,26,4455000,1108,545,563
2078,21,26,4455100,1180,607,573
2079,21,26,4455200,894,466,428
2080,21,26,4455300,1045,525,520
2081,21,26,4455400,1066,510,556
2082,21,26,4455500,2695,1364,1331
2083,21,26,4455600,630,310,320
2084,21,26,4455700,1054,502,552
2085,21,26,4455800,326,148,178
2086,21,26,4455900,113,61,52
2087,21,26,4456000,63,28,35
2088,21,26,4456100,381,188,193
2089,21,26,4456200,100,50,50
2090,21,26,4456300,82,38,44
2091,21,26,4456400,1416,681,735
2092,21,26,4456500,167,83,84
2093,21,26,4456600,817,396,421
2094,21,26,4456700,975,485,490
2095,21,26,4456800,1113,553,560
2096,21,26,4456900,823,427,396
2097,21,26,4457000,771,382,389
2098,21,26,4457100,1144,581,563
2099,21,26,4457200,95,48,47
2100,21,26,4457300,1253,633,620
2101,21,26,4457400,674,341,333
2102,21,26,4457500,853,416,437
2103,21,26,4457600,1679,786,893
2104,21,26,4457700,1416,705,711
2105,21,26,4457800,976,483,493
2106,21,26,4457900,1250,633,617
2107,21,26,4458000,1498,739,759
2108,21,26,4458100,2396,1187,1209
2109,21,26,4458200,697,341,356
2110,21,26,4458300,628,322,306
2111,21,26,4458400,1025,516,509
2112,21,26,4458500,1072,526,546
2113,21,26,4458600,937,471,466
2114,21,26,4458700,884,418,466
2115,21,26,4458800,650,316,334
2116,21,26,4458900,1380,683,697
2117,21,26,4459000,431,225,206
2118,21,26,4459100,194,100,94
2119,21,26,4459200,168,90,78
2120,21,26,4459300,109,59,50
2121,21,26,4459400,675,344,331
2122,21,26,4459500,622,304,318
2123,21,26,4459600,683,339,344
2124,21,26,4459700,2405,1220,1185
2125,21,26,4459800,1170,586,584
2126,21,26,4459900,645,300,345
2127,21,26,4460000,693,348,345
2128,21,26,4460100,359,175,184
2129,21,26,4460200,561,272,289
2130,21,26,4460300,675,339,336
2131,21,26,4460400,1142,573,569
2132,21,26,4460500,1245,608,637
2133,21,26,4460600,904,450,454
2134,21,26,4460700,498,246,252
2135,21,26,4460800,654,322,332
2136,21,26,4460900,364,176,188
2137,21,26,4461000,393,191,202
2138,21,26,4461100,48,23,25
2139,21,26,4461200,303,146,157
2140,21,26,4461300,121,58,63
2141,21,26,4461400,660,327,333
2142,21,26,4461500,327,155,172
2143,21,26,4461600,1366,669,697
2144,21,26,4461700,839,436,403
2145,21,26,4461800,946,476,470
2146,21,26,4461900,2585,1268,1317
2147,21,26,4462000,1443,700,743
2148,21,26,4462100,694,331,363
2149,21,26,4462200,684,323,361
2150,21,26,4462300,574,282,292
2151,21,26,4462400,1676,870,806
2152,21,26,4462500,1455,726,729
2153,21,26,4462600,2152,1006,1146
2154,21,26,4462700,507,235,272
2155,21,26,4462800,850,423,427
2156,21,26,4462900,1489,705,784
2157,21,26,4463000,1491,730,761
2158,21,26,4463100,1192,580,612
2159,21,26,4463200,1584,790,794
2160,21,26,4463300,1630,813,817
2161,21,26,4463400,560,283,277
2162,21,26,4463500,1644,796,848
2163,21,26,4463600,72,39,33
2164,21,26,4463700,535,257,278
2165,21,26,4463800,316,146,170
2166,21,26,4463900,2089,1067,1022
2167,21,26,4464000,298,155,143
2168,21,26,4464100,707,344,363
2169,21,26,4464200,1336,660,676
2170,21,26,4464300,1255,628,627
2171,21,26,4464400,646,312,334
2172,21,26,4464500,424,200,224
2173,21,26,4464600,287,144,143
2174,21,26,4464700,201,91,110
2175,21,26,4464800,558,268,290
2176,21,26,4464900,433,213,220
2177,21,26,4465000,939,439,500
2178,21,26,4465100,1644,822,822
2179,21,26,4465200,881,424,457
2180,21,26,4465300,835,401,434
2181,21,26,4465400,3015,1495,1520
2182,21,26,4465500,2406,1200,1206
2183,21,26,4465600,2505,1226,1279
2184,21,26,4465700,230,109,121
2185,21,26,4465800,1045,516,529
2186,21,26,4465900,528,255,273
2187,21,26,4466000,817,400,417
2188,21,26,4466100,165,76,89
2189,21,26,4466200,702,333,369
2190,21,26,4466300,716,333,383
2191,21,26,4466400,802,401,401
2192,21,26,4466500,144,71,73
2193,21,26,4466600,1048,500,548
2194,21,26,4466700,473,231,242
2195,21,26,4466800,746,363,383
2196,21,26,4466900,683,335,348
2197,21,26,4467000,766,380,386
2198,21,26,4467100,1561,818,743
2199,21,26,4467200,946,462,484
2200,21,26,4467300,619,294,325
2201,21,26,4467400,1182,584,598
2202,21,26,4467500,644,309,335
2203,21,26,4467600,292,138,154
2204,21,26,4467700,540,258,282
2205,21,26,4467800,705,356,349
2206,21,26,4467900,1291,620,671
2207,21,26,4468000,7825,3990,3835
2208,21,26,4468100,2662,1328,1334
2209,21,26,4468200,1892,928,964
2210,21,26,4468300,1132,547,585
2211,21,26,4468400,2390,1193,1197
2212,21,26,4468500,2270,1138,1132
2213,21,26,4468600,1493,721,772
2214,21,26,4468700,984,483,501
2215,21,26,4468800,533,266,267
2216,21,26,4468900,333,164,169
2217,21,26,4469000,432,206,226
2218,21,26,4469100,196,110,86
2219,21,26,4469200,444,204,240
2220,21,26,4469300,489,237,252
2221,21,26,4469400,682,336,346
2222,21,26,4469500,446,209,237
2223,21,26,4469600,261,127,134
2224,21,26,4469700,414,191,223
2225,21,26,4469800,1019,499,520
2226,21,26,4469900,415,200,215
2227,21,26,4470000,1022,523,499
2228,21,26,4470100,495,259,236
2229,21,26,4470200,505,243,262
2230,21,26,4470300,265,132,133
2231,21,26,4470400,0,0,0
2232,21,26,4470500,18,11,7
2233,21,26,4470600,700,353,347
2234,21,26,4470700,465,227,238
2235,21,26,4470800,628,299,329
