,Statecode,Districtcode,VillageCode,Population,Males,Females
0,21,386,2722800,166,80,86
1,21,386,2722900,248,121,127
2,21,386,2723000,326,171,155
3,21,386,2723100,43,23,20
4,21,386,2723200,360,197,163
5,21,386,2723300,838,437,401
6,21,386,2723400,181,88,93
7,21,386,2723500,79,36,43
8,21,386,2723600,784,406,378
9,21,386,2723700,286,147,139
10,21,386,2723800,631,317,314
11,21,386,2723900,235,118,117
12,21,386,2724000,1,1,0
13,21,386,2724100,1202,594,608
14,21,386,2724200,436,221,215
15,21,386,2724300,662,350,312
16,21,386,2724400,1278,659,619
17,21,386,2724500,233,117,116
18,21,386,2724600,184,102,82
19,21,386,2724700,364,193,171
20,21,386,2724800,968,486,482
21,21,386,2724900,378,194,184
22,21,386,2725000,754,390,364
23,21,386,2725100,164,77,87
24,21,386,2725200,1,1,0
25,21,386,2725300,188,89,99
26,21,386,2725400,506,251,255
27,21,386,2725500,641,293,348
28,21,386,2725600,61,29,32
29,21,386,2725700,0,0,0
30,21,386,2725800,1548,770,778
31,21,386,2725900,399,202,197
32,21,386,2726000,327,166,161
33,21,386,2726100,1133,572,561
34,21,386,2726200,172,81,91
35,21,386,2726300,202,103,99
36,21,386,2726400,104,50,54
37,21,386,2726500,114,64,50
38,21,386,2726600,438,223,215
39,21,386,2726700,0,0,0
40,21,386,2726800,209,109,100
41,21,386,2726900,238,112,126
42,21,386,2727000,109,53,56
43,21,386,2727100,513,237,276
44,21,386,2727200,432,218,214
45,21,386,2727300,465,231,234
46,21,386,2727400,157,77,80
47,21,386,2727500,287,151,136
48,21,386,2727600,324,162,162
49,21,386,2727700,443,209,234
50,21,386,2727800,298,149,149
51,21,386,2727900,219,117,102
52,21,386,2728000,275,131,144
53,21,386,2728100,479,251,228
54,21,386,2728200,614,389,225
55,21,386,2728300,313,158,155
56,21,386,2728400,8,4,4
57,21,386,2728500,0,0,0
58,21,386,2728600,736,379,357
59,21,386,2728700,348,177,171
60,21,386,2728800,258,132,126
61,21,386,2728900,341,173,168
62,21,386,2729000,316,152,164
63,21,386,2729100,431,228,203
64,21,386,2729200,347,185,162
65,21,386,2729300,657,342,315
66,21,386,2729400,794,403,391
67,21,386,2729500,1030,532,498
68,21,386,2729600,95,51,44
69,21,386,2729700,135,68,67
70,21,386,2729800,700,358,342
71,21,386,2729900,419,211,208
72,21,386,2730000,204,96,108
73,21,386,2730100,137,64,73
74,21,386,2730200,350,187,163
75,21,386,2730300,254,126,128
76,21,386,2730400,281,156,125
77,21,386,2730500,0,0,0
78,21,386,2730600,0,0,0
79,21,386,2730700,228,125,103
80,21,386,2730800,614,306,308
81,21,386,2730900,0,0,0
82,21,386,2731000,571,269,302
83,21,386,2731100,217,110,107
84,21,386,2731200,237,122,115
85,21,386,2731300,109,56,53
86,21,386,2731400,401,197,204
87,21,386,2731500,304,153,151
88,21,386,2731600,223,120,103
89,21,386,2731700,531,280,251
90,21,386,2731800,0,0,0
91,21,386,2731900,411,208,203
92,21,386,2732000,300,164,136
93,21,386,2732100,217,104,113
94,21,386,2732200,242,113,129
95,21,386,2732300,239,120,119
96,21,386,2732400,0,0,0
97,21,386,2732500,258,130,128
98,21,386,2732600,645,334,311
99,21,386,2732700,632,329,303
100,21,386,2732800,864,462,402
101,21,386,2732900,14,6,8
102,21,386,2733000,626,307,319
103,21,386,2733100,453,230,223
104,21,386,2733200,148,72,76
105,21,386,2733300,1120,544,576
106,21,386,2733400,976,487,489
107,21,386,2733500,447,235,212
108,21,386,2733600,484,242,242
109,21,386,2733700,294,149,145
110,21,386,2733800,918,461,457
111,21,386,2733900,163,83,80
112,21,386,2734000,395,205,190
113,21,386,2734100,439,226,213
114,21,386,2734200,247,126,121
115,21,386,2734300,1042,548,494
116,21,386,2734400,2319,1201,1118
117,21,386,2734500,142,71,71
118,21,386,2734600,1746,911,835
119,21,386,2734700,1115,542,573
120,21,386,2734800,194,92,102
121,21,386,2734900,100,54,46
122,21,386,2735000,0,0,0
123,21,386,2735100,52,30,22
124,21,386,2735200,330,174,156
125,21,386,2735300,274,144,130
126,21,386,2735400,337,170,167
127,21,386,2735500,135,69,66
128,21,386,2735600,0,0,0
129,21,386,2735700,1919,980,939
130,21,386,2735800,2392,1197,1195
131,21,386,2735900,585,294,291
132,21,386,2736000,250,136,114
133,21,386,2736100,920,459,461
134,21,386,2736200,422,229,193
135,21,386,2736300,0,0,0
136,21,386,2736400,0,0,0
137,21,386,2736500,220,126,94
138,21,386,2736600,310,161,149
139,21,386,2736700,1184,608,576
140,21,386,2736800,64,30,34
141,21,386,2736900,336,173,163
142,21,386,2737000,2,1,1
143,21,386,2737100,0,0,0
144,21,386,2737200,359,189,170
145,21,386,2737300,117,62,55
146,21,386,2737400,581,299,282
147,21,386,2737500,587,298,289
148,21,386,2737600,0,0,0
149,21,386,2737700,640,324,316
150,21,386,2737800,519,268,251
151,21,386,2737900,296,142,154
152,21,386,2738000,266,130,136
153,21,386,2738100,256,130,126
154,21,386,2738200,1153,584,569
155,21,386,2738300,563,292,271
156,21,386,2738400,223,118,105
157,21,386,2738500,813,420,393
158,21,386,2738600,720,366,354
159,21,386,2738700,728,364,364
160,21,386,2738800,878,441,437
161,21,386,2738900,782,422,360
162,21,386,2739000,431,205,226
163,21,386,2739100,781,409,372
164,21,386,2739200,173,88,85
165,21,386,2739300,561,294,267
166,21,386,2739400,1249,653,596
167,21,386,2739500,460,225,235
168,21,386,2739600,1481,738,743
169,21,386,2739700,600,306,294
170,21,386,2739800,354,165,189
171,21,386,2739900,852,427,425
172,21,386,2740000,52,22,30
173,21,386,2740100,421,225,196
174,21,386,2740200,0,0,0
175,21,386,2740300,0,0,0
176,21,386,2740400,0,0,0
177,21,386,2740500,36,19,17
178,21,386,2740600,625,325,300
179,21,386,2740700,250,133,117
180,21,386,2740800,16,8,8
181,21,386,2740900,363,185,178
182,21,386,2741000,71,34,37
183,21,386,2741100,0,0,0
184,21,386,2741200,289,143,146
185,21,386,2741300,85,42,43
186,21,386,2741400,241,121,120
187,21,386,2741500,175,92,83
188,21,386,2741600,68,36,32
189,21,386,2741700,108,59,49
190,21,386,2741800,178,85,93
191,21,386,2741900,0,0,0
192,21,386,2742000,246,125,121
193,21,386,2742100,45,20,25
194,21,386,2742200,874,410,464
195,21,386,2742300,250,129,121
196,21,386,2742400,206,105,101
197,21,386,2742500,287,137,150
198,21,386,2742600,258,129,129
199,21,386,2742700,533,261,272
200,21,386,2742800,504,257,247
201,21,386,2742900,179,90,89
202,21,386,2743000,426,221,205
203,21,386,2743100,607,302,305
204,21,386,2743200,1087,552,535
205,21,386,2743300,734,375,359
206,21,386,2743400,492,248,244
207,21,386,2743500,19,10,9
208,21,386,2743600,0,0,0
209,21,386,2743700,490,251,239
210,21,386,2743800,470,231,239
211,21,386,2743900,133,64,69
212,21,386,2744000,145,67,78
213,21,386,2744100,832,429,403
214,21,386,2744200,277,141,136
215,21,386,2744300,66,32,34
216,21,386,2744400,0,0,0
217,21,386,2744500,0,0,0
218,21,386,2744600,291,140,151
219,21,386,2744700,660,330,330
220,21,386,2744800,100,53,47
221,21,386,2744900,0,0,0
222,21,386,2745000,1766,895,871
223,21,386,2745100,371,188,183
224,21,386,2745200,276,136,140
225,21,386,2745300,810,426,384
226,21,386,2745400,1883,918,965
227,21,386,2745500,332,183,149
228,21,386,2745600,523,274,249
229,21,386,2745700,730,375,355
230,21,386,2745800,662,349,313
231,21,386,2745900,443,224,219
232,21,386,2746000,738,380,358
233,21,386,2746100,318,152,166
234,21,386,2746200,462,226,236
235,21,386,2746300,1352,688,664
236,21,386,2746400,165,85,80
237,21,386,2746500,462,244,218
238,21,386,2746600,512,261,251
239,21,386,2746700,0,0,0
240,21,386,2746800,283,141,142
241,21,386,2746900,601,314,287
242,21,386,2747000,52,25,27
243,21,386,2747100,290,151,139
244,21,386,2747200,0,0,0
245,21,386,2747300,943,467,476
246,21,386,2747400,641,318,323
247,21,386,2747500,325,166,159
248,21,386,2747600,286,136,150
249,21,386,2747700,120,62,58
250,21,386,2747800,99,51,48
251,21,386,2747900,1300,648,652
252,21,386,2748000,1121,553,568
253,21,386,2748100,771,397,374
254,21,386,2748200,640,313,327
255,21,386,2748300,394,191,203
256,21,386,2748400,318,165,153
257,21,386,2748500,571,282,289
258,21,386,2748600,330,164,166
259,21,386,2748700,736,375,361
260,21,386,2748800,49,29,20
261,21,386,2748900,57,27,30
262,21,386,2749000,70,36,34
263,21,386,2749100,478,246,232
264,21,386,2749200,427,216,211
265,21,386,2749300,329,170,159
266,21,386,2749400,69,37,32
267,21,386,2749500,4,1,3
268,21,386,2749600,398,204,194
269,21,386,2749700,460,235,225
270,21,386,2749800,282,153,129
271,21,386,2749900,437,230,207
272,21,386,2750000,483,232,251
273,21,386,2750100,224,115,109
274,21,386,2750200,89,45,44
275,21,386,2750300,150,72,78
276,21,386,2750400,250,129,121
277,21,386,2750500,605,300,305
278,21,386,2750600,316,161,155
279,21,386,2750700,821,423,398
280,21,386,2750800,1461,737,724
281,21,386,2750900,20,9,11
282,21,386,2751000,1177,609,568
283,21,386,2751100,258,128,130
284,21,386,2751200,249,123,126
285,21,386,2751300,554,274,280
286,21,386,2751400,180,92,88
287,21,386,2751500,205,104,101
288,21,386,2751600,192,101,91
289,21,386,2751700,705,359,346
290,21,386,2751800,1161,597,564
291,21,386,2751900,558,275,283
292,21,386,2752000,580,292,288
293,21,386,2752100,693,341,352
294,21,386,2752200,548,256,292
295,21,386,2752300,330,156,174
296,21,386,2752400,368,173,195
297,21,386,2752500,423,217,206
298,21,386,2752600,603,302,301
299,21,386,2752700,907,460,447
300,21,386,2752800,504,260,244
301,21,386,2752900,152,83,69
302,21,386,2753000,0,0,0
303,21,386,2753100,676,349,327
304,21,386,2753200,0,0,0
305,21,386,2753300,549,270,279
306,21,386,2753400,689,334,355
307,21,386,2753500,322,167,155
308,21,386,2753600,1093,534,559
309,21,386,2753700,1103,549,554
310,21,386,2753800,602,303,299
311,21,386,2753900,256,135,121
312,21,386,2754000,431,223,208
313,21,386,2754100,261,141,120
314,21,386,2754200,5,3,2
315,21,386,2754300,964,475,489
316,21,386,2754400,631,316,315
317,21,386,2754500,470,235,235
318,21,386,2754600,1004,509,495
319,21,386,2754700,447,218,229
320,21,386,2754800,481,241,240
321,21,386,2754900,637,314,323
322,21,386,2755000,974,504,470
323,21,386,2755100,387,212,175
324,21,386,2755200,1277,640,637
325,21,386,2755300,1331,693,638
326,21,386,2755400,1004,480,524
327,21,386,2755500,464,233,231
328,21,386,2755600,1040,558,482
329,21,386,2755700,350,184,166
330,21,386,2755800,817,415,402
331,21,386,2755900,786,390,396
332,21,386,2756000,891,447,444
333,21,386,2756100,229,119,110
334,21,386,2756200,148,79,69
335,21,386,2756300,818,431,387
336,21,386,2756400,1060,514,546
337,21,386,2756500,1032,532,500
338,21,386,2756600,986,513,473
339,21,386,2756700,922,489,433
340,21,386,2756800,1717,871,846
341,21,386,2756900,479,246,233
342,21,386,2757000,618,313,305
343,21,386,2757100,150,76,74
344,21,386,2757200,456,245,211
345,21,386,2757300,786,405,381
346,21,386,2757400,830,431,399
347,21,386,2757500,558,272,286
348,21,386,2757600,2363,1184,1179
349,21,386,2757700,431,226,205
350,21,386,2757800,419,213,206
351,21,386,2757900,556,300,256
352,21,386,2758000,379,200,179
353,21,386,2758100,976,477,499
354,21,386,2758200,467,246,221
355,21,386,2758300,419,217,202
356,21,386,2758400,695,357,338
357,21,386,2758500,0,0,0
358,21,386,2758600,371,186,185
359,21,386,2758700,785,404,381
360,21,386,2758800,443,230,213
361,21,386,2758900,213,113,100
362,21,386,2759000,0,0,0
363,21,386,2759100,2092,1071,1021
364,21,386,2759200,933,452,481
365,21,386,2759300,1025,544,481
366,21,386,2759400,420,218,202
367,21,386,2759500,421,201,220
368,21,386,2759600,724,360,364
369,21,386,2759700,465,221,244
370,21,386,2759800,1054,542,512
371,21,386,2759900,0,0,0
372,21,386,2760000,0,0,0
373,21,386,2760100,582,291,291
374,21,386,2760200,680,346,334
375,21,386,2760300,334,168,166
376,21,386,2760400,934,492,442
377,21,386,2760500,889,442,447
378,21,386,2760600,1460,760,700
379,21,386,2760700,394,193,201
380,21,386,2760800,767,396,371
381,21,386,2760900,630,326,304
382,21,386,2761000,189,95,94
383,21,386,2761100,507,251,256
384,21,386,2761200,0,0,0
385,21,386,2761300,512,270,242
386,21,386,2761400,1058,522,536
387,21,386,2761500,0,0,0
388,21,386,2761600,0,0,0
389,21,386,2761700,1222,629,593
390,21,386,2761800,556,267,289
391,21,386,2761900,452,221,231
392,21,386,2762000,251,125,126
393,21,386,2762100,704,373,331
394,21,386,2762200,391,209,182
395,21,386,2762300,401,211,190
396,21,386,2762400,72,36,36
397,21,386,2762500,616,310,306
398,21,386,2762600,0,0,0
399,21,386,2762700,327,163,164
400,21,386,2762800,595,309,286
401,21,386,2762900,497,254,243
402,21,386,2763000,142,68,74
403,21,386,2763100,399,209,190
404,21,386,2763200,1090,561,529
405,21,386,2763300,0,0,0
406,21,386,2763400,2210,1134,1076
407,21,386,2763500,985,506,479
408,21,386,2763600,1853,939,914
409,21,386,2763700,124,69,55
410,21,386,2763800,1142,584,558
411,21,386,2763900,0,0,0
412,21,386,2764000,1617,833,784
413,21,386,2764100,467,237,230
414,21,386,2764200,128,65,63
415,21,386,2764300,166,76,90
416,21,386,2764400,505,246,259
417,21,386,2764500,677,335,342
418,21,386,2764600,326,165,161
419,21,386,2764700,508,253,255
420,21,386,2764800,121,67,54
421,21,386,2764900,456,226,230
422,21,386,2765000,434,225,209
423,21,386,2765100,429,215,214
424,21,386,2765200,660,317,343
425,21,386,2765300,180,88,92
426,21,386,2765400,421,206,215
427,21,386,2765500,734,384,350
428,21,386,2765600,514,271,243
429,21,386,2765700,742,386,356
430,21,386,2765800,279,143,136
431,21,386,2765900,396,207,189
432,21,386,2766000,3276,1661,1615
433,21,386,2766100,575,287,288
434,21,386,2766200,225,111,114
435,21,386,2766300,381,190,191
436,21,386,2766400,630,334,296
437,21,386,2766500,439,222,217
438,21,386,2766600,600,310,290
439,21,386,2766700,495,252,243
440,21,386,2766800,716,377,339
441,21,386,2766900,1026,548,478
442,21,386,2767000,2917,1523,1394
443,21,386,2767100,588,298,290
444,21,386,2767200,368,188,180
445,21,386,2767300,1737,878,859
446,21,386,2767400,141,65,76
447,21,386,2767500,347,168,179
448,21,386,2767600,0,0,0
449,21,386,2767700,1085,564,521
450,21,386,2767800,504,261,243
451,21,386,2767900,1173,609,564
452,21,386,2768000,612,331,281
453,21,386,2768100,2875,1471,1404
454,21,386,2768200,999,484,515
455,21,386,2768300,1165,601,564
456,21,386,2768400,0,0,0
457,21,386,2768500,768,393,375
458,21,386,2768600,1118,562,556
459,21,386,2768700,1771,883,888
460,21,386,2768800,16,12,4
461,21,386,2768900,30,16,14
462,21,386,2769000,451,225,226
463,21,386,2769100,2110,1058,1052
464,21,386,2769200,720,356,364
465,21,386,2769300,895,447,448
466,21,386,2769400,326,165,161
467,21,386,2769500,858,431,427
468,21,386,2769600,0,0,0
469,21,386,2769700,0,0,0
470,21,386,2769800,915,469,446
471,21,386,2769900,248,122,126
472,21,386,2770000,139,66,73
473,21,386,2770100,377,192,185
474,21,386,2770200,319,147,172
475,21,386,2770300,1798,905,893
476,21,386,2770400,44,25,19
477,21,386,2770500,2299,1163,1136
478,21,386,2770600,196,108,88
479,21,386,2770700,76,42,34
480,21,386,2770800,1426,738,688
481,21,386,2770900,1909,999,910
482,21,386,2771000,194,87,107
483,21,386,2771100,1125,600,525
484,21,386,2771200,70,41,29
485,21,386,2771300,463,249,214
486,21,386,2771400,346,174,172
487,21,386,2771500,1801,914,887
488,21,386,2771600,1760,875,885
489,21,386,2771700,1437,705,732
490,21,386,2771800,1046,528,518
491,21,386,2771900,704,359,345
492,21,386,2772000,1344,668,676
493,21,386,2772100,64,40,24
494,21,386,2772200,0,0,0
495,21,386,2772300,814,417,397
496,21,386,2772400,1163,601,562
497,21,386,2772500,1816,907,909
498,21,386,2772600,903,486,417
499,21,386,2772700,887,455,432
500,21,386,2772800,178,93,85
501,21,386,2772900,504,268,236
502,21,386,2773000,0,0,0
503,21,386,2773100,0,0,0
504,21,386,2773200,0,0,0
505,21,386,2773300,0,0,0
506,21,386,2773400,180,92,88
507,21,386,2773500,2702,1382,1320
508,21,386,2773600,1093,551,542
509,21,386,2773700,643,326,317
510,21,386,2773800,504,265,239
511,21,386,2773900,500,250,250
512,21,386,2774000,495,257,238
513,21,386,2774100,1126,591,535
514,21,386,2774200,475,251,224
515,21,386,2774300,1027,538,489
516,21,386,2774400,1325,667,658
517,21,386,2774500,1032,522,510
518,21,386,2774600,0,0,0
519,21,386,2774700,742,367,375
520,21,386,2774800,501,266,235
521,21,386,2774900,0,0,0
522,21,386,2775000,1508,751,757
523,21,386,2775100,585,300,285
524,21,386,2775200,617,310,307
525,21,386,2775300,62,33,29
526,21,386,2775400,972,519,453
527,21,386,2775500,234,115,119
528,21,386,2775600,0,0,0
529,21,386,2775700,1241,639,602
530,21,386,2775800,895,475,420
531,21,386,2775900,11,5,6
532,21,386,2776000,387,201,186
533,21,386,2776100,633,375,258
534,21,386,2776200,0,0,0
535,21,386,2776300,129,62,67
536,21,386,2776400,539,269,270
537,21,386,2776500,378,179,199
538,21,386,2776600,228,115,113
539,21,386,2776700,212,99,113
540,21,386,2776800,831,404,427
541,21,386,2776900,1899,992,907
542,21,386,2777000,546,275,271
543,21,386,2777100,443,234,209
544,21,386,2777200,447,221,226
545,21,386,2777300,550,284,266
546,21,386,2777400,0,0,0
547,21,386,2777500,137,64,73
548,21,386,2777600,568,299,269
549,21,386,2777700,691,347,344
550,21,386,2777800,830,423,407
551,21,386,2777900,478,242,236
552,21,386,2778000,1882,962,920
553,21,386,2778100,996,501,495
554,21,386,2778200,339,173,166
555,21,386,2778300,407,213,194
556,21,386,2778400,748,376,372
557,21,386,2778500,397,201,196
558,21,386,2778600,2210,1123,1087
559,21,386,2778700,456,233,223
560,21,386,2778800,845,423,422
561,21,386,2778900,2343,1183,1160
562,21,386,2779000,451,232,219
563,21,386,2779100,2109,1071,1038
564,21,386,2779200,1013,508,505
565,21,386,2779300,175,98,77
566,21,386,2779400,1498,774,724
567,21,386,2779500,1863,954,909
568,21,386,2779600,262,122,140
569,21,386,2779700,306,153,153
570,21,386,2779800,1639,800,839
571,21,386,2779900,256,127,129
572,21,386,2780000,1616,812,804
573,21,386,2780100,1708,856,852
574,21,386,2780200,1895,996,899
575,21,386,2780300,376,191,185
576,21,386,2780400,575,310,265
577,21,386,2780500,2013,1033,980
578,21,386,2780600,1408,732,676
579,21,386,2780700,653,318,335
580,21,386,2780800,361,174,187
581,21,386,2780900,1683,887,796
582,21,386,2781000,194,96,98
583,21,386,2781100,189,98,91
584,21,386,2781200,76,42,34
585,21,386,2781300,311,158,153
586,21,386,2781400,2627,1335,1292
587,21,386,2781500,436,218,218
588,21,386,2781600,365,185,180
589,21,386,2781700,2317,1173,1144
590,21,386,2781800,3042,1531,1511
591,21,386,2781900,3113,1573,1540
592,21,386,2782000,301,155,146
593,21,386,2782100,635,310,325
594,21,386,2782200,2864,1506,1358
595,21,386,2782300,653,328,325
596,21,386,2782400,78,41,37
597,21,386,2782500,538,274,264
598,21,386,2782600,72,40,32
599,21,386,2782700,155,73,82
600,21,386,2782800,0,0,0
601,21,386,2782900,411,205,206
602,21,386,2783000,3642,1908,1734
603,21,386,2783100,221,117,104
604,21,386,2783200,1734,895,839
605,21,386,2783300,1604,819,785
606,21,386,2783400,906,479,427
607,21,386,2783500,94,48,46
608,21,386,2783600,85,47,38
609,21,386,2783700,676,327,349
610,21,386,2783800,309,156,153
611,21,386,2783900,392,205,187
612,21,386,2784000,637,318,319
613,21,386,2784100,242,131,111
614,21,386,2784200,382,193,189
615,21,386,2784300,478,250,228
616,21,386,2784400,238,120,118
617,21,386,2784500,372,201,171
618,21,386,2784600,647,334,313
619,21,386,2784700,308,160,148
620,21,386,2784800,378,188,190
621,21,386,2784900,798,404,394
622,21,386,2785000,567,283,284
623,21,386,2785100,37,18,19
624,21,386,2785200,686,339,347
625,21,386,2785300,629,307,322
626,21,386,2785400,127,66,61
627,21,386,2785500,334,164,170
628,21,386,2785600,101,54,47
629,21,386,2785700,1191,601,590
630,21,386,2785800,673,334,339
631,21,386,2785900,384,179,205
632,21,386,2786000,737,370,367
633,21,386,2786100,1855,918,937
634,21,386,2786200,227,129,98
635,21,386,2786300,379,184,195
636,21,386,2786400,593,298,295
637,21,386,2786500,1210,605,605
638,21,386,2786600,224,111,113
639,21,386,2786700,120,63,57
640,21,386,2786800,516,262,254
641,21,386,2786900,558,294,264
642,21,386,2787000,50,30,20
643,21,386,2787100,519,260,259
644,21,386,2787200,76,43,33
645,21,386,2787300,486,252,234
646,21,386,2787400,207,105,102
647,21,386,2787500,614,317,297
648,21,386,2787600,12,4,8
649,21,386,2787700,35,17,18
650,21,386,2787800,353,190,163
651,21,386,2787900,1571,829,742
652,21,386,2788000,565,295,270
653,21,386,2788100,726,361,365
654,21,386,2788200,356,178,178
655,21,386,2788300,2058,1030,1028
656,21,386,2788400,1680,851,829
657,21,386,2788500,838,433,405
658,21,386,2788600,617,314,303
659,21,386,2788700,659,327,332
660,21,386,2788800,717,360,357
661,21,386,2788900,689,353,336
662,21,386,2789000,1788,925,863
663,21,386,2789100,500,260,240
664,21,386,2789200,87,42,45
665,21,386,2789300,616,299,317
666,21,386,2789400,1152,574,578
667,21,386,2789500,1585,819,766
668,21,386,2789600,0,0,0
669,21,386,2789700,553,274,279
670,21,386,2789800,12,8,4
671,21,386,2789900,2763,1415,1348
672,21,386,2790000,1813,907,906
673,21,386,2790100,773,399,374
674,21,386,2790200,1068,535,533
675,21,386,2790300,484,231,253
676,21,386,2790400,1165,592,573
677,21,386,2790500,1405,718,687
678,21,386,2790600,1301,657,644
679,21,386,2790700,789,405,384
680,21,386,2790800,1156,559,597
681,21,386,2790900,875,460,415
682,21,386,2791000,4013,2073,1940
683,21,386,2791100,1064,545,519
684,21,386,2791200,4998,2552,2446
685,21,386,2791300,292,145,147
686,21,386,2791400,4833,2435,2398
687,21,386,2791500,174,92,82
688,21,386,2791600,365,185,180
689,21,386,2791700,407,197,210
690,21,386,2791800,759,389,370
691,21,386,2791900,2259,1175,1084
692,21,386,2792000,1355,669,686
693,21,386,2792100,994,504,490
694,21,386,2792200,709,370,339
695,21,386,2792300,1128,559,569
696,21,386,2792400,698,365,333
697,21,386,2792500,455,231,224
698,21,386,2792600,1445,752,693
699,21,386,2792700,108,54,54
700,21,386,2792800,116,63,53
701,21,386,2792900,1236,639,597
702,21,386,2793000,1230,633,597
703,21,386,2793100,1600,822,778
704,21,386,2793200,487,238,249
705,21,386,2793300,581,287,294
706,21,386,2793400,1063,540,523
707,21,386,2793500,163,77,86
708,21,386,2793600,412,217,195
709,21,386,2793700,882,446,436
710,21,386,2793800,1031,532,499
711,21,386,2793900,355,193,162
712,21,386,2794000,0,0,0
713,21,386,2794100,201,97,104
714,21,386,2794200,861,430,431
715,21,386,2794300,160,85,75
716,21,386,2794400,852,437,415
717,21,386,2794500,3343,1690,1653
718,21,386,2794600,229,128,101
719,21,386,2794700,74,34,40
720,21,386,2794800,370,181,189
721,21,386,2794900,326,159,167
722,21,386,2795000,1031,506,525
723,21,386,2795100,2765,1395,1370
724,21,386,2795200,605,307,298
725,21,386,2795300,555,284,271
726,21,386,2795400,774,398,376
727,21,386,2795500,886,443,443
728,21,386,2795600,489,246,243
729,21,386,2795700,216,109,107
730,21,386,2795800,4409,2192,2217
731,21,386,2795900,408,207,201
732,21,386,2796000,710,355,355
733,21,386,2796100,487,253,234
734,21,386,2796200,425,221,204
735,21,386,2796300,325,167,158
736,21,386,2796400,307,157,150
737,21,386,2796500,326,162,164
738,21,386,2796600,229,119,110
739,21,386,2796700,221,100,121
740,21,386,2796800,278,145,133
741,21,386,2796900,173,88,85
742,21,386,2797000,559,290,269
743,21,386,2797100,609,294,315
744,21,386,2797200,678,355,323
745,21,386,2797300,61,29,32
746,21,386,2797400,61,29,32
747,21,386,2797500,1851,935,916
748,21,386,2797600,281,141,140
749,21,386,2797700,573,290,283
750,21,386,2797800,1222,600,622
751,21,386,2797900,2568,1307,1261
752,21,386,2798000,1093,591,502
753,21,386,2798100,3173,1606,1567
754,21,386,2798200,561,289,272
755,21,386,2798300,0,0,0
756,21,386,2798400,1148,584,564
757,21,386,2798500,845,435,410
758,21,386,2798600,26,16,10
759,21,386,2798700,11,6,5
760,21,386,2798800,213,115,98
761,21,386,2798900,413,215,198
762,21,386,2799000,273,141,132
763,21,386,2799100,146,75,71
764,21,386,2799200,275,135,140
765,21,386,2799300,598,309,289
766,21,386,2799400,248,125,123
767,21,386,2799500,264,134,130
768,21,386,2799600,321,173,148
769,21,386,2799700,0,0,0
770,21,386,2799800,568,284,284
771,21,386,2799900,0,0,0
772,21,386,2800000,308,165,143
773,21,386,2800100,288,149,139
774,21,386,2800200,464,231,233
775,21,386,2800300,104,55,49
776,21,386,2800400,197,104,93
777,21,386,2800500,133,67,66
778,21,386,2800600,835,433,402
779,21,386,2800700,36,19,17
780,21,386,2800800,330,181,149
781,21,386,2800900,8,4,4
782,21,386,2801000,40,20,20
783,21,386,2801100,276,140,136
784,21,386,2801200,397,199,198
785,21,386,2801300,342,178,164
786,21,386,2801400,0,0,0
787,21,386,2801500,572,293,279
788,21,386,2801600,209,102,107
789,21,386,2801700,0,0,0
790,21,386,2801800,948,480,468
791,21,386,2801900,496,250,246
792,21,386,2802000,157,76,81
793,21,386,2802100,126,69,57
794,21,386,2802200,233,115,118
795,21,386,2802300,0,0,0
796,21,386,2802400,847,423,424
797,21,386,2802500,125,68,57
798,21,386,2802600,546,290,256
799,21,386,2802700,1189,600,589
800,21,386,2802800,793,394,399
801,21,386,2802900,1497,750,747
802,21,386,2803000,0,0,0
803,21,386,2803100,733,375,358
804,21,386,2803200,241,118,123
805,21,386,2803300,610,314,296
806,21,386,2803400,810,400,410
807,21,386,2803500,565,288,277
808,21,386,2803600,354,181,173
809,21,386,2803700,146,78,68
810,21,386,2803800,48,27,21
811,21,386,2803900,1162,586,576
812,21,386,2804000,641,310,331
813,21,386,2804100,505,242,263
814,21,386,2804200,409,196,213
815,21,386,2804300,854,436,418
816,21,386,2804400,340,177,163
817,21,386,2804500,0,0,0
818,21,386,2804600,343,167,176
819,21,386,2804700,4,1,3
820,21,386,2804800,249,121,128
821,21,386,2804900,672,336,336
822,21,386,2805000,471,235,236
823,21,386,2805100,392,210,182
824,21,386,2805200,336,187,149
825,21,386,2805300,0,0,0
826,21,386,2805400,278,146,132
827,21,386,2805500,1948,1048,900
828,21,386,2805600,701,374,327
829,21,386,2805700,8,4,4
830,21,386,2805800,0,0,0
831,21,386,2805900,0,0,0
832,21,386,2806000,1279,653,626
833,21,386,2806100,1024,511,513
834,21,386,2806200,211,108,103
835,21,386,2806300,157,88,69
836,21,386,2806400,399,210,189
837,21,386,2806500,1212,597,615
838,21,386,2806600,601,318,283
839,21,386,2806700,1710,863,847
840,21,386,2806800,337,177,160
841,21,386,2806900,859,446,413
842,21,386,2807000,1045,556,489
843,21,386,2807100,826,419,407
844,21,386,2807200,1318,666,652
845,21,386,2807300,0,0,0
846,21,386,2807400,451,219,232
847,21,386,2807500,206,108,98
848,21,386,2807600,198,99,99
849,21,386,2807700,1049,541,508
850,21,386,2807800,1838,914,924
851,21,386,2807900,1973,1038,935
852,21,386,2808000,2289,1188,1101
853,21,386,2808100,847,444,403
854,21,386,2808200,324,171,153
855,21,386,2808300,753,378,375
856,21,386,2808400,382,199,183
857,21,386,2808500,1568,805,763
858,21,386,2808600,169,80,89
859,21,386,2808700,779,413,366
860,21,386,2808800,755,373,382
861,21,386,2808900,333,166,167
862,21,386,2809000,1437,761,676
863,21,386,2809100,888,440,448
864,21,386,2809200,0,0,0
865,21,386,2809300,0,0,0
866,21,386,2809400,2337,1155,1182
867,21,386,2809500,476,239,237
868,21,386,2809600,0,0,0
869,21,386,2809700,0,0,0
870,21,386,2809800,272,143,129
871,21,386,2809900,287,148,139
872,21,386,2810000,298,150,148
873,21,386,2810100,306,152,154
874,21,386,2810200,2720,1396,1324
875,21,386,2810300,0,0,0
876,21,386,2810400,0,0,0
877,21,386,2810500,0,0,0
878,21,386,2810600,904,480,424
879,21,386,2810700,129,63,66
880,21,386,2810800,613,312,301
881,21,386,2810900,514,262,252
882,21,386,2811000,169,92,77
883,21,386,2811100,355,167,188
884,21,386,2811200,394,218,176
885,21,386,2811300,556,285,271
886,21,386,2811400,403,191,212
887,21,386,2811500,562,273,289
888,21,386,2811600,237,121,116
889,21,386,2811700,263,135,128
890,21,386,2811800,339,177,162
891,21,386,2811900,237,116,121
892,21,386,2812000,426,213,213
893,21,386,2812100,445,217,228
894,21,386,2812200,736,357,379
895,21,386,2812300,123,53,70
896,21,386,2812400,170,92,78
897,21,386,2812500,286,146,140
898,21,386,2812600,427,209,218
899,21,386,2812700,1643,793,850
900,21,386,2812800,658,348,310
901,21,386,2812900,282,149,133
902,21,386,2813000,982,487,495
903,21,386,2813100,826,427,399
904,21,386,2813200,930,480,450
905,21,386,2813300,1085,559,526
906,21,386,2813400,154,74,80
907,21,386,2813500,181,89,92
908,21,386,2813600,162,84,78
909,21,386,2813700,289,151,138
910,21,386,2813800,228,104,124
911,21,386,2813900,1188,596,592
912,21,386,2814000,55,32,23
913,21,386,2814100,822,418,404
914,21,386,2814200,291,147,144
915,21,386,2814300,1636,822,814
916,21,386,2814400,775,392,383
917,21,386,2814500,44,24,20
918,21,386,2814600,620,314,306
919,21,386,2814700,3411,1685,1726
920,21,386,2814800,814,411,403
921,21,386,2814900,576,283,293
922,21,386,2815000,713,376,337
923,21,386,2815100,324,166,158
924,21,386,2815200,382,190,192
925,21,386,2815300,467,235,232
926,21,386,2815400,364,185,179
927,21,386,2815500,855,437,418
928,21,386,2815600,1918,968,950
929,21,386,2815700,0,0,0
930,21,386,2815800,229,111,118
931,21,386,2815900,1565,783,782
932,21,386,2816000,24,16,8
933,21,386,2816100,1483,740,743
934,21,386,2816200,903,481,422
935,21,386,2816300,1169,598,571
936,21,386,2816400,0,0,0
937,21,386,2816500,0,0,0
938,21,386,2816600,684,350,334
939,21,386,2816700,1196,593,603
940,21,386,2816800,1813,919,894
941,21,386,2816900,0,0,0
942,21,386,2817000,1060,543,517
943,21,386,2817100,857,423,434
944,21,386,2817200,814,416,398
945,21,386,2817300,407,210,197
946,21,386,2817400,0,0,0
947,21,386,2817500,7,4,3
948,21,386,2817600,553,270,283
949,21,386,2817700,346,161,185
950,21,386,2817800,537,259,278
951,21,386,2817900,149,77,72
952,21,386,2818000,370,187,183
953,21,386,2818100,174,83,91
954,21,386,2818200,307,156,151
955,21,386,2818300,183,93,90
956,21,386,2818400,37,17,20
957,21,386,2818500,302,146,156
958,21,386,2818600,0,0,0
959,21,386,2818700,0,0,0
960,21,386,2818800,0,0,0
961,21,386,2818900,737,364,373
962,21,386,2819000,909,474,435
963,21,386,2819100,7,4,3
964,21,386,2819200,48,21,27
965,21,386,2819300,0,0,0
966,21,386,2819400,324,169,155
967,21,386,2819500,104,57,47
968,21,386,2819600,0,0,0
969,21,386,2819700,0,0,0
970,21,386,2819800,0,0,0
971,21,386,2819900,443,211,232
972,21,386,2820000,1169,588,581
973,21,386,2820100,516,249,267
974,21,386,2820200,1879,947,932
975,21,386,2820300,0,0,0
976,21,386,2820400,428,207,221
977,21,386,2820500,1007,514,493
978,21,386,2820600,760,386,374
979,21,386,2820700,165,83,82
980,21,386,2820800,735,376,359
981,21,386,2820900,0,0,0
982,21,386,2821000,0,0,0
983,21,386,2821100,103,49,54
984,21,386,2821200,1613,842,771
985,21,386,2821300,311,153,158
986,21,386,2821400,347,174,173
987,21,386,2821500,94,48,46
988,21,386,2821600,0,0,0
989,21,386,2821700,51,31,20
990,21,386,2821800,109,50,59
991,21,386,2821900,851,424,427
992,21,386,2822000,362,185,177
993,21,386,2822100,0,0,0
994,21,386,2822200,794,387,407
995,21,386,2822300,798,395,403
996,21,386,2822400,710,363,347
997,21,386,2822500,415,201,214
998,21,386,2822600,863,461,402
999,21,386,2822700,0,0,0
1000,21,386,2822800,167,94,73
1001,21,386,2822900,1004,520,484
1002,21,386,2823000,716,360,356
1003,21,386,2823100,117,58,59
1004,21,386,2823200,354,186,168
1005,21,386,2823300,0,0,0
1006,21,386,2823400,2,2,0
1007,21,386,2823500,411,200,211
1008,21,386,2823600,0,0,0
1009,21,386,2823700,0,0,0
1010,21,386,2823800,110,58,52
1011,21,386,2823900,802,401,401
1012,21,386,2824000,593,301,292
1013,21,386,2824100,0,0,0
1014,21,386,2824200,0,0,0
1015,21,386,2824300,0,0,0
1016,21,386,2824400,1598,808,790
1017,21,386,2824500,352,175,177
1018,21,386,2824600,317,159,158
1019,21,386,2824700,227,106,121
1020,21,386,2824800,205,97,108
1021,21,386,2824900,528,249,279
1022,21,386,2825000,568,273,295
1023,21,386,2825100,830,411,419
1024,21,386,2825200,0,0,0
1025,21,386,2825300,183,92,91
1026,21,386,2825400,284,152,132
1027,21,386,2825500,2263,1175,1088
1028,21,386,2825600,604,306,298
1029,21,386,2825700,26,12,14
1030,21,386,2825800,96,47,49
1031,21,386,2825900,370,182,188
1032,21,386,2826000,561,296,265
1033,21,386,2826100,2950,1476,1474
1034,21,386,2826200,553,286,267
1035,21,386,2826300,1922,968,954
1036,21,386,2826400,298,154,144
1037,21,386,2826500,204,89,115
1038,21,386,2826600,326,179,147
1039,21,386,2826700,201,99,102
1040,21,386,2826800,263,130,133
1041,21,386,2826900,282,137,145
1042,21,386,2827000,492,251,241
1043,21,386,2827100,1480,749,731
1044,21,386,2827200,1016,500,516
1045,21,386,2827300,282,138,144
1046,21,386,2827400,375,189,186
1047,21,386,2827500,0,0,0
1048,21,386,2827600,0,0,0
1049,21,386,2827700,156,76,80
1050,21,386,2827800,153,68,85
1051,21,386,2827900,247,121,126
1052,21,386,2828000,192,90,102
1053,21,386,2828100,0,0,0
1054,21,386,2828200,221,112,109
1055,21,386,2828300,0,0,0
1056,21,386,2828400,7,3,4
1057,21,386,2828500,138,70,68
1058,21,386,2828600,0,0,0
1059,21,386,2828700,0,0,0
1060,21,386,2828800,0,0,0
1061,21,386,2828900,605,304,301
1062,21,386,2829000,92,50,42
1063,21,386,2829100,142,72,70
1064,21,386,2829200,322,173,149
1065,21,386,2829300,1082,557,525
1066,21,386,2829400,835,426,409
1067,21,386,2829500,97,40,57
1068,21,386,2829600,376,184,192
1069,21,386,2829700,1157,568,589
1070,21,386,2829800,379,186,193
1071,21,386,2829900,419,192,227
1072,21,386,2830000,2404,1208,1196
1073,21,386,2830100,332,179,153
1074,21,386,2830200,3267,1686,1581
1075,21,386,2830300,604,319,285
1076,21,386,2830400,991,514,477
1077,21,386,2830500,158,83,75
1078,21,386,2830600,0,0,0
1079,21,386,2830700,531,278,253
1080,21,386,2830800,559,282,277
1081,21,386,2830900,4636,2327,2309
1082,21,386,2831000,209,108,101
1083,21,386,2831100,537,285,252
1084,21,386,2831200,119,64,55
1085,21,386,2831300,677,317,360
1086,21,386,2831400,274,133,141
1087,21,386,2831500,209,98,111
1088,21,386,2831600,1069,537,532
1089,21,386,2831700,0,0,0
1090,21,386,2831800,0,0,0
1091,21,386,2831900,251,129,122
1092,21,386,2832000,0,0,0
1093,21,386,2832100,749,367,382
1094,21,386,2832200,654,330,324
1095,21,386,2832300,2093,1066,1027
1096,21,386,2832400,1499,789,710
1097,21,386,2832500,4570,2387,2183
1098,21,386,2832600,1969,992,977
1099,21,386,2832700,786,402,384
1100,21,386,2832800,222,116,106
1101,21,386,2832900,537,264,273
1102,21,386,2833000,288,157,131
1103,21,386,2833100,1352,689,663
1104,21,386,2833200,1379,693,686
1105,21,386,2833300,1982,1016,966
1106,21,386,2833400,718,366,352
1107,21,386,2833500,153,76,77
1108,21,386,2833600,82,42,40
1109,21,386,2833700,480,242,238
1110,21,386,2833800,199,101,98
1111,21,386,2833900,349,174,175
1112,21,386,2834000,0,0,0
1113,21,386,2834100,883,477,406
1114,21,386,2834200,0,0,0
1115,21,386,2834300,632,331,301
1116,21,386,2834400,0,0,0
1117,21,386,2834500,0,0,0
1118,21,386,2834600,154,80,74
1119,21,386,2834700,352,183,169
1120,21,386,2834800,548,270,278
1121,21,386,2834900,418,210,208
1122,21,386,2835000,207,103,104
1123,21,386,2835100,613,315,298
1124,21,386,2835200,0,0,0
1125,21,386,2835300,25,11,14
1126,21,386,2835400,0,0,0
1127,21,386,2835500,798,414,384
1128,21,386,2835600,0,0,0
1129,21,386,2835700,363,203,160
1130,21,386,2835800,451,242,209
1131,21,386,2835900,256,132,124
1132,21,386,2836000,534,278,256
1133,21,386,2836100,306,149,157
1134,21,386,2836200,0,0,0
1135,21,386,2836300,0,0,0
1136,21,386,2836400,4,1,3
1137,21,386,2836500,238,118,120
1138,21,386,2836600,197,92,105
1139,21,386,2836700,150,72,78
1140,21,386,2836800,137,71,66
1141,21,386,2836900,332,171,161
1142,21,386,2837000,253,125,128
1143,21,386,2837100,34,19,15
1144,21,386,2837200,106,56,50
1145,21,386,2837300,314,158,156
1146,21,386,2837400,127,64,63
1147,21,386,2837500,302,143,159
1148,21,386,2837600,544,256,288
1149,21,386,2837700,386,198,188
1150,21,386,2837800,454,226,228
1151,21,386,2837900,1614,798,816
1152,21,386,2838000,157,82,75
1153,21,386,2838100,38,17,21
1154,21,386,2838200,2279,1143,1136
1155,21,386,2838300,28,16,12
1156,21,386,2838400,2845,1404,1441
1157,21,386,2838500,1245,648,597
1158,21,386,2838600,157,82,75
1159,21,386,2838700,530,270,260
1160,21,386,2838800,155,80,75
1161,21,386,2838900,0,0,0
1162,21,386,2839000,33,16,17
1163,21,386,2839100,71,40,31
1164,21,386,2839200,13,8,5
1165,21,386,2839300,836,432,404
1166,21,386,2839400,201,108,93
1167,21,386,2839500,1757,859,898
1168,21,386,2839600,1715,863,852
1169,21,386,2839700,0,0,0
1170,21,386,2839800,369,187,182
1171,21,386,2839900,128,67,61
1172,21,386,2840000,419,225,194
1173,21,386,2840100,657,338,319
1174,21,386,2840200,830,424,406
1175,21,386,2840300,2147,1137,1010
1176,21,386,2840400,2654,1359,1295
1177,21,386,2840500,3452,1762,1690
1178,21,386,2840600,2355,1197,1158
1179,21,386,2840700,649,337,312
1180,21,386,2840800,1481,762,719
1181,21,386,2840900,2470,1257,1213
1182,21,386,2841000,3761,1917,1844
1183,21,386,2841100,2985,1556,1429
1184,21,386,2841200,4411,2307,2104
1185,21,386,2841300,268,142,126
1186,21,386,2841400,595,328,267
1187,21,386,2841500,442,227,215
1188,21,386,2841600,546,261,285
1189,21,386,2841700,540,269,271
1190,21,386,2841800,673,347,326
1191,21,386,2841900,2464,1273,1191
1192,21,386,2842000,334,176,158
1193,21,386,2842100,210,101,109
1194,21,386,2842200,198,100,98
1195,21,386,2842300,0,0,0
1196,21,386,2842400,625,328,297
1197,21,386,2842500,2474,1219,1255
1198,21,386,2842600,0,0,0
1199,21,386,2842700,0,0,0
1200,21,386,2842800,244,131,113
1201,21,386,2842900,525,277,248
1202,21,386,2843000,481,238,243
1203,21,386,2843100,802,419,383
1204,21,386,2843200,145,72,73
1205,21,386,2843300,976,521,455
1206,21,386,2843400,139,69,70
1207,21,386,2843500,411,241,170
1208,21,386,2843600,1172,592,580
1209,21,386,2843700,401,214,187
1210,21,386,2843800,595,301,294
1211,21,386,2843900,0,0,0
1212,21,386,2844000,451,209,242
1213,21,386,2844100,1,0,1
1214,21,386,2844200,190,95,95
1215,21,386,2844300,0,0,0
1216,21,386,2844400,1135,558,577
1217,21,386,2844500,117,59,58
1218,21,386,2844600,1054,539,515
1219,21,386,2844700,795,372,423
1220,21,386,2844800,1486,761,725
1221,21,386,2844900,1301,646,655
1222,21,386,2845000,0,0,0
1223,21,386,2845100,162,83,79
1224,21,386,2845200,540,309,231
1225,21,386,2845300,326,169,157
1226,21,386,2845400,684,352,332
1227,21,386,2845500,4819,2467,2352
1228,21,386,2845600,310,162,148
1229,21,386,2845700,3727,1924,1803
1230,21,386,2845800,363,180,183
1231,21,386,2845900,16,8,8
1232,21,386,2846000,338,176,162
1233,21,386,2846100,751,363,388
1234,21,386,2846200,399,191,208
1235,21,386,2846300,542,258,284
1236,21,386,2846400,217,119,98
1237,21,386,2846500,174,76,98
1238,21,386,2846600,0,0,0
1239,21,386,2846700,475,215,260
1240,21,386,2846800,5,3,2
1241,21,386,2846900,212,103,109
1242,21,386,2847000,270,131,139
1243,21,386,2847100,137,64,73
1244,21,386,2847200,286,154,132
1245,21,386,2847300,174,91,83
1246,21,386,2847400,224,116,108
1247,21,386,2847500,349,176,173
1248,21,386,2847600,272,125,147
1249,21,386,2847700,195,96,99
1250,21,386,2847800,146,65,81
1251,21,386,2847900,646,322,324
1252,21,386,2848000,109,52,57
1253,21,386,2848100,153,78,75
1254,21,386,2848200,0,0,0
1255,21,386,2848300,440,224,216
1256,21,386,2848400,252,125,127
1257,21,386,2848500,650,314,336
1258,21,386,2848600,128,60,68
1259,21,386,2848700,323,149,174
1260,21,386,2848800,359,165,194
1261,21,386,2848900,280,126,154
1262,21,386,2849000,32,12,20
1263,21,386,2849100,365,185,180
1264,21,386,2849200,247,124,123
1265,21,386,2849300,1017,505,512
1266,21,386,2849400,645,337,308
1267,21,386,2849500,451,214,237
1268,21,386,2849600,398,192,206
1269,21,386,2849700,424,192,232
1270,21,386,2849800,794,431,363
1271,21,386,2849900,891,417,474
1272,21,386,2850000,317,161,156
1273,21,386,2850100,367,197,170
1274,21,386,2850200,1899,963,936
1275,21,386,2850300,212,103,109
1276,21,386,2850400,407,210,197
1277,21,386,2850500,398,192,206
1278,21,386,2850600,540,285,255
1279,21,386,2850700,432,215,217
1280,21,386,2850800,304,145,159
1281,21,386,2850900,412,213,199
1282,21,386,2851000,51,23,28
1283,21,386,2851100,153,84,69
1284,21,386,2851200,161,82,79
1285,21,386,2851300,341,166,175
1286,21,386,2851400,236,111,125
1287,21,386,2851500,799,402,397
1288,21,386,2851600,404,213,191
1289,21,386,2851700,35,21,14
1290,21,386,2851800,310,149,161
1291,21,386,2851900,125,60,65
1292,21,386,2852000,460,242,218
1293,21,386,2852100,194,100,94
1294,21,386,2852200,314,153,161
1295,21,386,2852300,411,215,196
1296,21,386,2852400,1028,517,511
1297,21,386,2852500,765,370,395
1298,21,386,2852600,1057,559,498
1299,21,386,2852700,269,136,133
1300,21,386,2852800,91,46,45
1301,21,386,2852900,559,259,300
1302,21,386,2853000,665,319,346
1303,21,386,2853100,622,311,311
1304,21,386,2853200,687,356,331
1305,21,386,2853300,330,165,165
1306,21,386,2853400,0,0,0
1307,21,386,2853500,247,125,122
1308,21,386,2853600,725,363,362
1309,21,386,2853700,385,209,176
1310,21,386,2853800,444,226,218
1311,21,386,2853900,1741,884,857
1312,21,386,2854000,947,501,446
1313,21,386,2854100,1194,609,585
1314,21,386,2854200,332,161,171
1315,21,386,2854300,14,8,6
1316,21,386,2854400,357,157,200
1317,21,386,2854500,282,121,161
1318,21,386,2854600,196,99,97
1319,21,386,2854700,339,165,174
1320,21,386,2854800,660,342,318
1321,21,386,2854900,165,79,86
1322,21,386,2855000,271,127,144
1323,21,386,2855100,0,0,0
1324,21,386,2855200,1172,569,603
1325,21,386,2855300,253,136,117
1326,21,386,2855400,548,278,270
1327,21,386,2855500,62,24,38
1328,21,386,2855600,443,223,220
1329,21,386,2855700,0,0,0
1330,21,386,2855800,0,0,0
1331,21,386,2855900,0,0,0
1332,21,386,2856000,0,0,0
1333,21,386,2856100,24,14,10
1334,21,386,2856200,151,72,79
1335,21,386,2856300,0,0,0
1336,21,386,2856400,33,16,17
1337,21,386,2856500,231,108,123
1338,21,386,2856600,197,92,105
1339,21,386,2856700,849,424,425
1340,21,386,2856800,141,67,74
1341,21,386,2856900,0,0,0
1342,21,386,2857000,97,46,51
1343,21,386,2857100,0,0,0
1344,21,386,2857200,0,0,0
1345,21,386,2857300,169,95,74
1346,21,386,2857400,0,0,0
1347,21,386,2857500,0,0,0
1348,21,386,2857600,0,0,0
1349,21,386,2857700,0,0,0
1350,21,386,2857800,0,0,0
1351,21,386,2857900,1478,755,723
1352,21,386,2858000,250,117,133
1353,21,386,2858100,1916,999,917
1354,21,386,2858200,1249,633,616
1355,21,386,2858300,674,340,334
1356,21,386,2858400,233,120,113
1357,21,386,2858500,480,242,238
1358,21,386,2858600,0,0,0
1359,21,386,2858700,254,112,142
1360,21,386,2858800,0,0,0
1361,21,386,2858900,259,113,146
1362,21,386,2859000,335,148,187
1363,21,386,2859100,877,423,454
1364,21,386,2859200,746,367,379
1365,21,386,2859300,0,0,0
1366,21,386,2859400,385,185,200
1367,21,386,2859500,357,179,178
1368,21,386,2859600,1130,592,538
1369,21,386,2859700,280,153,127
1370,21,386,2859800,351,161,190
1371,21,386,2859900,7,4,3
1372,21,386,2860000,1198,558,640
1373,21,386,2860100,713,343,370
1374,21,386,2860200,417,208,209
1375,21,386,2860300,540,278,262
1376,21,386,2860400,1412,688,724
1377,21,386,2860500,689,310,379
1378,21,386,2860600,0,0,0
1379,21,386,2860700,0,0,0
1380,21,386,2860800,246,103,143
1381,21,386,2860900,645,319,326
1382,21,386,2861000,0,0,0
1383,21,386,2861100,183,88,95
1384,21,386,2861200,1042,482,560
1385,21,386,2861300,690,354,336
1386,21,386,2861400,64,32,32
1387,21,386,2861500,638,318,320
1388,21,386,2861600,134,70,64
1389,21,386,2861700,32,14,18
1390,21,386,2861800,0,0,0
1391,21,386,2861900,149,74,75
1392,21,386,2862000,199,104,95
1393,21,386,2862100,40,22,18
1394,21,386,2862200,0,0,0
1395,21,386,2862300,222,114,108
1396,21,386,2862400,154,72,82
1397,21,386,2862500,141,68,73
1398,21,386,2862600,230,112,118
1399,21,386,2862700,375,192,183
1400,21,386,2862800,511,251,260
1401,21,386,2862900,0,0,0
1402,21,386,2863000,203,101,102
1403,21,386,2863100,63,48,15
1404,21,386,2863200,137,66,71
1405,21,386,2863300,0,0,0
1406,21,386,2863400,48,27,21
1407,21,386,2863500,104,53,51
1408,21,386,2863600,19,9,10
1409,21,386,2863700,0,0,0
1410,21,386,2863800,0,0,0
1411,21,386,2863900,139,76,63
1412,21,386,2864000,0,0,0
1413,21,386,2864100,0,0,0
1414,21,386,2864200,141,69,72
1415,21,386,2864300,0,0,0
1416,21,386,2864400,30,15,15
1417,21,386,2864500,0,0,0
1418,21,386,2864600,41,24,17
1419,21,386,2864700,110,56,54
1420,21,386,2864800,193,86,107
1421,21,386,2864900,0,0,0
1422,21,386,2865000,0,0,0
1423,21,386,2865100,0,0,0
1424,21,386,2865200,0,0,0
1425,21,386,2865300,0,0,0
1426,21,386,2865400,0,0,0
1427,21,386,2865500,313,181,132
1428,21,386,2865600,0,0,0
1429,21,386,2865700,0,0,0
1430,21,386,2865800,21,8,13
1431,21,386,2865900,54,28,26
1432,21,386,2866000,26,8,18
1433,21,386,2866100,26,13,13
1434,21,386,2866200,50,24,26
1435,21,386,2866300,508,244,264
1436,21,386,2866400,52,24,28
1437,21,386,2866500,24,9,15
1438,21,386,2866600,0,0,0
1439,21,386,2866700,104,55,49
1440,21,386,2866800,341,175,166
1441,21,386,2866900,0,0,0
1442,21,386,2867000,0,0,0
1443,21,386,2867100,0,0,0
1444,21,386,2867200,0,0,0
1445,21,386,2867300,0,0,0
1446,21,386,2867400,272,114,158
1447,21,386,2867500,423,177,246
1448,21,386,2867600,0,0,0
1449,21,386,2867700,407,185,222
1450,21,386,2867800,297,135,162
1451,21,386,2867900,681,327,354
1452,21,386,2868000,439,220,219
1453,21,386,2868100,859,398,461
1454,21,386,2868200,570,251,319
1455,21,386,2868300,165,72,93
1456,21,386,2868400,0,0,0
1457,21,386,2868500,217,96,121
1458,21,386,2868600,396,204,192
1459,21,386,2868700,0,0,0
1460,21,386,2868800,0,0,0
1461,21,386,2868900,697,327,370
1462,21,386,2869000,165,77,88
1463,21,386,2869100,100,43,57
1464,21,386,2869200,786,380,406
1465,21,386,2869300,306,135,171
1466,21,386,2869400,609,322,287
1467,21,386,2869500,0,0,0
1468,21,386,2869600,0,0,0
1469,21,386,2869700,479,211,268
1470,21,386,2869800,758,358,400
1471,21,386,2869900,1411,662,749
1472,21,386,2870000,137,60,77
1473,21,386,2870100,1120,498,622
1474,21,386,2870200,96,46,50
1475,21,386,2870300,178,86,92
1476,21,386,2870400,222,99,123
1477,21,386,2870500,326,141,185
1478,21,386,2870600,595,286,309
1479,21,386,2870700,222,106,116
1480,21,386,2870800,928,456,472
1481,21,386,2870900,1008,484,524
1482,21,386,2871000,632,314,318
1483,21,386,2871100,193,95,98
1484,21,386,2871200,238,116,122
1485,21,386,2871300,96,45,51
1486,21,386,2871400,460,211,249
1487,21,386,2871500,363,174,189
1488,21,386,2871600,0,0,0
1489,21,386,2871700,274,151,123
1490,21,386,2871800,0,0,0
1491,21,386,2871900,184,89,95
1492,21,386,2872000,118,48,70
1493,21,386,2872100,259,125,134
1494,21,386,2872200,875,384,491
1495,21,386,2872300,303,150,153
1496,21,386,2872400,149,73,76
1497,21,386,2872500,1968,960,1008
1498,21,386,2872600,0,0,0
1499,21,386,2872700,0,0,0
1500,21,386,2872800,201,92,109
1501,21,386,2872900,0,0,0
1502,21,386,2873000,27,16,11
1503,21,386,2873100,0,0,0
1504,21,386,2873200,0,0,0
1505,21,386,2873300,0,0,0
1506,21,386,2873400,459,230,229
1507,21,386,2873500,0,0,0
1508,21,386,2873600,0,0,0
1509,21,386,2873700,282,144,138
1510,21,386,2873800,337,187,150
1511,21,386,2873900,8,4,4
1512,21,386,2874000,244,123,121
1513,21,386,2874100,56,25,31
1514,21,386,2874200,2755,1449,1306
1515,21,386,2874300,147,68,79
1516,21,386,2874400,810,418,392
1517,21,386,2874500,277,138,139
1518,21,386,2874600,90,45,45
1519,21,386,2874700,98,58,40
1520,21,386,2874800,438,218,220
1521,21,386,2874900,587,281,306
1522,21,386,2875000,731,379,352
1523,21,386,2875100,510,245,265
1524,21,386,2875200,398,211,187
1525,21,386,2875300,589,306,283
1526,21,386,2875400,2100,1072,1028
1527,21,386,2875500,378,187,191
1528,21,386,2875600,855,414,441
1529,21,386,2875700,0,0,0
1530,21,386,2875800,1208,629,579
1531,21,386,2875900,0,0,0
1532,21,386,2876000,0,0,0
1533,21,386,2876100,84,41,43
1534,21,386,2876200,24,12,12
1535,21,386,2876300,235,121,114
1536,21,386,2876400,72,39,33
1537,21,386,2876500,97,44,53
1538,21,386,2876600,420,199,221
1539,21,386,2876700,225,115,110
1540,21,386,2876800,397,193,204
1541,21,386,2876900,133,65,68
1542,21,386,2877000,381,177,204
1543,21,386,2877100,324,165,159
1544,21,386,2877200,85,45,40
1545,21,386,2877300,36,20,16
1546,21,386,2877400,0,0,0
1547,21,386,2877500,162,76,86
1548,21,386,2877600,95,43,52
1549,21,386,2877700,424,203,221
1550,21,386,2877800,298,148,150
