,Statecode,Districtcode,VillageCode,Population,Males,Females
0,21,389,3521300,77,39,38
1,21,389,3521400,273,130,143
2,21,389,3521500,263,111,152
3,21,389,3521600,98,46,52
4,21,389,3521700,207,81,126
5,21,389,3521800,49,28,21
6,21,389,3521900,196,86,110
7,21,389,3522000,52,27,25
8,21,389,3522100,42,24,18
9,21,389,3522200,3,2,1
10,21,389,3522300,33,18,15
11,21,389,3522400,0,0,0
12,21,389,3522500,26,14,12
13,21,389,3522600,41,18,23
14,21,389,3522700,42,16,26
15,21,389,3522800,433,209,224
16,21,389,3522900,147,76,71
17,21,389,3523000,162,82,80
18,21,389,3523100,64,33,31
19,21,389,3523200,121,53,68
20,21,389,3523300,248,128,120
21,21,389,3523400,232,117,115
22,21,389,3523500,248,124,124
23,21,389,3523600,193,94,99
24,21,389,3523700,114,57,57
25,21,389,3523800,724,364,360
26,21,389,3523900,50,24,26
27,21,389,3524000,149,74,75
28,21,389,3524100,285,144,141
29,21,389,3524200,360,175,185
30,21,389,3524300,451,221,230
31,21,389,3524400,98,47,51
32,21,389,3524500,99,46,53
33,21,389,3524600,393,214,179
34,21,389,3524700,8,6,2
35,21,389,3524800,58,32,26
36,21,389,3524900,26,12,14
37,21,389,3525000,77,36,41
38,21,389,3525100,35,16,19
39,21,389,3525200,37,14,23
40,21,389,3525300,149,79,70
41,21,389,3525400,84,39,45
42,21,389,3525500,322,158,164
43,21,389,3525600,130,67,63
44,21,389,3525700,111,55,56
45,21,389,3525800,0,0,0
46,21,389,3525900,161,74,87
47,21,389,3526000,129,57,72
48,21,389,3526100,2436,1282,1154
49,21,389,3526200,260,132,128
50,21,389,3526300,83,41,42
51,21,389,3526400,184,93,91
52,21,389,3526500,386,178,208
53,21,389,3526600,103,49,54
54,21,389,3526700,71,35,36
55,21,389,3526800,204,97,107
56,21,389,3526900,389,183,206
57,21,389,3527000,258,117,141
58,21,389,3527100,153,77,76
59,21,389,3527200,63,28,35
60,21,389,3527300,204,102,102
61,21,389,3527400,384,171,213
62,21,389,3527500,0,0,0
63,21,389,3527600,83,40,43
64,21,389,3527700,92,47,45
65,21,389,3527800,149,72,77
66,21,389,3527900,28,13,15
67,21,389,3528000,3,1,2
68,21,389,3528100,57,28,29
69,21,389,3528200,318,153,165
70,21,389,3528300,22,12,10
71,21,389,3528400,277,132,145
72,21,389,3528500,97,46,51
73,21,389,3528600,232,112,120
74,21,389,3528700,135,64,71
75,21,389,3528800,78,36,42
76,21,389,3528900,246,111,135
77,21,389,3529000,188,92,96
78,21,389,3529100,133,57,76
79,21,389,3529200,56,25,31
80,21,389,3529300,339,150,189
81,21,389,3529400,152,70,82
82,21,389,3529500,0,0,0
83,21,389,3529600,304,140,164
84,21,389,3529700,128,61,67
85,21,389,3529800,94,47,47
86,21,389,3529900,171,80,91
87,21,389,3530000,136,60,76
88,21,389,3530100,287,152,135
89,21,389,3530200,287,143,144
90,21,389,3530300,1027,473,554
91,21,389,3530400,644,321,323
92,21,389,3530500,375,187,188
93,21,389,3530600,431,192,239
94,21,389,3530700,134,57,77
95,21,389,3530800,86,44,42
96,21,389,3530900,113,49,64
97,21,389,3531000,299,153,146
98,21,389,3531100,448,227,221
99,21,389,3531200,456,210,246
100,21,389,3531300,454,213,241
101,21,389,3531400,93,46,47
102,21,389,3531500,30,15,15
103,21,389,3531600,508,237,271
104,21,389,3531700,549,262,287
105,21,389,3531800,73,34,39
106,21,389,3531900,501,228,273
107,21,389,3532000,142,74,68
108,21,389,3532100,49,21,28
109,21,389,3532200,29,12,17
110,21,389,3532300,0,0,0
111,21,389,3532400,263,120,143
112,21,389,3370600,107,58,49
113,21,389,3370700,300,140,160
114,21,389,3370800,103,50,53
115,21,389,3370900,0,0,0
116,21,389,3371000,195,100,95
117,21,389,3371100,61,35,26
118,21,389,3371200,14,6,8
119,21,389,3371300,210,90,120
120,21,389,3371400,533,255,278
121,21,389,3371500,137,69,68
122,21,389,3371600,62,28,34
123,21,389,3371700,282,138,144
124,21,389,3371800,103,50,53
125,21,389,3371900,149,69,80
126,21,389,3372000,594,288,306
127,21,389,3372100,86,45,41
128,21,389,3372200,206,101,105
129,21,389,3372300,878,507,371
130,21,389,3372400,618,295,323
131,21,389,3372500,420,208,212
132,21,389,3372600,154,80,74
133,21,389,3372700,0,0,0
134,21,389,3372800,267,128,139
135,21,389,3372900,99,51,48
136,21,389,3373000,0,0,0
137,21,389,3373100,156,75,81
138,21,389,3373200,106,49,57
139,21,389,3373300,128,72,56
140,21,389,3373400,50,24,26
141,21,389,3373500,40,17,23
142,21,389,3373600,152,83,69
143,21,389,3373700,83,42,41
144,21,389,3373800,197,97,100
145,21,389,3373900,432,213,219
146,21,389,3374000,41,21,20
147,21,389,3374100,78,33,45
148,21,389,3374200,197,97,100
149,21,389,3374300,26,15,11
150,21,389,3374400,91,43,48
151,21,389,3374500,37,17,20
152,21,389,3374600,117,55,62
153,21,389,3374700,154,72,82
154,21,389,3374800,43,19,24
155,21,389,3374900,0,0,0
156,21,389,3375000,0,0,0
157,21,389,3375100,0,0,0
158,21,389,3375200,51,25,26
159,21,389,3375300,899,484,415
160,21,389,3375400,11,6,5
161,21,389,3375500,387,189,198
162,21,389,3375600,116,51,65
163,21,389,3375700,323,158,165
164,21,389,3375800,61,23,38
165,21,389,3375900,191,87,104
166,21,389,3376000,170,84,86
167,21,389,3376100,91,46,45
168,21,389,3376200,213,104,109
169,21,389,3376300,212,105,107
170,21,389,3376400,50,21,29
171,21,389,3376500,102,53,49
172,21,389,3376600,174,85,89
173,21,389,3376700,78,42,36
174,21,389,3376800,278,130,148
175,21,389,3376900,335,151,184
176,21,389,3377000,159,71,88
177,21,389,3377100,2336,1156,1180
178,21,389,3377200,217,114,103
179,21,389,3377300,0,0,0
180,21,389,3377400,82,43,39
181,21,389,3377500,235,118,117
182,21,389,3377600,0,0,0
183,21,389,3377700,42,21,21
184,21,389,3377800,152,77,75
185,21,389,3377900,168,85,83
186,21,389,3378000,149,71,78
187,21,389,3378100,210,90,120
188,21,389,3378200,315,138,177
189,21,389,3378300,56,28,28
190,21,389,3378400,341,165,176
191,21,389,3378500,83,44,39
192,21,389,3378600,319,156,163
193,21,389,3378700,195,106,89
194,21,389,3378800,302,146,156
195,21,389,3378900,163,82,81
196,21,389,3379000,27,15,12
197,21,389,3379100,246,113,133
198,21,389,3379200,93,41,52
199,21,389,3379300,95,42,53
200,21,389,3379400,21,12,9
201,21,389,3379500,71,28,43
202,21,389,3379600,68,33,35
203,21,389,3379700,281,151,130
204,21,389,3379800,0,0,0
205,21,389,3379900,95,57,38
206,21,389,3380000,109,55,54
207,21,389,3380100,1673,927,746
208,21,389,3380200,135,64,71
209,21,389,3380300,170,85,85
210,21,389,3380400,239,100,139
211,21,389,3380500,482,226,256
212,21,389,3380600,263,121,142
213,21,389,3380700,73,38,35
214,21,389,3380800,54,24,30
215,21,389,3380900,35,17,18
216,21,389,3381000,109,54,55
217,21,389,3381100,471,219,252
218,21,389,3381200,63,31,32
219,21,389,3381300,76,24,52
220,21,389,3381400,288,149,139
221,21,389,3381500,137,63,74
222,21,389,3381600,238,127,111
223,21,389,3381700,3043,1562,1481
224,21,389,3381800,43,21,22
225,21,389,3381900,774,420,354
226,21,389,3382000,163,80,83
227,21,389,3382100,113,55,58
228,21,389,3382200,207,95,112
229,21,389,3382300,0,0,0
230,21,389,3382400,218,107,111
231,21,389,3382500,98,45,53
232,21,389,3382600,0,0,0
233,21,389,3382700,505,212,293
234,21,389,3382800,271,125,146
235,21,389,3382900,110,53,57
236,21,389,3383000,56,23,33
237,21,389,3383100,126,70,56
238,21,389,3383200,239,114,125
239,21,389,3383300,178,87,91
240,21,389,3383400,206,105,101
241,21,389,3383500,172,85,87
242,21,389,3383600,183,85,98
243,21,389,3383700,104,49,55
244,21,389,3383800,141,66,75
245,21,389,3383900,85,41,44
246,21,389,3384000,120,54,66
247,21,389,3384100,49,26,23
248,21,389,3384200,90,49,41
249,21,389,3384300,96,42,54
250,21,389,3384400,46,22,24
251,21,389,3384500,0,0,0
252,21,389,3384600,0,0,0
253,21,389,3384700,82,38,44
254,21,389,3384800,0,0,0
255,21,389,3384900,308,159,149
256,21,389,3385000,747,427,320
257,21,389,3385100,145,66,79
258,21,389,3385200,22,10,12
259,21,389,3385300,20,8,12
260,21,389,3385400,249,120,129
261,21,389,3385500,90,37,53
262,21,389,3385600,95,48,47
263,21,389,3385700,313,158,155
264,21,389,3385800,52,25,27
265,21,389,3385900,43,17,26
266,21,389,3386000,47,26,21
267,21,389,3386100,124,60,64
268,21,389,3386200,1,0,1
269,21,389,3386300,508,257,251
270,21,389,3386400,383,179,204
271,21,389,3386500,98,52,46
272,21,389,3386600,34,16,18
273,21,389,3386700,156,70,86
274,21,389,3386800,15,7,8
275,21,389,3386900,183,73,110
276,21,389,3387000,186,89,97
277,21,389,3387100,0,0,0
278,21,389,3387200,15,7,8
279,21,389,3387300,134,61,73
280,21,389,3387400,217,100,117
281,21,389,3387500,74,41,33
282,21,389,3387600,258,114,144
283,21,389,3387700,68,33,35
284,21,389,3387800,0,0,0
285,21,389,3387900,56,23,33
286,21,389,3388000,223,109,114
287,21,389,3388100,63,29,34
288,21,389,3388200,190,92,98
289,21,389,3388300,285,127,158
290,21,389,3388400,24,12,12
291,21,389,3388500,0,0,0
292,21,389,3388600,240,121,119
293,21,389,3388700,295,178,117
294,21,389,3388800,199,90,109
295,21,389,3388900,109,52,57
296,21,389,3389000,84,38,46
297,21,389,3389100,30,13,17
298,21,389,3389200,96,49,47
299,21,389,3389300,48,24,24
300,21,389,3389400,49,22,27
301,21,389,3389500,110,52,58
302,21,389,3389600,129,70,59
303,21,389,3389700,231,114,117
304,21,389,3389800,236,114,122
305,21,389,3389900,58,34,24
306,21,389,3390000,299,81,218
307,21,389,3390100,75,42,33
308,21,389,3390200,86,42,44
309,21,389,3390300,381,187,194
310,21,389,3390400,0,0,0
311,21,389,3390500,36,24,12
312,21,389,3390600,149,71,78
313,21,389,3390700,4,2,2
314,21,389,3390800,274,126,148
315,21,389,3390900,85,40,45
316,21,389,3391000,151,74,77
317,21,389,3391100,981,447,534
318,21,389,3391200,35,21,14
319,21,389,3391300,235,115,120
320,21,389,3391400,148,73,75
321,21,389,3391500,162,85,77
322,21,389,3391600,102,45,57
323,21,389,3391700,436,233,203
324,21,389,3391800,68,30,38
325,21,389,3391900,210,101,109
326,21,389,3392000,110,57,53
327,21,389,3392100,791,413,378
328,21,389,3392200,304,149,155
329,21,389,3392300,339,149,190
330,21,389,3392400,82,39,43
331,21,389,3392500,106,49,57
332,21,389,3392600,128,56,72
333,21,389,3392700,313,142,171
334,21,389,3392800,90,36,54
335,21,389,3392900,57,29,28
336,21,389,3393000,418,215,203
337,21,389,3393100,228,106,122
338,21,389,3393200,201,99,102
339,21,389,3393300,207,105,102
340,21,389,3393400,52,25,27
341,21,389,3393500,47,19,28
342,21,389,3393600,23,13,10
343,21,389,3393700,81,39,42
344,21,389,3393800,306,154,152
345,21,389,3393900,40,20,20
346,21,389,3394000,160,72,88
347,21,389,3394100,81,40,41
348,21,389,3394200,99,49,50
349,21,389,3394300,98,52,46
350,21,389,3394400,119,53,66
351,21,389,3394500,178,88,90
352,21,389,3394600,85,43,42
353,21,389,3394700,269,130,139
354,21,389,3394800,225,113,112
355,21,389,3394900,531,275,256
356,21,389,3395000,89,49,40
357,21,389,3395100,570,302,268
358,21,389,3395200,129,61,68
359,21,389,3395300,292,133,159
360,21,389,3395400,188,80,108
361,21,389,3395500,179,78,101
362,21,389,3395600,16,7,9
363,21,389,3395700,237,114,123
364,21,389,3395800,303,133,170
365,21,389,3395900,227,94,133
366,21,389,3396000,244,106,138
367,21,389,3396100,83,33,50
368,21,389,3396200,102,43,59
369,21,389,3396300,229,110,119
370,21,389,3396400,93,43,50
371,21,389,3396500,582,269,313
372,21,389,3396600,129,67,62
373,21,389,3396700,58,32,26
374,21,389,3396800,87,34,53
375,21,389,3396900,22,11,11
376,21,389,3397000,102,57,45
377,21,389,3397100,177,88,89
378,21,389,3397200,46,18,28
379,21,389,3397300,213,104,109
380,21,389,3397400,139,66,73
381,21,389,3397500,142,64,78
382,21,389,3397600,698,406,292
383,21,389,3397700,9,6,3
384,21,389,3397800,235,121,114
385,21,389,3397900,63,29,34
386,21,389,3398000,431,201,230
387,21,389,3398100,22,11,11
388,21,389,3398200,121,54,67
389,21,389,3398300,586,300,286
390,21,389,3398400,178,95,83
391,21,389,3398500,84,39,45
392,21,389,3398600,60,33,27
393,21,389,3398700,90,33,57
394,21,389,3398800,10,4,6
395,21,389,3398900,329,162,167
396,21,389,3399000,56,23,33
397,21,389,3399100,159,73,86
398,21,389,3399200,14,4,10
399,21,389,3399300,92,47,45
400,21,389,3399400,44,23,21
401,21,389,3399500,0,0,0
402,21,389,3399600,163,81,82
403,21,389,3399700,480,270,210
404,21,389,3399800,292,145,147
405,21,389,3399900,155,75,80
406,21,389,3400000,335,154,181
407,21,389,3400100,119,56,63
408,21,389,3400200,150,77,73
409,21,389,3400300,111,53,58
410,21,389,3400400,545,254,291
411,21,389,3400500,41,21,20
412,21,389,3400600,345,199,146
413,21,389,3400700,148,81,67
414,21,389,3400800,450,215,235
415,21,389,3400900,238,128,110
416,21,389,3401000,132,67,65
417,21,389,3401100,115,54,61
418,21,389,3401200,132,58,74
419,21,389,3401300,126,67,59
420,21,389,3401400,221,92,129
421,21,389,3401500,119,51,68
422,21,389,3401600,634,337,297
423,21,389,3401700,231,116,115
424,21,389,3401800,85,39,46
425,21,389,3401900,38,17,21
426,21,389,3402000,35,12,23
427,21,389,3402100,164,84,80
428,21,389,3402200,187,96,91
429,21,389,3402300,61,30,31
430,21,389,3402400,62,28,34
431,21,389,3402500,87,53,34
432,21,389,3402600,42,22,20
433,21,389,3402700,130,63,67
434,21,389,3402800,76,35,41
435,21,389,3402900,242,115,127
436,21,389,3403000,414,201,213
437,21,389,3403100,143,71,72
438,21,389,3403200,145,58,87
439,21,389,3403300,264,139,125
440,21,389,3403400,327,168,159
441,21,389,3403500,66,33,33
442,21,389,3403600,61,29,32
443,21,389,3403700,102,52,50
444,21,389,3403800,293,140,153
445,21,389,3403900,154,87,67
446,21,389,3404000,148,73,75
447,21,389,3404100,85,42,43
448,21,389,3404200,48,20,28
449,21,389,3404300,142,68,74
450,21,389,3404400,133,64,69
451,21,389,3404500,190,92,98
452,21,389,3404600,118,52,66
453,21,389,3404700,123,51,72
454,21,389,3404800,4173,2226,1947
455,21,389,3404900,77,37,40
456,21,389,3405000,84,38,46
457,21,389,3405100,55,27,28
458,21,389,3405200,87,35,52
459,21,389,3405300,44,22,22
460,21,389,3405400,181,79,102
461,21,389,3405500,159,75,84
462,21,389,3405600,71,26,45
463,21,389,3405700,43,20,23
464,21,389,3405800,94,36,58
465,21,389,3405900,296,139,157
466,21,389,3406000,98,39,59
467,21,389,3406100,241,109,132
468,21,389,3406200,248,110,138
469,21,389,3406300,38,19,19
470,21,389,3406400,110,54,56
471,21,389,3406500,232,114,118
472,21,389,3406600,367,183,184
473,21,389,3406700,0,0,0
474,21,389,3406800,53,28,25
475,21,389,3406900,417,197,220
476,21,389,3407000,42,21,21
477,21,389,3407100,62,25,37
478,21,389,3407200,53,21,32
479,21,389,3407300,138,66,72
480,21,389,3407400,437,221,216
481,21,389,3407500,30,14,16
482,21,389,3407600,363,181,182
483,21,389,3407700,31,15,16
484,21,389,3407800,267,149,118
485,21,389,3407900,135,64,71
486,21,389,3408000,246,120,126
487,21,389,3408100,65,31,34
488,21,389,3408200,211,95,116
489,21,389,3408300,117,44,73
490,21,389,3408400,71,34,37
491,21,389,3408500,473,235,238
492,21,389,3408600,135,70,65
493,21,389,3408700,265,127,138
494,21,389,3408800,201,104,97
495,21,389,3408900,153,82,71
496,21,389,3409000,59,29,30
497,21,389,3409100,48,20,28
498,21,389,3409200,0,0,0
499,21,389,3409300,69,36,33
500,21,389,3409400,218,105,113
501,21,389,3409500,74,30,44
502,21,389,3409600,106,42,64
503,21,389,3409700,486,241,245
504,21,389,3409800,60,28,32
505,21,389,3409900,23,11,12
506,21,389,3410000,50,20,30
507,21,389,3410100,93,49,44
508,21,389,3410200,164,70,94
509,21,389,3410300,238,126,112
510,21,389,3410400,278,136,142
511,21,389,3410500,12,6,6
512,21,389,3410600,43,24,19
513,21,389,3410700,71,31,40
514,21,389,3410800,0,0,0
515,21,389,3410900,178,96,82
516,21,389,3411000,0,0,0
517,21,389,3411100,82,42,40
518,21,389,3411200,76,34,42
519,21,389,3411300,49,21,28
520,21,389,3411400,40,21,19
521,21,389,3411500,58,32,26
522,21,389,3411600,35,14,21
523,21,389,3411700,81,47,34
524,21,389,3411800,325,156,169
525,21,389,3411900,74,35,39
526,21,389,3412000,20,12,8
527,21,389,3412100,27,15,12
528,21,389,3412200,14,5,9
529,21,389,3412300,42,23,19
530,21,389,3412400,85,41,44
531,21,389,3412500,172,83,89
532,21,389,3412600,346,174,172
533,21,389,3412700,396,199,197
534,21,389,3412800,233,98,135
535,21,389,3412900,1693,956,737
536,21,389,3413000,185,89,96
537,21,389,3413100,69,29,40
538,21,389,3413200,144,66,78
539,21,389,3413300,155,78,77
540,21,389,3413400,173,94,79
541,21,389,3413500,50,26,24
542,21,389,3413600,132,60,72
543,21,389,3413700,113,57,56
544,21,389,3413800,88,47,41
545,21,389,3413900,103,48,55
546,21,389,3414000,466,225,241
547,21,389,3414100,66,33,33
548,21,389,3414200,31,14,17
549,21,389,3414300,0,0,0
550,21,389,3414400,62,30,32
551,21,389,3414500,343,163,180
552,21,389,3414600,57,25,32
553,21,389,3414700,164,78,86
554,21,389,3414800,332,156,176
555,21,389,3414900,257,139,118
556,21,389,3415000,156,74,82
557,21,389,3415100,223,123,100
558,21,389,3415200,327,168,159
559,21,389,3415300,250,128,122
560,21,389,3415400,81,38,43
561,21,389,3415500,388,195,193
562,21,389,3415600,72,35,37
563,21,389,3415700,84,43,41
564,21,389,3415800,142,70,72
565,21,389,3415900,414,205,209
566,21,389,3416000,196,95,101
567,21,389,3416100,258,135,123
568,21,389,3416200,405,200,205
569,21,389,3416300,87,43,44
570,21,389,3416400,116,55,61
571,21,389,3416500,82,39,43
572,21,389,3416600,302,125,177
573,21,389,3416700,32,13,19
574,21,389,3416800,59,30,29
575,21,389,3416900,96,52,44
576,21,389,3417000,103,49,54
577,21,389,3417100,249,118,131
578,21,389,3417200,417,236,181
579,21,389,3417300,104,49,55
580,21,389,3417400,149,77,72
581,21,389,3417500,103,56,47
582,21,389,3417600,337,173,164
583,21,389,3417700,273,136,137
584,21,389,3417800,2996,1448,1548
585,21,389,3417900,184,96,88
586,21,389,3418000,289,142,147
587,21,389,3418100,187,96,91
588,21,389,3418200,413,195,218
589,21,389,3418300,213,99,114
590,21,389,3418400,717,363,354
591,21,389,3418500,1000,470,530
592,21,389,3418600,76,32,44
593,21,389,3418700,375,185,190
594,21,389,3418800,846,424,422
595,21,389,3418900,82,43,39
596,21,389,3419000,203,97,106
597,21,389,3419100,138,68,70
598,21,389,3419200,731,375,356
599,21,389,3419300,0,0,0
600,21,389,3419400,287,139,148
601,21,389,3419500,227,107,120
602,21,389,3419600,198,104,94
603,21,389,3419700,156,79,77
604,21,389,3419800,46,21,25
605,21,389,3419900,106,59,47
606,21,389,3420000,131,58,73
607,21,389,3420100,559,266,293
608,21,389,3420200,66,32,34
609,21,389,3420300,59,32,27
610,21,389,3420400,197,92,105
611,21,389,3420500,100,51,49
612,21,389,3420600,941,460,481
613,21,389,3420700,0,0,0
614,21,389,3420800,429,192,237
615,21,389,3420900,110,53,57
616,21,389,3421000,106,47,59
617,21,389,3421100,342,169,173
618,21,389,3421200,76,36,40
619,21,389,3421300,525,250,275
620,21,389,3421400,138,71,67
621,21,389,3421500,270,153,117
622,21,389,3421600,94,46,48
623,21,389,3421700,136,65,71
624,21,389,3421800,183,98,85
625,21,389,3421900,175,91,84
626,21,389,3422000,188,85,103
627,21,389,3422100,306,157,149
628,21,389,3422200,342,160,182
629,21,389,3422300,199,114,85
630,21,389,3422400,306,143,163
631,21,389,3422500,41,20,21
632,21,389,3422600,129,57,72
633,21,389,3422700,570,289,281
634,21,389,3422800,138,57,81
635,21,389,3422900,58,24,34
636,21,389,3423000,318,156,162
637,21,389,3423100,85,39,46
638,21,389,3423200,86,40,46
639,21,389,3423300,96,49,47
640,21,389,3423400,170,83,87
641,21,389,3423500,223,111,112
642,21,389,3423600,887,436,451
643,21,389,3423700,161,80,81
644,21,389,3423800,333,161,172
645,21,389,3423900,0,0,0
646,21,389,3424000,182,79,103
647,21,389,3424100,171,78,93
648,21,389,3424200,49,28,21
649,21,389,3424300,108,53,55
650,21,389,3424400,146,67,79
651,21,389,3424500,72,35,37
652,21,389,3424600,82,42,40
653,21,389,3424700,110,49,61
654,21,389,3424800,247,117,130
655,21,389,3424900,135,75,60
656,21,389,3425000,358,176,182
657,21,389,3425100,56,32,24
658,21,389,3425200,989,475,514
659,21,389,3425300,407,285,122
660,21,389,3425400,154,77,77
661,21,389,3425500,171,87,84
662,21,389,3425600,67,35,32
663,21,389,3425700,0,0,0
664,21,389,3425800,526,264,262
665,21,389,3425900,27,13,14
666,21,389,3426000,50,22,28
667,21,389,3426100,1774,904,870
668,21,389,3426200,364,171,193
669,21,389,3426300,172,78,94
670,21,389,3426400,196,90,106
671,21,389,3426500,511,259,252
672,21,389,3426600,114,54,60
673,21,389,3426700,424,226,198
674,21,389,3426800,128,70,58
675,21,389,3426900,27,14,13
676,21,389,3427000,34,21,13
677,21,389,3427100,19,12,7
678,21,389,3427200,162,78,84
679,21,389,3427300,27,14,13
680,21,389,3427400,11,6,5
681,21,389,3427500,0,0,0
682,21,389,3427600,79,45,34
683,21,389,3427700,71,38,33
684,21,389,3427800,5,2,3
685,21,389,3427900,54,25,29
686,21,389,3428000,21,10,11
687,21,389,3428100,21,9,12
688,21,389,3428200,73,42,31
689,21,389,3428300,26,14,12
690,21,389,3428400,0,0,0
691,21,389,3428500,51,25,26
692,21,389,3428600,0,0,0
693,21,389,3428700,71,33,38
694,21,389,3428800,0,0,0
695,21,389,3428900,56,29,27
696,21,389,3429000,48,26,22
697,21,389,3429100,22,7,15
698,21,389,3429200,178,82,96
699,21,389,3429300,187,98,89
700,21,389,3429400,50,28,22
701,21,389,3429500,0,0,0
702,21,389,3429600,0,0,0
703,21,389,3429700,49,22,27
704,21,389,3429800,61,29,32
705,21,389,3429900,95,39,56
706,21,389,3430000,100,54,46
707,21,389,3430100,57,30,27
708,21,389,3430200,42,24,18
709,21,389,3430300,53,27,26
710,21,389,3430400,146,78,68
711,21,389,3430500,29,15,14
712,21,389,3430600,13,7,6
713,21,389,3430700,22,14,8
714,21,389,3430800,117,53,64
715,21,389,3430900,57,32,25
716,21,389,3431000,71,30,41
717,21,389,3431100,96,57,39
718,21,389,3431200,43,15,28
719,21,389,3431300,54,27,27
720,21,389,3431400,96,45,51
721,21,389,3431500,0,0,0
722,21,389,3431600,133,66,67
723,21,389,3431700,106,53,53
724,21,389,3431800,123,52,71
725,21,389,3431900,49,21,28
726,21,389,3432000,92,48,44
727,21,389,3432100,157,80,77
728,21,389,3432200,92,39,53
729,21,389,3432300,462,267,195
730,21,389,3432400,82,42,40
731,21,389,3432500,157,68,89
732,21,389,3432600,80,33,47
733,21,389,3432700,58,30,28
734,21,389,3432800,47,18,29
735,21,389,3432900,22,10,12
736,21,389,3433000,208,90,118
737,21,389,3433100,86,42,44
738,21,389,3433200,133,63,70
739,21,389,3433300,134,68,66
740,21,389,3433400,297,145,152
741,21,389,3433500,0,0,0
742,21,389,3433600,231,113,118
743,21,389,3433700,166,91,75
744,21,389,3433800,136,70,66
745,21,389,3433900,199,101,98
746,21,389,3434000,38,18,20
747,21,389,3434100,85,40,45
748,21,389,3434200,139,87,52
749,21,389,3434300,447,217,230
750,21,389,3434400,1000,507,493
751,21,389,3434500,0,0,0
752,21,389,3434600,93,42,51
753,21,389,3434700,145,65,80
754,21,389,3434800,175,78,97
755,21,389,3434900,175,82,93
756,21,389,3435000,104,45,59
757,21,389,3435100,0,0,0
758,21,389,3435200,309,149,160
759,21,389,3435300,116,58,58
760,21,389,3435400,399,176,223
761,21,389,3435500,292,134,158
762,21,389,3435600,94,48,46
763,21,389,3435700,476,231,245
764,21,389,3435800,88,36,52
765,21,389,3435900,217,107,110
766,21,389,3436000,104,44,60
767,21,389,3436100,210,99,111
768,21,389,3436200,149,67,82
769,21,389,3436300,215,116,99
770,21,389,3436400,231,90,141
771,21,389,3436500,412,197,215
772,21,389,3436600,269,128,141
773,21,389,3436700,315,144,171
774,21,389,3436800,109,53,56
775,21,389,3436900,68,30,38
776,21,389,3437000,323,155,168
777,21,389,3437100,0,0,0
778,21,389,3437200,87,43,44
779,21,389,3437300,247,116,131
780,21,389,3437400,706,350,356
781,21,389,3437500,374,187,187
782,21,389,3437600,29,14,15
783,21,389,3437700,160,85,75
784,21,389,3437800,10,6,4
785,21,389,3437900,48,22,26
786,21,389,3438000,180,92,88
787,21,389,3438100,193,94,99
788,21,389,3438200,55,30,25
789,21,389,3438300,2209,1120,1089
790,21,389,3438400,479,236,243
791,21,389,3438500,262,121,141
792,21,389,3438600,227,116,111
793,21,389,3438700,206,92,114
794,21,389,3438800,91,35,56
795,21,389,3438900,380,196,184
796,21,389,3439000,378,158,220
797,21,389,3439100,130,57,73
798,21,389,3439200,0,0,0
799,21,389,3439300,528,330,198
800,21,389,3439400,329,176,153
801,21,389,3439500,289,139,150
802,21,389,3439600,282,156,126
803,21,389,3439700,18,8,10
804,21,389,3439800,120,53,67
805,21,389,3439900,292,137,155
806,21,389,3440000,497,221,276
807,21,389,3440100,223,134,89
808,21,389,3440200,380,185,195
809,21,389,3440300,10,5,5
810,21,389,3440400,398,199,199
811,21,389,3440500,186,91,95
812,21,389,3440600,74,34,40
813,21,389,3440700,182,83,99
814,21,389,3440800,198,88,110
815,21,389,3440900,644,336,308
816,21,389,3441000,321,161,160
817,21,389,3441100,206,99,107
818,21,389,3441200,0,0,0
819,21,389,3441300,224,113,111
820,21,389,3441400,70,34,36
821,21,389,3441500,187,92,95
822,21,389,3441600,348,168,180
823,21,389,3441700,112,54,58
824,21,389,3441800,3984,2112,1872
825,21,389,3441900,352,179,173
826,21,389,3442000,214,109,105
827,21,389,3442100,0,0,0
828,21,389,3442200,98,43,55
829,21,389,3442300,271,144,127
830,21,389,3442400,699,403,296
831,21,389,3442500,103,55,48
832,21,389,3442600,287,133,154
833,21,389,3442700,192,93,99
834,21,389,3442800,95,45,50
835,21,389,3442900,221,109,112
836,21,389,3443000,205,91,114
837,21,389,3443100,209,102,107
838,21,389,3443200,463,204,259
839,21,389,3443300,242,129,113
840,21,389,3443400,4,2,2
841,21,389,3443500,97,42,55
842,21,389,3443600,162,72,90
843,21,389,3443700,82,42,40
844,21,389,3443800,78,35,43
845,21,389,3443900,123,54,69
846,21,389,3444000,13,7,6
847,21,389,3444100,215,97,118
848,21,389,3444200,275,130,145
849,21,389,3444300,254,101,153
850,21,389,3444400,111,52,59
851,21,389,3444500,561,292,269
852,21,389,3444600,40,18,22
853,21,389,3444700,438,201,237
854,21,389,3444800,137,58,79
855,21,389,3444900,148,74,74
856,21,389,3445000,97,42,55
857,21,389,3445100,76,33,43
858,21,389,3445200,81,40,41
859,21,389,3445300,159,70,89
860,21,389,3445400,50,24,26
861,21,389,3445500,22,9,13
862,21,389,3445600,69,36,33
863,21,389,3445700,215,104,111
864,21,389,3445800,307,161,146
865,21,389,3445900,199,106,93
866,21,389,3446000,2013,1040,973
867,21,389,3446100,63,30,33
868,21,389,3446200,320,140,180
869,21,389,3446300,156,67,89
870,21,389,3446400,282,115,167
871,21,389,3446500,274,131,143
872,21,389,3446600,263,128,135
873,21,389,3446700,278,125,153
874,21,389,3446800,3,1,2
875,21,389,3446900,98,49,49
876,21,389,3447000,88,43,45
877,21,389,3447100,147,67,80
878,21,389,3447200,1101,565,536
879,21,389,3447300,106,51,55
880,21,389,3447400,483,219,264
881,21,389,3447500,0,0,0
882,21,389,3447600,199,95,104
883,21,389,3447700,174,87,87
884,21,389,3447800,218,106,112
885,21,389,3447900,0,0,0
886,21,389,3448000,735,324,411
887,21,389,3448100,45,21,24
888,21,389,3448200,506,245,261
889,21,389,3448300,282,160,122
890,21,389,3448400,209,99,110
891,21,389,3448500,363,166,197
892,21,389,3448600,84,41,43
893,21,389,3448700,198,102,96
894,21,389,3448800,121,54,67
895,21,389,3448900,360,171,189
896,21,389,3449000,166,71,95
897,21,389,3449100,139,64,75
898,21,389,3449200,64,22,42
899,21,389,3449300,118,53,65
900,21,389,3449400,104,42,62
901,21,389,3449500,461,211,250
902,21,389,3449600,72,29,43
903,21,389,3449700,113,54,59
904,21,389,3449800,108,54,54
905,21,389,3449900,126,53,73
906,21,389,3450000,153,69,84
907,21,389,3450100,173,79,94
908,21,389,3450200,187,93,94
909,21,389,3450300,154,80,74
910,21,389,3450400,168,82,86
911,21,389,3450500,202,87,115
912,21,389,3450600,221,114,107
913,21,389,3450700,99,42,57
914,21,389,3450800,135,68,67
915,21,389,3450900,294,141,153
916,21,389,3451000,236,118,118
917,21,389,3451100,196,104,92
918,21,389,3451200,348,149,199
919,21,389,3451300,60,30,30
920,21,389,3451400,365,170,195
921,21,389,3451500,18,7,11
922,21,389,3451600,0,0,0
923,21,389,3451700,221,114,107
924,21,389,3451800,121,64,57
925,21,389,3451900,67,32,35
926,21,389,3452000,43,22,21
927,21,389,3452100,243,117,126
928,21,389,3452200,57,21,36
929,21,389,3452300,221,99,122
930,21,389,3452400,30,20,10
931,21,389,3452500,39,16,23
932,21,389,3452600,20,11,9
933,21,389,3452700,0,0,0
934,21,389,3452800,53,25,28
935,21,389,3452900,66,33,33
936,21,389,3453000,35,18,17
937,21,389,3453100,41,19,22
938,21,389,3453200,39,17,22
939,21,389,3453300,107,48,59
940,21,389,3453400,14,5,9
941,21,389,3453500,68,29,39
942,21,389,3453600,158,94,64
943,21,389,3453700,94,45,49
944,21,389,3453800,70,31,39
945,21,389,3453900,734,471,263
946,21,389,3454000,239,99,140
947,21,389,3454100,124,60,64
948,21,389,3454200,173,80,93
949,21,389,3454300,9,4,5
950,21,389,3454400,183,85,98
951,21,389,3454500,44,22,22
952,21,389,3454600,101,49,52
953,21,389,3454700,141,74,67
954,21,389,3454800,324,160,164
955,21,389,3454900,117,52,65
956,21,389,3455000,78,37,41
957,21,389,3455100,139,68,71
958,21,389,3455200,274,134,140
959,21,389,3455300,266,127,139
960,21,389,3455400,301,140,161
961,21,389,3455500,342,179,163
962,21,389,3455600,122,62,60
963,21,389,3455700,55,28,27
964,21,389,3455800,170,73,97
965,21,389,3455900,187,94,93
966,21,389,3456000,121,64,57
967,21,389,3456100,71,37,34
968,21,389,3456200,48,24,24
969,21,389,3456300,42,20,22
970,21,389,3456400,109,46,63
971,21,389,3456500,8,5,3
972,21,389,3456600,74,33,41
973,21,389,3456700,70,36,34
974,21,389,3456800,160,73,87
975,21,389,3456900,103,54,49
976,21,389,3457000,143,77,66
977,21,389,3457100,0,0,0
978,21,389,3457200,198,105,93
979,21,389,3457300,125,62,63
980,21,389,3457400,63,35,28
981,21,389,3457500,146,61,85
982,21,389,3457600,181,78,103
983,21,389,3457700,45,20,25
984,21,389,3457800,296,141,155
985,21,389,3457900,134,61,73
986,21,389,3458000,469,221,248
987,21,389,3458100,0,0,0
988,21,389,3458200,315,132,183
989,21,389,3458300,183,82,101
990,21,389,3458400,1701,770,931
991,21,389,3458500,215,99,116
992,21,389,3458600,254,125,129
993,21,389,3458700,120,53,67
994,21,389,3458800,449,276,173
995,21,389,3458900,192,89,103
996,21,389,3459000,199,89,110
997,21,389,3459100,477,221,256
998,21,389,3459200,553,263,290
999,21,389,3459300,202,96,106
1000,21,389,3459400,382,170,212
1001,21,389,3459500,0,0,0
1002,21,389,3459600,78,35,43
1003,21,389,3459700,128,71,57
1004,21,389,3459800,0,0,0
1005,21,389,3459900,619,314,305
1006,21,389,3460000,260,124,136
1007,21,389,3460100,626,318,308
1008,21,389,3460200,171,93,78
1009,21,389,3460300,363,181,182
1010,21,389,3460400,268,126,142
1011,21,389,3460500,0,0,0
1012,21,389,3460600,657,335,322
1013,21,389,3460700,529,271,258
1014,21,389,3460800,251,130,121
1015,21,389,3460900,71,37,34
1016,21,389,3461000,214,100,114
1017,21,389,3461100,925,439,486
1018,21,389,3461200,14,8,6
1019,21,389,3461300,0,0,0
1020,21,389,3461400,280,127,153
1021,21,389,3461500,0,0,0
1022,21,389,3461600,0,0,0
1023,21,389,3461700,288,139,149
1024,21,389,3461800,1277,647,630
1025,21,389,3461900,693,321,372
1026,21,389,3462000,46,21,25
1027,21,389,3462100,103,46,57
1028,21,389,3462200,0,0,0
1029,21,389,3462300,0,0,0
1030,21,389,3462400,147,77,70
1031,21,389,3462500,40,17,23
1032,21,389,3462600,533,255,278
1033,21,389,3462700,171,89,82
1034,21,389,3462800,92,42,50
1035,21,389,3462900,248,111,137
1036,21,389,3463000,247,112,135
1037,21,389,3463100,104,56,48
1038,21,389,3463200,121,66,55
1039,21,389,3463300,71,35,36
1040,21,389,3463400,142,65,77
1041,21,389,3463500,329,154,175
1042,21,389,3463600,527,256,271
1043,21,389,3463700,40,22,18
1044,21,389,3463800,230,106,124
1045,21,389,3463900,5,0,5
1046,21,389,3464000,69,33,36
1047,21,389,3464100,489,237,252
1048,21,389,3464200,0,0,0
1049,21,389,3464300,0,0,0
1050,21,389,3464400,1083,567,516
1051,21,389,3464500,922,437,485
1052,21,389,3464600,357,194,163
1053,21,389,3464700,358,187,171
1054,21,389,3464800,42,20,22
1055,21,389,3464900,405,208,197
1056,21,389,3465000,533,278,255
1057,21,389,3465100,395,191,204
1058,21,389,3465200,397,200,197
1059,21,389,3465300,154,71,83
1060,21,389,3465400,155,80,75
1061,21,389,3465500,135,71,64
1062,21,389,3465600,42,18,24
1063,21,389,3465700,230,113,117
1064,21,389,3465800,684,317,367
1065,21,389,3465900,427,211,216
1066,21,389,3466000,218,150,68
1067,21,389,3466100,891,415,476
1068,21,389,3466200,463,232,231
1069,21,389,3466300,468,234,234
1070,21,389,3466400,58,29,29
1071,21,389,3466500,124,90,34
1072,21,389,3466600,2524,1218,1306
1073,21,389,3466700,0,0,0
1074,21,389,3466800,379,182,197
1075,21,389,3466900,0,0,0
1076,21,389,3467000,1431,704,727
1077,21,389,3467100,0,0,0
1078,21,389,3467200,118,53,65
1079,21,389,3467300,263,128,135
1080,21,389,3467400,223,100,123
1081,21,389,3467500,114,61,53
1082,21,389,3467600,148,73,75
1083,21,389,3467700,342,185,157
1084,21,389,3467800,0,0,0
1085,21,389,3467900,229,228,1
1086,21,389,3468000,0,0,0
1087,21,389,3468100,670,328,342
1088,21,389,3468200,431,218,213
1089,21,389,3468300,37,18,19
1090,21,389,3468400,1940,919,1021
1091,21,389,3468500,91,42,49
1092,21,389,3468600,83,34,49
1093,21,389,3468700,85,42,43
1094,21,389,3468800,0,0,0
1095,21,389,3468900,66,35,31
1096,21,389,3469000,268,131,137
1097,21,389,3469100,549,250,299
1098,21,389,3469200,662,328,334
1099,21,389,3469300,403,193,210
1100,21,389,3469400,469,227,242
1101,21,389,3469500,638,332,306
1102,21,389,3469600,62,28,34
1103,21,389,3469700,162,78,84
1104,21,389,3469800,67,28,39
1105,21,389,3469900,349,169,180
1106,21,389,3470000,279,141,138
1107,21,389,3470100,100,55,45
1108,21,389,3470200,759,366,393
1109,21,389,3470300,168,88,80
1110,21,389,3470400,892,440,452
1111,21,389,3470500,309,145,164
1112,21,389,3470600,178,85,93
1113,21,389,3470700,868,427,441
1114,21,389,3470800,966,459,507
1115,21,389,3470900,80,39,41
1116,21,389,3471000,85,44,41
1117,21,389,3471100,71,30,41
1118,21,389,3471200,100,49,51
1119,21,389,3471300,167,81,86
1120,21,389,3471400,746,376,370
1121,21,389,3471500,649,321,328
1122,21,389,3471600,591,299,292
1123,21,389,3471700,10,4,6
1124,21,389,3471800,911,423,488
1125,21,389,3471900,1826,844,982
1126,21,389,3472000,304,150,154
1127,21,389,3472100,1867,945,922
1128,21,389,3472200,142,74,68
1129,21,389,3472300,0,0,0
1130,21,389,3472400,1019,491,528
1131,21,389,3472500,610,299,311
1132,21,389,3472600,1162,549,613
1133,21,389,3472700,457,217,240
1134,21,389,3472800,1933,957,976
1135,21,389,3472900,386,185,201
1136,21,389,3473000,772,389,383
1137,21,389,3473100,641,314,327
1138,21,389,3473200,1129,570,559
1139,21,389,3473300,834,406,428
1140,21,389,3473400,470,235,235
1141,21,389,3473500,0,0,0
1142,21,389,3473600,281,139,142
1143,21,389,3473700,0,0,0
1144,21,389,3473800,0,0,0
1145,21,389,3473900,1511,780,731
1146,21,389,3474000,383,191,192
1147,21,389,3474100,0,0,0
1148,21,389,3474200,1207,622,585
1149,21,389,3474300,216,106,110
1150,21,389,3474400,331,149,182
1151,21,389,3474500,556,274,282
1152,21,389,3474600,499,256,243
1153,21,389,3474700,108,51,57
1154,21,389,3474800,0,0,0
1155,21,389,3474900,853,415,438
1156,21,389,3475000,367,185,182
1157,21,389,3475100,1232,611,621
1158,21,389,3475200,631,313,318
1159,21,389,3475300,1463,725,738
1160,21,389,3475400,883,420,463
1161,21,389,3475500,1092,525,567
1162,21,389,3475600,242,119,123
1163,21,389,3475700,912,463,449
1164,21,389,3475800,328,159,169
1165,21,389,3475900,133,67,66
1166,21,389,3476000,647,308,339
1167,21,389,3476100,591,278,313
1168,21,389,3476200,436,225,211
1169,21,389,3476300,761,376,385
1170,21,389,3476400,2918,1433,1485
1171,21,389,3476500,456,229,227
1172,21,389,3476600,451,229,222
1173,21,389,3476700,52,23,29
1174,21,389,3476800,405,196,209
1175,21,389,3476900,178,91,87
1176,21,389,3477000,425,207,218
1177,21,389,3477100,528,270,258
1178,21,389,3477200,0,0,0
1179,21,389,3477300,227,111,116
1180,21,389,3477400,0,0,0
1181,21,389,3477500,830,401,429
1182,21,389,3477600,0,0,0
1183,21,389,3477700,1148,570,578
1184,21,389,3477800,766,368,398
1185,21,389,3477900,0,0,0
1186,21,389,3478000,1975,952,1023
1187,21,389,3478100,0,0,0
1188,21,389,3478200,470,228,242
1189,21,389,3478300,1293,633,660
1190,21,389,3478400,1291,644,647
1191,21,389,3478500,741,369,372
1192,21,389,3478600,593,294,299
1193,21,389,3478700,146,81,65
1194,21,389,3478800,0,0,0
1195,21,389,3478900,255,121,134
1196,21,389,3479000,242,117,125
1197,21,389,3479100,412,205,207
1198,21,389,3479200,415,206,209
1199,21,389,3479300,0,0,0
1200,21,389,3479400,106,59,47
1201,21,389,3479500,199,106,93
1202,21,389,3479600,14,7,7
1203,21,389,3479700,427,196,231
1204,21,389,3479800,425,199,226
1205,21,389,3479900,0,0,0
1206,21,389,3480000,339,171,168
1207,21,389,3480100,279,132,147
1208,21,389,3480200,21,9,12
1209,21,389,3480300,388,193,195
1210,21,389,3480400,590,298,292
1211,21,389,3480500,835,386,449
1212,21,389,3480600,128,69,59
1213,21,389,3480700,667,326,341
1214,21,389,3480800,94,43,51
1215,21,389,3480900,663,315,348
1216,21,389,3481000,49,28,21
1217,21,389,3481100,0,0,0
1218,21,389,3481200,726,350,376
1219,21,389,3481300,172,71,101
1220,21,389,3481400,150,73,77
1221,21,389,3481500,352,184,168
1222,21,389,3481600,0,0,0
1223,21,389,3481700,282,142,140
1224,21,389,3481800,958,468,490
1225,21,389,3481900,31,16,15
1226,21,389,3482000,310,156,154
1227,21,389,3482100,0,0,0
1228,21,389,3482200,0,0,0
1229,21,389,3482300,0,0,0
1230,21,389,3482400,1241,623,618
1231,21,389,3482500,0,0,0
1232,21,389,3482600,340,171,169
1233,21,389,3482700,229,119,110
1234,21,389,3482800,0,0,0
1235,21,389,3482900,103,51,52
1236,21,389,3483000,278,136,142
1237,21,389,3483100,99,39,60
1238,21,389,3483200,89,44,45
1239,21,389,3483300,110,56,54
1240,21,389,3483400,1084,557,527
1241,21,389,3483500,680,342,338
1242,21,389,3483600,1398,695,703
1243,21,389,3483700,378,185,193
1244,21,389,3483800,282,139,143
1245,21,389,3483900,358,168,190
1246,21,389,3484000,178,91,87
1247,21,389,3484100,362,179,183
1248,21,389,3484200,333,159,174
1249,21,389,3484300,182,92,90
1250,21,389,3484400,271,114,157
1251,21,389,3484500,136,60,76
1252,21,389,3484600,118,54,64
1253,21,389,3484700,785,386,399
1254,21,389,3484800,563,271,292
1255,21,389,3484900,285,135,150
1256,21,389,3485000,214,110,104
1257,21,389,3485100,174,96,78
1258,21,389,3485200,686,360,326
1259,21,389,3485300,212,106,106
1260,21,389,3485400,1199,613,586
1261,21,389,3485500,942,468,474
1262,21,389,3485600,51,28,23
1263,21,389,3485700,2182,1105,1077
1264,21,389,3485800,636,312,324
1265,21,389,3485900,244,119,125
1266,21,389,3486000,253,124,129
1267,21,389,3486100,42,20,22
1268,21,389,3486200,0,0,0
1269,21,389,3486300,114,56,58
1270,21,389,3486400,78,32,46
1271,21,389,3486500,48,17,31
1272,21,389,3486600,493,214,279
1273,21,389,3486700,413,202,211
1274,21,389,3486800,235,114,121
1275,21,389,3486900,71,25,46
1276,21,389,3487000,224,110,114
1277,21,389,3487100,594,331,263
1278,21,389,3487200,92,43,49
1279,21,389,3487300,182,84,98
1280,21,389,3487400,88,36,52
1281,21,389,3487500,223,105,118
1282,21,389,3487600,0,0,0
1283,21,389,3487700,301,235,66
1284,21,389,3487800,42,21,21
1285,21,389,3487900,21,14,7
1286,21,389,3488000,0,0,0
1287,21,389,3488100,87,48,39
1288,21,389,3488200,0,0,0
1289,21,389,3488300,849,486,363
1290,21,389,3488400,56,28,28
1291,21,389,3488500,0,0,0
1292,21,389,3488600,78,31,47
1293,21,389,3488700,192,79,113
1294,21,389,3488800,47,22,25
1295,21,389,3488900,132,61,71
1296,21,389,3489000,402,174,228
1297,21,389,3489100,1891,927,964
1298,21,389,3489200,60,16,44
1299,21,389,3489300,1020,506,514
1300,21,389,3489400,12,5,7
1301,21,389,3489500,87,42,45
1302,21,389,3489600,193,91,102
1303,21,389,3489700,311,145,166
1304,21,389,3489800,83,46,37
1305,21,389,3489900,48,21,27
1306,21,389,3490000,185,76,109
1307,21,389,3490100,126,64,62
1308,21,389,3490200,71,28,43
1309,21,389,3490300,174,68,106
1310,21,389,3490400,47,26,21
1311,21,389,3490500,220,97,123
1312,21,389,3490600,209,103,106
1313,21,389,3490700,80,37,43
1314,21,389,3490800,114,57,57
1315,21,389,3490900,103,50,53
1316,21,389,3491000,262,124,138
1317,21,389,3491100,69,35,34
1318,21,389,3491200,606,253,353
1319,21,389,3491300,119,54,65
1320,21,389,3491400,106,53,53
1321,21,389,3491500,125,58,67
1322,21,389,3491600,70,34,36
1323,21,389,3491700,29,13,16
1324,21,389,3491800,68,26,42
1325,21,389,3491900,51,22,29
1326,21,389,3492000,28,10,18
1327,21,389,3492100,107,47,60
1328,21,389,3492200,126,64,62
1329,21,389,3492300,233,112,121
1330,21,389,3492400,52,24,28
1331,21,389,3492500,223,104,119
1332,21,389,3492600,401,192,209
1333,21,389,3492700,921,509,412
1334,21,389,3492800,21,12,9
1335,21,389,3492900,98,49,49
1336,21,389,3493000,85,44,41
1337,21,389,3493100,385,186,199
1338,21,389,3493200,71,38,33
1339,21,389,3493300,128,64,64
1340,21,389,3493400,61,21,40
1341,21,389,3493500,392,190,202
1342,21,389,3493600,149,64,85
1343,21,389,3493700,126,56,70
1344,21,389,3493800,267,116,151
1345,21,389,3493900,86,43,43
1346,21,389,3494000,154,71,83
1347,21,389,3494100,70,27,43
1348,21,389,3494200,121,52,69
1349,21,389,3494300,0,0,0
1350,21,389,3494400,159,76,83
1351,21,389,3494500,24,12,12
1352,21,389,3494600,53,21,32
1353,21,389,3494700,129,64,65
1354,21,389,3494800,340,160,180
1355,21,389,3494900,41,18,23
1356,21,389,3495000,72,32,40
1357,21,389,3495100,33,19,14
1358,21,389,3495200,77,35,42
1359,21,389,3495300,57,24,33
1360,21,389,3495400,57,28,29
1361,21,389,3495500,127,59,68
1362,21,389,3495600,178,68,110
1363,21,389,3495700,838,464,374
1364,21,389,3495800,1987,1002,985
1365,21,389,3495900,0,0,0
1366,21,389,3496000,114,56,58
1367,21,389,3496100,250,119,131
1368,21,389,3496200,63,24,39
1369,21,389,3496300,121,78,43
1370,21,389,3496400,22,9,13
1371,21,389,3496500,294,139,155
1372,21,389,3496600,232,114,118
1373,21,389,3496700,57,28,29
1374,21,389,3496800,48,22,26
1375,21,389,3496900,114,55,59
1376,21,389,3497000,131,64,67
1377,21,389,3497100,19,10,9
1378,21,389,3497200,318,146,172
1379,21,389,3497300,106,52,54
1380,21,389,3497400,34,14,20
1381,21,389,3497500,154,60,94
1382,21,389,3497600,240,114,126
1383,21,389,3497700,34,15,19
1384,21,389,3497800,84,37,47
1385,21,389,3497900,770,362,408
1386,21,389,3498000,176,79,97
1387,21,389,3498100,115,55,60
1388,21,389,3498200,71,35,36
1389,21,389,3498300,324,147,177
1390,21,389,3498400,300,140,160
1391,21,389,3498500,178,83,95
1392,21,389,3498600,115,57,58
1393,21,389,3498700,64,25,39
1394,21,389,3498800,47,22,25
1395,21,389,3498900,106,50,56
1396,21,389,3499000,613,303,310
1397,21,389,3499100,694,330,364
1398,21,389,3499200,91,48,43
1399,21,389,3499300,151,76,75
1400,21,389,3499400,197,99,98
1401,21,389,3499500,93,46,47
1402,21,389,3499600,140,65,75
1403,21,389,3499700,2685,1330,1355
1404,21,389,3499800,246,99,147
1405,21,389,3499900,344,149,195
1406,21,389,3500000,245,125,120
1407,21,389,3500100,631,302,329
1408,21,389,3500200,265,136,129
1409,21,389,3500300,171,77,94
1410,21,389,3500400,161,68,93
1411,21,389,3500500,249,107,142
1412,21,389,3500600,629,319,310
1413,21,389,3500700,142,57,85
1414,21,389,3500800,207,95,112
1415,21,389,3500900,125,63,62
1416,21,389,3501000,83,40,43
1417,21,389,3501100,479,160,319
1418,21,389,3501200,50,21,29
1419,21,389,3501300,164,80,84
1420,21,389,3501400,0,0,0
1421,21,389,3501500,244,113,131
1422,21,389,3501600,756,359,397
1423,21,389,3501700,435,228,207
1424,21,389,3501800,119,51,68
1425,21,389,3501900,67,35,32
1426,21,389,3502000,259,116,143
1427,21,389,3502100,0,0,0
1428,21,389,3502200,282,119,163
1429,21,389,3502300,285,127,158
1430,21,389,3502400,605,280,325
1431,21,389,3502500,83,37,46
1432,21,389,3502600,35,14,21
1433,21,389,3502700,213,100,113
1434,21,389,3502800,16,9,7
1435,21,389,3502900,1285,664,621
1436,21,389,3503000,214,102,112
1437,21,389,3503100,363,166,197
1438,21,389,3503200,153,71,82
1439,21,389,3503300,30,14,16
1440,21,389,3503400,563,251,312
1441,21,389,3503500,48,17,31
1442,21,389,3503600,95,41,54
1443,21,389,3503700,228,99,129
1444,21,389,3503800,71,31,40
1445,21,389,3503900,83,42,41
1446,21,389,3504000,317,149,168
1447,21,389,3504100,167,80,87
1448,21,389,3504200,411,199,212
1449,21,389,3504300,442,199,243
1450,21,389,3504400,313,156,157
1451,21,389,3504500,357,176,181
1452,21,389,3504600,1036,593,443
1453,21,389,3504700,233,108,125
1454,21,389,3504800,324,160,164
1455,21,389,3504900,398,193,205
1456,21,389,3505000,182,75,107
1457,21,389,3505100,510,236,274
1458,21,389,3505200,78,35,43
1459,21,389,3505300,0,0,0
1460,21,389,3505400,427,208,219
1461,21,389,3505500,1048,495,553
1462,21,389,3505600,272,123,149
1463,21,389,3505700,173,79,94
1464,21,389,3505800,199,83,116
1465,21,389,3505900,228,103,125
1466,21,389,3506000,729,309,420
1467,21,389,3506100,249,112,137
1468,21,389,3506200,185,87,98
1469,21,389,3506300,355,158,197
1470,21,389,3506400,493,237,256
1471,21,389,3506500,517,233,284
1472,21,389,3506600,322,153,169
1473,21,389,3506700,257,122,135
1474,21,389,3506800,356,175,181
1475,21,389,3506900,242,132,110
1476,21,389,3507000,504,257,247
1477,21,389,3507100,55,30,25
1478,21,389,3507200,7,4,3
1479,21,389,3507300,138,64,74
1480,21,389,3507400,493,226,267
1481,21,389,3507500,141,69,72
1482,21,389,3507600,49,21,28
1483,21,389,3507700,188,86,102
1484,21,389,3507800,347,160,187
1485,21,389,3507900,44,21,23
1486,21,389,3508000,204,102,102
1487,21,389,3508100,661,320,341
1488,21,389,3508200,177,89,88
1489,21,389,3508300,745,395,350
1490,21,389,3508400,0,0,0
1491,21,389,3508500,723,351,372
1492,21,389,3508600,99,45,54
1493,21,389,3508700,128,64,64
1494,21,389,3508800,315,156,159
1495,21,389,3508900,285,130,155
1496,21,389,3509000,0,0,0
1497,21,389,3509100,28,13,15
1498,21,389,3509200,346,167,179
1499,21,389,3509300,803,383,420
1500,21,389,3509400,99,45,54
1501,21,389,3509500,93,35,58
1502,21,389,3509600,198,70,128
1503,21,389,3509700,209,101,108
1504,21,389,3509800,290,134,156
1505,21,389,3509900,226,104,122
1506,21,389,3510000,89,48,41
1507,21,389,3510100,91,40,51
1508,21,389,3510200,413,198,215
1509,21,389,3510300,901,405,496
1510,21,389,3510400,601,291,310
1511,21,389,3510500,131,65,66
1512,21,389,3510600,113,54,59
1513,21,389,3510700,64,35,29
1514,21,389,3510800,46,24,22
1515,21,389,3510900,128,55,73
1516,21,389,3511000,237,113,124
1517,21,389,3511100,0,0,0
1518,21,389,3511200,641,305,336
1519,21,389,3511300,945,457,488
1520,21,389,3511400,248,108,140
1521,21,389,3511500,190,95,95
1522,21,389,3511600,462,236,226
1523,21,389,3511700,440,213,227
1524,21,389,3511800,212,99,113
1525,21,389,3511900,110,56,54
1526,21,389,3512000,566,263,303
1527,21,389,3512100,134,60,74
1528,21,389,3512200,0,0,0
1529,21,389,3512300,206,96,110
1530,21,389,3512400,138,63,75
1531,21,389,3512500,1048,513,535
1532,21,389,3512600,174,90,84
1533,21,389,3512700,106,54,52
1534,21,389,3512800,1065,520,545
1535,21,389,3512900,229,102,127
1536,21,389,3513000,188,84,104
1537,21,389,3513100,584,270,314
1538,21,389,3513200,77,42,35
1539,21,389,3513300,184,86,98
1540,21,389,3513400,3733,2003,1730
1541,21,389,3513500,230,103,127
1542,21,389,3513600,179,92,87
1543,21,389,3513700,688,321,367
1544,21,389,3513800,337,158,179
1545,21,389,3513900,93,43,50
1546,21,389,3514000,41,19,22
1547,21,389,3514100,1481,720,761
1548,21,389,3514200,143,70,73
1549,21,389,3514300,143,63,80
1550,21,389,3514400,42,21,21
1551,21,389,3514500,228,116,112
1552,21,389,3514600,180,104,76
1553,21,389,3514700,362,183,179
1554,21,389,3514800,706,370,336
1555,21,389,3514900,358,186,172
1556,21,389,3515000,331,142,189
1557,21,389,3515100,19,6,13
1558,21,389,3515200,252,53,199
1559,21,389,3515300,72,34,38
1560,21,389,3515400,240,115,125
1561,21,389,3515500,114,57,57
1562,21,389,3515600,366,179,187
1563,21,389,3515700,390,182,208
1564,21,389,3515800,0,0,0
1565,21,389,3515900,120,49,71
1566,21,389,3516000,278,138,140
1567,21,389,3516100,78,34,44
1568,21,389,3516200,160,76,84
1569,21,389,3516300,0,0,0
1570,21,389,3516400,175,91,84
1571,21,389,3516500,119,64,55
1572,21,389,3516600,38,15,23
1573,21,389,3516700,682,298,384
1574,21,389,3516800,251,108,143
1575,21,389,3516900,164,78,86
1576,21,389,3517000,22,8,14
1577,21,389,3517100,556,284,272
1578,21,389,3517200,46,22,24
1579,21,389,3517300,921,449,472
1580,21,389,3517400,242,106,136
1581,21,389,3517500,313,156,157
1582,21,389,3517600,90,43,47
1583,21,389,3517700,107,45,62
1584,21,389,3517800,21,8,13
1585,21,389,3517900,65,32,33
1586,21,389,3518000,147,69,78
1587,21,389,3518100,44,20,24
1588,21,389,3518200,118,57,61
1589,21,389,3518300,86,39,47
1590,21,389,3518400,263,119,144
1591,21,389,3518500,19,11,8
1592,21,389,3518600,230,106,124
1593,21,389,3518700,466,242,224
1594,21,389,3518800,256,123,133
1595,21,389,3518900,261,126,135
1596,21,389,3519000,0,0,0
1597,21,389,3519100,64,25,39
1598,21,389,3519200,155,61,94
1599,21,389,3519300,386,192,194
1600,21,389,3519400,1561,771,790
1601,21,389,3519500,20,10,10
1602,21,389,3519600,98,50,48
1603,21,389,3519700,182,91,91
1604,21,389,3519800,461,212,249
1605,21,389,3519900,370,184,186
1606,21,389,3520000,156,76,80
1607,21,389,3520100,25,12,13
1608,21,389,3520200,1778,868,910
1609,21,389,3520300,549,289,260
1610,21,389,3520400,158,73,85
1611,21,389,3520500,154,97,57
1612,21,389,3520600,14,7,7
1613,21,389,3520700,85,47,38
1614,21,389,3520800,234,129,105
1615,21,389,3520900,49,23,26
1616,21,389,3521000,14,5,9
1617,21,389,3521100,36,18,18
1618,21,389,3521200,51,25,26
