,Statecode,Districtcode,VillageCode,Population,Males,Females
0,21,382,2063000,210,104,106
1,21,382,2063100,0,0,0
2,21,382,2063200,205,99,106
3,21,382,2063300,446,225,221
4,21,382,2063400,323,158,165
5,21,382,2063500,242,133,109
6,21,382,2063600,644,322,322
7,21,382,2063700,1356,676,680
8,21,382,2063800,383,181,202
9,21,382,2063900,1977,1067,910
10,21,382,2064000,4264,2225,2039
11,21,382,2064100,399,201,198
12,21,382,2064200,708,345,363
13,21,382,2064300,528,275,253
14,21,382,2064400,3515,1898,1617
15,21,382,2064500,1068,549,519
16,21,382,2064600,422,207,215
17,21,382,2064700,380,193,187
18,21,382,2064800,1278,678,600
19,21,382,2064900,835,417,418
20,21,382,2065000,349,165,184
21,21,382,2065100,315,157,158
22,21,382,2065200,399,233,166
23,21,382,2065300,907,460,447
24,21,382,2065400,268,136,132
25,21,382,2065500,481,245,236
26,21,382,2065600,5556,2915,2641
27,21,382,2065700,930,447,483
28,21,382,2065800,349,180,169
29,21,382,2065900,299,158,141
30,21,382,2066000,575,281,294
31,21,382,2066100,590,306,284
32,21,382,2066200,223,119,104
33,21,382,2066300,0,0,0
34,21,382,2066400,397,190,207
35,21,382,2066500,1039,526,513
36,21,382,2066600,597,289,308
37,21,382,2066700,875,455,420
38,21,382,2066800,445,240,205
39,21,382,2066900,819,426,393
40,21,382,2067000,141,73,68
41,21,382,2067100,918,508,410
42,21,382,2067200,293,155,138
43,21,382,2067300,1018,515,503
44,21,382,2067400,255,127,128
45,21,382,2067500,0,0,0
46,21,382,2067600,386,192,194
47,21,382,2067700,750,375,375
48,21,382,2067800,375,190,185
49,21,382,2067900,840,452,388
50,21,382,2068000,0,0,0
51,21,382,2068100,0,0,0
52,21,382,2068200,871,444,427
53,21,382,2068300,96,53,43
54,21,382,2068400,866,443,423
55,21,382,2068500,314,160,154
56,21,382,2068600,131,78,53
57,21,382,2068700,0,0,0
58,21,382,2068800,269,134,135
59,21,382,2068900,1454,768,686
60,21,382,2069000,213,117,96
61,21,382,2069100,283,130,153
62,21,382,2069200,831,423,408
63,21,382,2069300,310,162,148
64,21,382,2069400,1192,608,584
65,21,382,2069500,427,231,196
66,21,382,2069600,417,211,206
67,21,382,2069700,210,102,108
68,21,382,2069800,840,438,402
69,21,382,2069900,0,0,0
70,21,382,2070000,559,290,269
71,21,382,2070100,1451,752,699
72,21,382,2070200,857,444,413
73,21,382,2070300,2711,1368,1343
74,21,382,2070400,2722,1400,1322
75,21,382,2070500,1054,521,533
76,21,382,2070600,421,226,195
77,21,382,2070700,1037,523,514
78,21,382,2070800,302,158,144
79,21,382,2070900,814,400,414
80,21,382,2071000,1262,639,623
81,21,382,2071100,1863,958,905
82,21,382,2071200,686,351,335
83,21,382,2071300,1750,853,897
84,21,382,2071400,1397,713,684
85,21,382,2071500,509,257,252
86,21,382,2071600,475,235,240
87,21,382,2071700,740,427,313
88,21,382,2071800,0,0,0
89,21,382,2071900,835,420,415
90,21,382,2072000,379,193,186
91,21,382,2072100,794,392,402
92,21,382,2072200,340,177,163
93,21,382,2072300,984,511,473
94,21,382,2072400,967,501,466
95,21,382,2072500,268,129,139
96,21,382,2072600,529,264,265
97,21,382,2072700,639,306,333
98,21,382,2072800,258,126,132
99,21,382,2072900,54,23,31
100,21,382,2073000,633,322,311
101,21,382,2073100,595,306,289
102,21,382,2073200,0,0,0
103,21,382,2073300,1305,658,647
104,21,382,2073400,509,260,249
105,21,382,2073500,0,0,0
106,21,382,2073600,861,439,422
107,21,382,2073700,1809,930,879
108,21,382,2073800,1817,940,877
109,21,382,2073900,904,472,432
110,21,382,2074000,645,343,302
111,21,382,2074100,142,67,75
112,21,382,2074200,1067,551,516
113,21,382,2074300,5161,2626,2535
114,21,382,2074400,1420,684,736
115,21,382,2074500,322,170,152
116,21,382,2074600,1820,945,875
117,21,382,2074700,0,0,0
118,21,382,2074800,1535,789,746
119,21,382,2074900,1693,857,836
120,21,382,2075000,532,284,248
121,21,382,2075100,422,216,206
122,21,382,2075200,696,349,347
123,21,382,2075300,942,485,457
124,21,382,2075400,319,158,161
125,21,382,2075500,0,0,0
126,21,382,2075600,1031,536,495
127,21,382,2075700,787,396,391
128,21,382,2075800,1090,577,513
129,21,382,2075900,825,398,427
130,21,382,2076000,1493,751,742
131,21,382,2076100,1419,743,676
132,21,382,2076200,3153,1628,1525
133,21,382,2076300,161,87,74
134,21,382,2076400,0,0,0
135,21,382,2076500,2611,1364,1247
136,21,382,2076600,1070,562,508
137,21,382,2076700,0,0,0
138,21,382,2076800,0,0,0
139,21,382,2076900,628,326,302
140,21,382,2077000,202,107,95
141,21,382,2077100,1833,948,885
142,21,382,2077200,0,0,0
143,21,382,2077300,0,0,0
144,21,382,2077400,144,79,65
145,21,382,2077500,749,387,362
146,21,382,2077600,2978,1528,1450
147,21,382,2077700,640,318,322
148,21,382,2077800,607,311,296
149,21,382,2077900,0,0,0
150,21,382,2078000,380,201,179
151,21,382,2078100,0,0,0
152,21,382,2078200,0,0,0
153,21,382,2078300,0,0,0
154,21,382,2078400,0,0,0
155,21,382,2078500,0,0,0
156,21,382,2078600,0,0,0
157,21,382,2078700,3376,1720,1656
158,21,382,2078800,2006,1018,988
159,21,382,2078900,836,400,436
160,21,382,2079000,1102,567,535
161,21,382,2079100,739,386,353
162,21,382,2079200,1141,593,548
163,21,382,2079300,825,398,427
164,21,382,2079400,620,310,310
165,21,382,2079500,733,364,369
166,21,382,2079600,775,386,389
167,21,382,2079700,485,251,234
168,21,382,2079800,1428,747,681
169,21,382,2079900,1669,827,842
170,21,382,2080000,2304,1216,1088
171,21,382,2080100,232,105,127
172,21,382,2080200,162,81,81
173,21,382,2080300,2063,1069,994
174,21,382,2080400,1471,772,699
175,21,382,2080500,281,141,140
176,21,382,2080600,2750,1494,1256
177,21,382,2080700,535,267,268
178,21,382,2080800,766,358,408
179,21,382,2080900,1384,692,692
180,21,382,2081000,727,359,368
181,21,382,2081100,1371,725,646
182,21,382,2081200,145,66,79
183,21,382,2081300,1053,538,515
184,21,382,2081400,657,334,323
185,21,382,2081500,3108,1604,1504
186,21,382,2081600,421,212,209
187,21,382,2081700,701,335,366
188,21,382,2081800,1409,735,674
189,21,382,2081900,1249,607,642
190,21,382,2082000,0,0,0
191,21,382,2082100,812,419,393
192,21,382,2082200,0,0,0
193,21,382,2082300,1724,891,833
194,21,382,2082400,292,144,148
195,21,382,2082500,651,308,343
196,21,382,2082600,0,0,0
197,21,382,2082700,292,149,143
198,21,382,2082800,1532,810,722
199,21,382,2082900,0,0,0
200,21,382,2083000,1509,770,739
201,21,382,2083100,2,2,0
202,21,382,2083200,649,324,325
203,21,382,2083300,1229,634,595
204,21,382,2083400,0,0,0
205,21,382,2083500,1926,989,937
206,21,382,2083600,798,403,395
207,21,382,2083700,876,442,434
208,21,382,2083800,779,404,375
209,21,382,2083900,815,404,411
210,21,382,2084000,457,233,224
211,21,382,2084100,298,146,152
212,21,382,2084200,445,230,215
213,21,382,2084300,444,229,215
214,21,382,2084400,303,145,158
215,21,382,2084500,1244,640,604
216,21,382,2084600,1753,918,835
217,21,382,2084700,251,128,123
218,21,382,2084800,400,197,203
219,21,382,2084900,626,329,297
220,21,382,2085000,816,396,420
221,21,382,2085100,703,366,337
222,21,382,2085200,867,442,425
223,21,382,2085300,0,0,0
224,21,382,2085400,0,0,0
225,21,382,2085500,0,0,0
226,21,382,2085600,1424,726,698
227,21,382,2085700,46,19,27
228,21,382,2085800,87,45,42
229,21,382,2085900,1405,731,674
230,21,382,2086000,384,183,201
231,21,382,2086100,983,497,486
232,21,382,2086200,403,207,196
233,21,382,2086300,612,333,279
234,21,382,2086400,1090,556,534
235,21,382,2086500,146,73,73
236,21,382,2086600,655,332,323
237,21,382,2086700,10,4,6
238,21,382,2086800,626,320,306
239,21,382,2086900,1974,1021,953
240,21,382,2087000,1080,573,507
241,21,382,2087100,1973,1010,963
242,21,382,2087200,554,286,268
243,21,382,2087300,234,113,121
244,21,382,2087400,642,329,313
245,21,382,2087500,1961,999,962
246,21,382,2087600,286,149,137
247,21,382,2087700,548,275,273
248,21,382,2087800,620,314,306
249,21,382,2087900,1106,568,538
250,21,382,2088000,1101,525,576
251,21,382,2088100,758,383,375
252,21,382,2088200,1771,889,882
253,21,382,2088300,310,158,152
254,21,382,2088400,747,376,371
255,21,382,2088500,472,231,241
256,21,382,2088600,7,3,4
257,21,382,2088700,0,0,0
258,21,382,2088800,846,441,405
259,21,382,2088900,836,415,421
260,21,382,2089000,199,99,100
261,21,382,2089100,468,226,242
262,21,382,2089200,273,135,138
263,21,382,2089300,850,416,434
264,21,382,2089400,297,148,149
265,21,382,2089500,373,182,191
266,21,382,2089600,427,204,223
267,21,382,2089700,64,35,29
268,21,382,2089800,655,333,322
269,21,382,2089900,311,168,143
270,21,382,2090000,600,309,291
271,21,382,2090100,2368,1187,1181
272,21,382,2090200,175,82,93
273,21,382,2090300,0,0,0
274,21,382,2090400,560,284,276
275,21,382,2090500,779,403,376
276,21,382,2090600,473,225,248
277,21,382,2090700,554,292,262
278,21,382,2090800,153,84,69
279,21,382,2090900,141,70,71
280,21,382,2091000,395,204,191
281,21,382,2091100,970,481,489
282,21,382,2091200,584,308,276
283,21,382,2091300,304,152,152
284,21,382,2091400,1139,570,569
285,21,382,2091500,864,437,427
286,21,382,2091600,987,518,469
287,21,382,2091700,833,422,411
288,21,382,2091800,1287,646,641
289,21,382,2091900,898,456,442
290,21,382,2092000,151,73,78
291,21,382,2092100,1275,630,645
292,21,382,2092200,333,180,153
293,21,382,2092300,289,140,149
294,21,382,2092400,127,55,72
295,21,382,2092500,102,52,50
296,21,382,2092600,724,368,356
297,21,382,2092700,577,304,273
298,21,382,2092800,117,62,55
299,21,382,2092900,248,117,131
300,21,382,2093000,464,274,190
301,21,382,2093100,369,187,182
302,21,382,2093200,737,363,374
303,21,382,2093300,654,330,324
304,21,382,2093400,454,228,226
305,21,382,2093500,335,169,166
306,21,382,2093600,171,81,90
307,21,382,2093700,272,145,127
308,21,382,2093800,466,234,232
309,21,382,2093900,281,139,142
310,21,382,2094000,29,15,14
311,21,382,2094100,46,21,25
312,21,382,2094200,121,61,60
313,21,382,2094300,208,99,109
314,21,382,2094400,99,54,45
315,21,382,2094500,131,61,70
316,21,382,2094600,0,0,0
317,21,382,2094700,15,7,8
318,21,382,2094800,320,165,155
319,21,382,2094900,472,228,244
320,21,382,2095000,3,1,2
321,21,382,2095100,314,149,165
322,21,382,2095200,198,99,99
323,21,382,2095300,459,231,228
324,21,382,2095400,295,146,149
325,21,382,2095500,130,64,66
326,21,382,2095600,803,400,403
327,21,382,2095700,193,93,100
328,21,382,2095800,356,164,192
329,21,382,2095900,573,280,293
330,21,382,2096000,78,46,32
331,21,382,2096100,2745,1363,1382
332,21,382,2096200,412,199,213
333,21,382,2096300,396,201,195
334,21,382,2096400,138,70,68
335,21,382,2096500,101,50,51
336,21,382,2096600,431,221,210
337,21,382,2096700,222,107,115
338,21,382,2096800,307,156,151
339,21,382,2096900,489,246,243
340,21,382,2097000,2426,1228,1198
341,21,382,2097100,378,199,179
342,21,382,2097200,49,22,27
343,21,382,2097300,144,69,75
344,21,382,2097400,2331,1155,1176
345,21,382,2097500,1092,547,545
346,21,382,2097600,87,39,48
347,21,382,2097700,322,166,156
348,21,382,2097800,1213,617,596
349,21,382,2097900,24,12,12
350,21,382,2098000,695,351,344
351,21,382,2098100,779,398,381
352,21,382,2098200,199,110,89
353,21,382,2098300,444,223,221
354,21,382,2098400,378,188,190
355,21,382,2098500,180,92,88
356,21,382,2098600,362,178,184
357,21,382,2098700,242,118,124
358,21,382,2098800,16,7,9
359,21,382,2098900,286,145,141
360,21,382,2099000,1691,878,813
361,21,382,2099100,223,114,109
362,21,382,2099200,485,245,240
363,21,382,2099300,33,17,16
364,21,382,2099400,325,173,152
365,21,382,2099500,374,202,172
366,21,382,2099600,432,211,221
367,21,382,2099700,662,316,346
368,21,382,2099800,255,129,126
369,21,382,2099900,204,99,105
370,21,382,2100000,352,185,167
371,21,382,2100100,117,55,62
372,21,382,2100200,783,395,388
373,21,382,2100300,102,52,50
374,21,382,2100400,240,122,118
375,21,382,2100500,2315,1211,1104
376,21,382,2100600,202,93,109
377,21,382,2100700,1309,660,649
378,21,382,2100800,324,169,155
379,21,382,2100900,348,169,179
380,21,382,2101000,381,192,189
381,21,382,2101100,62,29,33
382,21,382,2101200,250,123,127
383,21,382,2101300,203,111,92
384,21,382,2101400,243,122,121
385,21,382,2101500,251,130,121
386,21,382,2101600,1698,832,866
387,21,382,2101700,193,101,92
388,21,382,2101800,60,30,30
389,21,382,2101900,0,0,0
390,21,382,2102000,0,0,0
391,21,382,2102100,778,389,389
392,21,382,2102200,569,290,279
393,21,382,2102300,685,351,334
394,21,382,2102400,634,314,320
395,21,382,2102500,575,307,268
396,21,382,2102600,764,387,377
397,21,382,2102700,263,128,135
398,21,382,2102800,620,313,307
399,21,382,2102900,1829,918,911
400,21,382,2103000,755,386,369
401,21,382,2103100,129,64,65
402,21,382,2103200,339,174,165
403,21,382,2103300,90,47,43
404,21,382,2103400,1164,620,544
405,21,382,2103500,76,41,35
406,21,382,2103600,573,283,290
407,21,382,2103700,0,0,0
408,21,382,2103800,394,196,198
409,21,382,2103900,385,184,201
410,21,382,2104000,0,0,0
411,21,382,2104100,857,449,408
412,21,382,2104200,276,130,146
413,21,382,2104300,1206,624,582
414,21,382,2104400,455,227,228
415,21,382,2104500,839,433,406
416,21,382,2104600,230,124,106
417,21,382,2104700,424,217,207
418,21,382,2104800,632,310,322
419,21,382,2104900,1670,863,807
420,21,382,2105000,878,470,408
421,21,382,2105100,1042,540,502
422,21,382,2105200,0,0,0
423,21,382,2105300,366,185,181
424,21,382,2105400,0,0,0
425,21,382,2105500,405,210,195
426,21,382,2105600,163,87,76
427,21,382,2105700,328,155,173
428,21,382,2105800,267,140,127
429,21,382,2105900,1014,526,488
430,21,382,2106000,0,0,0
431,21,382,2106100,250,126,124
432,21,382,2106200,57,29,28
433,21,382,2106300,315,163,152
434,21,382,2106400,336,181,155
435,21,382,2106500,674,350,324
436,21,382,2106600,142,73,69
437,21,382,2106700,368,182,186
438,21,382,2106800,401,215,186
439,21,382,2106900,294,140,154
440,21,382,2107000,1045,545,500
441,21,382,2107100,433,223,210
442,21,382,2107200,0,0,0
443,21,382,2107300,1668,835,833
444,21,382,2107400,1809,935,874
445,21,382,2107500,192,97,95
446,21,382,2107600,469,246,223
447,21,382,2107700,114,54,60
448,21,382,2107800,180,94,86
449,21,382,2107900,487,260,227
450,21,382,2108000,181,85,96
451,21,382,2108100,0,0,0
452,21,382,2108200,430,207,223
453,21,382,2108300,3023,1564,1459
454,21,382,2108400,706,367,339
455,21,382,2108500,330,180,150
456,21,382,2108600,708,364,344
457,21,382,2108700,403,208,195
458,21,382,2108800,528,256,272
459,21,382,2108900,1416,743,673
460,21,382,2109000,362,177,185
461,21,382,2109100,136,68,68
462,21,382,2109200,0,0,0
463,21,382,2109300,313,171,142
464,21,382,2109400,646,333,313
465,21,382,2109500,0,0,0
466,21,382,2109600,181,93,88
467,21,382,2109700,370,194,176
468,21,382,2109800,1053,532,521
469,21,382,2109900,1991,1009,982
470,21,382,2110000,249,133,116
471,21,382,2110100,275,142,133
472,21,382,2110200,206,102,104
473,21,382,2110300,102,50,52
474,21,382,2110400,1908,997,911
475,21,382,2110500,897,463,434
476,21,382,2110600,469,234,235
477,21,382,2110700,412,210,202
478,21,382,2110800,584,300,284
479,21,382,2110900,398,202,196
480,21,382,2111000,187,103,84
481,21,382,2111100,420,222,198
482,21,382,2111200,1359,720,639
483,21,382,2111300,568,304,264
484,21,382,2111400,826,432,394
485,21,382,2111500,176,92,84
486,21,382,2111600,937,468,469
487,21,382,2111700,455,233,222
488,21,382,2111800,30,12,18
489,21,382,2111900,1066,519,547
490,21,382,2112000,1415,738,677
491,21,382,2112100,497,257,240
492,21,382,2112200,405,213,192
493,21,382,2112300,851,442,409
494,21,382,2112400,434,233,201
495,21,382,2112500,388,190,198
496,21,382,2112600,275,153,122
497,21,382,2112700,290,158,132
498,21,382,2112800,2131,1111,1020
499,21,382,2112900,476,251,225
500,21,382,2113000,806,413,393
501,21,382,2113100,1340,690,650
502,21,382,2113200,545,266,279
503,21,382,2113300,1077,552,525
504,21,382,2113400,736,373,363
505,21,382,2113500,310,154,156
506,21,382,2113600,392,192,200
507,21,382,2113700,595,295,300
508,21,382,2113800,493,257,236
509,21,382,2113900,817,412,405
510,21,382,2114000,472,237,235
511,21,382,2114100,723,368,355
512,21,382,2114200,439,224,215
513,21,382,2114300,283,142,141
514,21,382,2114400,30,14,16
515,21,382,2114500,312,161,151
516,21,382,2114600,339,163,176
517,21,382,2114700,355,188,167
518,21,382,2114800,0,0,0
519,21,382,2114900,806,410,396
520,21,382,2115000,377,195,182
521,21,382,2115100,548,281,267
522,21,382,2115200,352,185,167
523,21,382,2115300,1329,638,691
524,21,382,2115400,0,0,0
525,21,382,2115500,88,45,43
526,21,382,2115600,681,359,322
527,21,382,2115700,448,230,218
528,21,382,2115800,407,215,192
529,21,382,2115900,876,444,432
530,21,382,2116000,0,0,0
531,21,382,2116100,889,474,415
532,21,382,2116200,782,404,378
533,21,382,2116300,0,0,0
534,21,382,2116400,538,295,243
535,21,382,2116500,133,63,70
536,21,382,2116600,1746,903,843
537,21,382,2116700,640,327,313
538,21,382,2116800,2705,1367,1338
539,21,382,2116900,187,96,91
540,21,382,2117000,754,384,370
541,21,382,2117100,951,491,460
542,21,382,2117200,1133,585,548
543,21,382,2117300,900,482,418
544,21,382,2117400,1038,518,520
545,21,382,2117500,0,0,0
546,21,382,2117600,432,205,227
547,21,382,2117700,544,270,274
548,21,382,2117800,758,391,367
549,21,382,2117900,105,54,51
550,21,382,2118000,1261,645,616
551,21,382,2118100,567,287,280
552,21,382,2118200,262,148,114
553,21,382,2118300,400,208,192
554,21,382,2118400,27,13,14
555,21,382,2118500,257,135,122
556,21,382,2118600,231,116,115
557,21,382,2118700,132,76,56
558,21,382,2118800,467,255,212
559,21,382,2118900,1031,532,499
560,21,382,2119000,1208,638,570
561,21,382,2119100,1692,895,797
562,21,382,2119200,950,462,488
563,21,382,2119300,54,25,29
564,21,382,2119400,910,444,466
565,21,382,2119500,46,20,26
566,21,382,2119600,1,0,1
567,21,382,2119700,2463,1237,1226
568,21,382,2119800,440,227,213
569,21,382,2119900,1784,908,876
570,21,382,2120000,153,65,88
571,21,382,2120100,127,68,59
572,21,382,2120200,543,254,289
573,21,382,2120300,733,378,355
574,21,382,2120400,298,154,144
575,21,382,2120500,0,0,0
576,21,382,2120600,307,155,152
577,21,382,2120700,1234,626,608
578,21,382,2120800,292,152,140
579,21,382,2120900,290,141,149
580,21,382,2121000,907,433,474
581,21,382,2121100,482,245,237
582,21,382,2121200,1118,531,587
583,21,382,2121300,2392,1150,1242
584,21,382,2121400,1122,531,591
585,21,382,2121500,2125,1061,1064
586,21,382,2121600,567,289,278
587,21,382,2121700,333,162,171
588,21,382,2121800,1052,550,502
589,21,382,2121900,1996,1025,971
590,21,382,2122000,158,74,84
591,21,382,2122100,181,91,90
592,21,382,2122200,246,122,124
593,21,382,2122300,336,181,155
594,21,382,2122400,142,77,65
595,21,382,2122500,245,131,114
596,21,382,2122600,335,169,166
597,21,382,2122700,33,19,14
598,21,382,2122800,3,2,1
599,21,382,2122900,588,314,274
600,21,382,2123000,44,23,21
601,21,382,2123100,93,41,52
602,21,382,2123200,1077,560,517
603,21,382,2123300,366,191,175
604,21,382,2123400,1206,621,585
605,21,382,2123500,1033,532,501
606,21,382,2123600,1883,984,899
607,21,382,2123700,202,111,91
608,21,382,2123800,615,297,318
609,21,382,2123900,883,433,450
610,21,382,2124000,27,13,14
611,21,382,2124100,231,116,115
612,21,382,2124200,1280,644,636
613,21,382,2124300,1317,644,673
614,21,382,2124400,270,152,118
615,21,382,2124500,1283,650,633
616,21,382,2124600,626,318,308
617,21,382,2124700,344,171,173
618,21,382,2124800,2085,1092,993
619,21,382,2124900,1144,579,565
620,21,382,2125000,314,174,140
621,21,382,2125100,636,331,305
622,21,382,2125200,12,5,7
623,21,382,2125300,790,391,399
624,21,382,2125400,0,0,0
625,21,382,2125500,538,282,256
626,21,382,2125600,1812,930,882
627,21,382,2125700,939,487,452
628,21,382,2125800,491,237,254
629,21,382,2125900,826,425,401
630,21,382,2126000,849,456,393
631,21,382,2126100,702,375,327
632,21,382,2126200,1178,582,596
633,21,382,2126300,158,81,77
634,21,382,2126400,45,27,18
635,21,382,2126500,372,186,186
636,21,382,2126600,333,176,157
637,21,382,2126700,599,307,292
638,21,382,2126800,253,131,122
639,21,382,2126900,163,91,72
640,21,382,2127000,577,305,272
641,21,382,2127100,1374,716,658
642,21,382,2127200,798,403,395
643,21,382,2127300,51,26,25
644,21,382,2127400,856,439,417
645,21,382,2127500,416,206,210
646,21,382,2127600,573,287,286
647,21,382,2127700,1018,519,499
648,21,382,2127800,0,0,0
649,21,382,2127900,407,208,199
650,21,382,2128000,1126,575,551
651,21,382,2128100,335,169,166
652,21,382,2128200,922,481,441
653,21,382,2128300,327,164,163
654,21,382,2128400,2010,994,1016
655,21,382,2128500,0,0,0
656,21,382,2128600,0,0,0
657,21,382,2128700,413,213,200
658,21,382,2128800,1665,838,827
659,21,382,2128900,655,326,329
660,21,382,2129000,369,188,181
661,21,382,2129100,439,225,214
662,21,382,2129200,676,342,334
663,21,382,2129300,383,194,189
664,21,382,2129400,397,194,203
665,21,382,2129500,604,316,288
666,21,382,2129600,634,315,319
667,21,382,2129700,1634,800,834
668,21,382,2129800,1630,859,771
669,21,382,2129900,621,323,298
670,21,382,2130000,1264,667,597
671,21,382,2130100,196,89,107
672,21,382,2130200,392,205,187
673,21,382,2130300,391,190,201
674,21,382,2130400,632,339,293
675,21,382,2130500,1385,693,692
676,21,382,2130600,18,10,8
677,21,382,2130700,1267,634,633
678,21,382,2130800,309,158,151
679,21,382,2130900,0,0,0
680,21,382,2131000,535,263,272
681,21,382,2131100,874,440,434
682,21,382,2131200,1277,645,632
683,21,382,2131300,1665,823,842
684,21,382,2131400,1446,749,697
685,21,382,2131500,560,283,277
686,21,382,2131600,632,331,301
687,21,382,2131700,456,237,219
688,21,382,2131800,292,151,141
689,21,382,2131900,1048,532,516
690,21,382,2132000,843,424,419
691,21,382,2132100,403,208,195
692,21,382,2132200,208,105,103
693,21,382,2132300,28,17,11
694,21,382,2132400,1476,760,716
695,21,382,2132500,715,340,375
696,21,382,2132600,549,287,262
697,21,382,2132700,1342,672,670
698,21,382,2132800,2867,1468,1399
699,21,382,2132900,425,223,202
700,21,382,2133000,519,266,253
701,21,382,2133100,782,380,402
702,21,382,2133200,695,352,343
703,21,382,2133300,1065,544,521
704,21,382,2133400,423,208,215
705,21,382,2133500,715,362,353
706,21,382,2133600,0,0,0
707,21,382,2133700,526,251,275
708,21,382,2133800,1133,567,566
709,21,382,2133900,28,15,13
710,21,382,2134000,385,192,193
711,21,382,2134100,312,167,145
712,21,382,2134200,0,0,0
713,21,382,2134300,358,185,173
714,21,382,2134400,1541,774,767
715,21,382,2134500,1943,982,961
716,21,382,2134600,983,510,473
717,21,382,2134700,1048,528,520
718,21,382,2134800,0,0,0
719,21,382,2134900,423,222,201
720,21,382,2135000,0,0,0
721,21,382,2135100,553,267,286
722,21,382,2135200,0,0,0
723,21,382,2135300,880,450,430
724,21,382,2135400,482,250,232
725,21,382,2135500,1472,750,722
726,21,382,2135600,1627,833,794
727,21,382,2135700,308,161,147
728,21,382,2135800,105,59,46
729,21,382,2135900,78,38,40
730,21,382,2136000,1577,792,785
731,21,382,2136100,1525,778,747
732,21,382,2136200,548,273,275
733,21,382,2136300,1544,790,754
734,21,382,2136400,81,37,44
735,21,382,2136500,223,108,115
736,21,382,2136600,1014,546,468
737,21,382,2136700,120,64,56
738,21,382,2136800,65,36,29
739,21,382,2136900,102,50,52
740,21,382,2137000,1217,608,609
741,21,382,2137100,2292,1159,1133
742,21,382,2137200,114,54,60
743,21,382,2137300,1423,730,693
744,21,382,2137400,1162,584,578
745,21,382,2137500,2254,1141,1113
746,21,382,2137600,883,453,430
747,21,382,2137700,998,494,504
748,21,382,2137800,637,322,315
749,21,382,2137900,199,101,98
750,21,382,2138000,294,157,137
751,21,382,2138100,2109,1109,1000
752,21,382,2138200,720,368,352
753,21,382,2138300,4042,1998,2044
754,21,382,2138400,551,272,279
755,21,382,2138500,2635,1369,1266
756,21,382,2138600,706,349,357
757,21,382,2138700,233,108,125
758,21,382,2138800,2459,1225,1234
759,21,382,2138900,891,435,456
760,21,382,2139000,2897,1387,1510
761,21,382,2139100,912,485,427
762,21,382,2139200,1577,789,788
763,21,382,2139300,4206,2060,2146
764,21,382,2139400,1643,810,833
765,21,382,2139500,2370,1216,1154
766,21,382,2139600,1522,760,762
767,21,382,2139700,2325,1110,1215
768,21,382,2139800,1701,827,874
769,21,382,2139900,1199,628,571
770,21,382,2140000,1065,556,509
771,21,382,2140100,398,192,206
772,21,382,2140200,1059,499,560
773,21,382,2140300,873,441,432
774,21,382,2140400,337,170,167
775,21,382,2140500,1565,762,803
776,21,382,2140600,593,289,304
777,21,382,2140700,2054,1024,1030
778,21,382,2140800,832,402,430
779,21,382,2140900,400,214,186
780,21,382,2141000,2297,1164,1133
781,21,382,2141100,925,462,463
782,21,382,2141200,523,248,275
783,21,382,2141300,942,460,482
784,21,382,2141400,1230,598,632
785,21,382,2141500,737,353,384
786,21,382,2141600,476,243,233
787,21,382,2141700,1026,528,498
788,21,382,2141800,692,346,346
789,21,382,2141900,59,33,26
790,21,382,2142000,1207,598,609
791,21,382,2142100,632,327,305
792,21,382,2142200,337,174,163
793,21,382,2142300,2161,1074,1087
794,21,382,2142400,382,178,204
795,21,382,2142500,1373,688,685
796,21,382,2142600,590,306,284
797,21,382,2142700,1533,760,773
798,21,382,2142800,743,386,357
799,21,382,2142900,455,211,244
800,21,382,2143000,1084,555,529
801,21,382,2143100,1427,712,715
802,21,382,2143200,367,172,195
803,21,382,2143300,843,441,402
804,21,382,2143400,833,392,441
805,21,382,2143500,1099,583,516
806,21,382,2143600,1238,608,630
807,21,382,2143700,199,100,99
808,21,382,2143800,1111,554,557
809,21,382,2143900,468,239,229
810,21,382,2144000,629,327,302
811,21,382,2144100,1880,936,944
812,21,382,2144200,1789,910,879
813,21,382,2144300,561,275,286
814,21,382,2144400,576,285,291
815,21,382,2144500,542,247,295
816,21,382,2144600,620,280,340
817,21,382,2144700,387,184,203
818,21,382,2144800,1152,538,614
819,21,382,2144900,465,235,230
820,21,382,2145000,2832,1380,1452
821,21,382,2145100,813,415,398
822,21,382,2145200,1761,882,879
823,21,382,2145300,2236,1129,1107
824,21,382,2145400,847,402,445
825,21,382,2145500,4478,2288,2190
826,21,382,2145600,1263,632,631
827,21,382,2145700,1520,736,784
828,21,382,2145800,1961,975,986
829,21,382,2145900,1288,682,606
830,21,382,2146000,1089,561,528
831,21,382,2146100,931,479,452
832,21,382,2146200,3331,1668,1663
833,21,382,2146300,43,18,25
834,21,382,2146400,3010,1442,1568
835,21,382,2146500,738,387,351
836,21,382,2146600,1955,954,1001
837,21,382,2146700,593,299,294
838,21,382,2146800,250,113,137
839,21,382,2146900,118,59,59
840,21,382,2147000,928,442,486
841,21,382,2147100,579,281,298
842,21,382,2147200,414,212,202
843,21,382,2147300,3026,1533,1493
844,21,382,2147400,691,370,321
845,21,382,2147500,575,283,292
846,21,382,2147600,1061,530,531
847,21,382,2147700,1492,702,790
848,21,382,2147800,598,281,317
849,21,382,2147900,0,0,0
850,21,382,2148000,285,136,149
851,21,382,2148100,789,383,406
852,21,382,2148200,641,309,332
853,21,382,2148300,152,83,69
854,21,382,2148400,1344,661,683
855,21,382,2148500,198,105,93
856,21,382,2148600,1543,764,779
857,21,382,2148700,566,257,309
858,21,382,2148800,816,405,411
859,21,382,2148900,1336,679,657
860,21,382,2149000,398,204,194
861,21,382,2149100,1264,657,607
862,21,382,2149200,316,149,167
863,21,382,2149300,419,206,213
864,21,382,2149400,209,105,104
865,21,382,2149500,1401,683,718
866,21,382,2149600,382,193,189
867,21,382,2149700,1969,999,970
868,21,382,2149800,1241,622,619
869,21,382,2149900,1362,725,637
870,21,382,2150000,649,294,355
871,21,382,2150100,424,222,202
872,21,382,2150200,1844,904,940
873,21,382,2150300,2083,1049,1034
874,21,382,2150400,3749,1933,1816
875,21,382,2150500,312,152,160
876,21,382,2150600,711,361,350
877,21,382,2150700,431,215,216
878,21,382,2150800,702,362,340
879,21,382,2150900,47,27,20
880,21,382,2151000,659,309,350
881,21,382,2151100,448,227,221
882,21,382,2151200,1185,585,600
883,21,382,2151300,968,480,488
884,21,382,2151400,1871,962,909
885,21,382,2151500,1829,913,916
886,21,382,2151600,0,0,0
887,21,382,2151700,202,104,98
888,21,382,2151800,2250,1089,1161
889,21,382,2151900,73,35,38
890,21,382,2152000,532,250,282
891,21,382,2152100,619,299,320
892,21,382,2152200,397,199,198
893,21,382,2152300,2326,1182,1144
894,21,382,2152400,408,199,209
895,21,382,2152500,1321,696,625
896,21,382,2152600,620,298,322
897,21,382,2152700,811,402,409
898,21,382,2152800,480,218,262
899,21,382,2152900,667,333,334
900,21,382,2153000,916,467,449
901,21,382,2153100,1289,669,620
902,21,382,2153200,721,365,356
903,21,382,2153300,174,87,87
904,21,382,2153400,1834,933,901
905,21,382,2153500,1492,725,767
906,21,382,2153600,408,203,205
907,21,382,2153700,1493,757,736
908,21,382,2153800,1454,723,731
909,21,382,2153900,554,293,261
910,21,382,2154000,1241,624,617
911,21,382,2154100,791,402,389
912,21,382,2154200,1207,625,582
913,21,382,2154300,895,453,442
914,21,382,2154400,828,414,414
915,21,382,2154500,1446,714,732
916,21,382,2154600,139,58,81
917,21,382,2154700,1708,867,841
918,21,382,2154800,1954,966,988
919,21,382,2154900,481,239,242
920,21,382,2155000,1618,791,827
921,21,382,2155100,1487,720,767
922,21,382,2155200,534,252,282
923,21,382,2155300,869,432,437
924,21,382,2155400,456,230,226
925,21,382,2155500,681,351,330
926,21,382,2155600,121,61,60
927,21,382,2155700,187,93,94
928,21,382,2155800,1094,576,518
929,21,382,2155900,211,99,112
930,21,382,2156000,452,225,227
931,21,382,2156100,1226,586,640
932,21,382,2156200,4030,1885,2145
933,21,382,2156300,4754,2324,2430
934,21,382,2156400,1062,496,566
935,21,382,2156500,1182,559,623
936,21,382,2156600,322,168,154
937,21,382,2156700,0,0,0
938,21,382,2156800,0,0,0
939,21,382,2156900,1730,860,870
940,21,382,2157000,768,367,401
941,21,382,2157100,534,268,266
942,21,382,2157200,1905,978,927
943,21,382,2157300,1576,803,773
944,21,382,2157400,506,250,256
945,21,382,2157500,582,295,287
946,21,382,2157600,2739,1391,1348
947,21,382,2157700,1435,725,710
948,21,382,2157800,636,305,331
949,21,382,2157900,6988,3586,3402
950,21,382,2158000,1053,545,508
951,21,382,2158100,1379,685,694
952,21,382,2158200,2043,1020,1023
953,21,382,2158300,977,509,468
954,21,382,2158400,681,313,368
955,21,382,2158500,2364,1157,1207
956,21,382,2158600,622,324,298
957,21,382,2158700,1855,923,932
958,21,382,2158800,662,321,341
959,21,382,2158900,0,0,0
960,21,382,2159000,3284,1569,1715
961,21,382,2159100,401,184,217
962,21,382,2159200,905,463,442
963,21,382,2159300,1111,552,559
964,21,382,2159400,241,123,118
965,21,382,2159500,1348,664,684
966,21,382,2159600,1585,780,805
967,21,382,2159700,446,234,212
968,21,382,2159800,1850,926,924
969,21,382,2159900,34,15,19
970,21,382,2160000,1053,516,537
971,21,382,2160100,657,335,322
972,21,382,2160200,278,140,138
973,21,382,2160300,2482,1241,1241
974,21,382,2160400,541,281,260
975,21,382,2160500,2330,1206,1124
976,21,382,2160600,0,0,0
977,21,382,2160700,903,437,466
978,21,382,2160800,1248,621,627
979,21,382,2160900,1430,685,745
980,21,382,2161000,2865,1399,1466
981,21,382,2161100,1706,840,866
982,21,382,2161200,3235,1557,1678
983,21,382,2161300,1762,913,849
984,21,382,2161400,2378,1208,1170
985,21,382,2161500,1758,872,886
986,21,382,2161600,4747,2298,2449
987,21,382,2161700,2195,1122,1073
988,21,382,2161800,785,397,388
989,21,382,2161900,669,344,325
990,21,382,2162000,2511,1249,1262
991,21,382,2162100,0,0,0
992,21,382,2162200,2256,1118,1138
993,21,382,2162300,1337,659,678
994,21,382,2162400,2681,1333,1348
995,21,382,2162500,2330,1153,1177
996,21,382,2162600,276,133,143
997,21,382,2162700,1681,819,862
998,21,382,2162800,4622,2161,2461
999,21,382,2162900,2441,1193,1248
1000,21,382,2163000,0,0,0
1001,21,382,2163100,294,158,136
1002,21,382,2163200,4172,2072,2100
1003,21,382,2163300,3892,1832,2060
1004,21,382,2163400,403,187,216
1005,21,382,2163500,1100,495,605
1006,21,382,2163600,1607,793,814
1007,21,382,2163700,373,175,198
1008,21,382,2163800,2572,1200,1372
1009,21,382,2163900,1025,538,487
1010,21,382,2164000,2730,1328,1402
1011,21,382,2164100,0,0,0
1012,21,382,2164200,0,0,0
1013,21,382,2164300,165,80,85
1014,21,382,2164400,0,0,0
1015,21,382,2164500,561,282,279
1016,21,382,2164600,837,409,428
1017,21,382,2164700,933,456,477
1018,21,382,2164800,1319,648,671
1019,21,382,2164900,1944,921,1023
1020,21,382,2165000,398,199,199
1021,21,382,2165100,1496,727,769
1022,21,382,2165200,989,491,498
1023,21,382,2165300,844,405,439
1024,21,382,2165400,451,218,233
1025,21,382,2165500,247,122,125
1026,21,382,2165600,1719,832,887
1027,21,382,2165700,1704,878,826
1028,21,382,2165800,1660,841,819
1029,21,382,2165900,685,357,328
1030,21,382,2166000,1420,736,684
1031,21,382,2166100,1059,527,532
1032,21,382,2166200,714,359,355
1033,21,382,2166300,725,380,345
1034,21,382,2166400,696,365,331
1035,21,382,2166500,1047,529,518
1036,21,382,2166600,880,402,478
1037,21,382,2166700,1507,717,790
1038,21,382,2166800,2353,1150,1203
1039,21,382,2166900,1316,643,673
1040,21,382,2167000,307,146,161
1041,21,382,2167100,1972,971,1001
1042,21,382,2167200,1846,914,932
1043,21,382,2167300,434,201,233
1044,21,382,2167400,1042,510,532
1045,21,382,2167500,2463,1186,1277
1046,21,382,2167600,1594,778,816
1047,21,382,2167700,257,114,143
1048,21,382,2167800,152,80,72
1049,21,382,2167900,1083,553,530
1050,21,382,2168000,1998,1000,998
1051,21,382,2168100,1073,525,548
1052,21,382,2168200,83,40,43
1053,21,382,2168300,1591,812,779
1054,21,382,2168400,1575,749,826
1055,21,382,2168500,206,91,115
1056,21,382,2168600,538,266,272
1057,21,382,2168700,957,506,451
1058,21,382,2168800,0,0,0
1059,21,382,2168900,0,0,0
1060,21,382,2169000,0,0,0
1061,21,382,2169100,1604,838,766
1062,21,382,2169200,747,384,363
1063,21,382,2169300,529,258,271
1064,21,382,2169400,1,0,1
1065,21,382,2169500,1969,1018,951
1066,21,382,2169600,247,127,120
1067,21,382,2169700,745,389,356
1068,21,382,2169800,27,11,16
1069,21,382,2169900,0,0,0
1070,21,382,2170000,1213,622,591
1071,21,382,2170100,1622,805,817
1072,21,382,2170200,1498,749,749
1073,21,382,2170300,1647,824,823
1074,21,382,2170400,1144,559,585
1075,21,382,2170500,1450,720,730
1076,21,382,2170600,2941,1475,1466
1077,21,382,2170700,1347,657,690
1078,21,382,2170800,1138,539,599
1079,21,382,2170900,1706,865,841
1080,21,382,2171000,1030,512,518
1081,21,382,2171100,1115,555,560
1082,21,382,2171200,2816,1433,1383
1083,21,382,2171300,1399,694,705
1084,21,382,2171400,3041,1487,1554
1085,21,382,2171500,1131,576,555
1086,21,382,2171600,2776,1437,1339
1087,21,382,2171700,543,295,248
1088,21,382,2171800,252,127,125
1089,21,382,2171900,923,478,445
1090,21,382,2172000,993,503,490
1091,21,382,2172100,158,86,72
1092,21,382,2172200,928,466,462
1093,21,382,2172300,129,68,61
1094,21,382,2172400,259,129,130
1095,21,382,2172500,1003,532,471
1096,21,382,2172600,304,150,154
1097,21,382,2172700,509,257,252
1098,21,382,2172800,922,465,457
1099,21,382,2172900,1229,626,603
1100,21,382,2173000,248,129,119
1101,21,382,2173100,1424,731,693
1102,21,382,2173200,1970,976,994
1103,21,382,2173300,2661,1364,1297
1104,21,382,2173400,772,412,360
1105,21,382,2173500,1786,927,859
1106,21,382,2173600,2214,1153,1061
1107,21,382,2173700,427,218,209
1108,21,382,2173800,4291,2065,2226
1109,21,382,2173900,5556,2766,2790
1110,21,382,2174000,2221,1082,1139
1111,21,382,2174100,1041,537,504
1112,21,382,2174200,1351,697,654
1113,21,382,2174300,380,187,193
1114,21,382,2174400,1457,744,713
1115,21,382,2174500,684,329,355
1116,21,382,2174600,1148,570,578
1117,21,382,2174700,357,176,181
1118,21,382,2174800,875,435,440
1119,21,382,2174900,1614,849,765
1120,21,382,2175000,2038,1040,998
1121,21,382,2175100,341,183,158
1122,21,382,2175200,2160,1110,1050
1123,21,382,2175300,1160,622,538
1124,21,382,2175400,2327,1155,1172
1125,21,382,2175500,2336,1183,1153
1126,21,382,2175600,1,0,1
1127,21,382,2175700,0,0,0
1128,21,382,2175800,0,0,0
1129,21,382,2175900,608,316,292
1130,21,382,2176000,0,0,0
1131,21,382,2176100,0,0,0
1132,21,382,2176200,0,0,0
1133,21,382,2176300,189,90,99
1134,21,382,2176400,373,179,194
1135,21,382,2176500,1440,713,727
1136,21,382,2176600,34,16,18
1137,21,382,2176700,167,99,68
1138,21,382,2176800,139,73,66
1139,21,382,2176900,0,0,0
1140,21,382,2177000,0,0,0
1141,21,382,2177100,1080,558,522
1142,21,382,2177200,631,316,315
1143,21,382,2177300,1213,645,568
1144,21,382,2177400,0,0,0
1145,21,382,2177500,0,0,0
1146,21,382,2177600,822,416,406
1147,21,382,2177700,0,0,0
1148,21,382,2177800,409,199,210
1149,21,382,2177900,624,337,287
1150,21,382,2178000,0,0,0
1151,21,382,2178100,22,11,11
1152,21,382,2178200,339,164,175
1153,21,382,2178300,1063,528,535
1154,21,382,2178400,732,375,357
1155,21,382,2178500,3827,1958,1869
1156,21,382,2178600,954,483,471
1157,21,382,2178700,4,1,3
1158,21,382,2178800,0,0,0
1159,21,382,2178900,803,417,386
1160,21,382,2179000,341,173,168
1161,21,382,2179100,0,0,0
1162,21,382,2179200,276,142,134
1163,21,382,2179300,278,151,127
1164,21,382,2179400,134,62,72
1165,21,382,2179500,907,457,450
1166,21,382,2179600,2816,1423,1393
1167,21,382,2179700,0,0,0
1168,21,382,2179800,527,262,265
1169,21,382,2179900,379,189,190
1170,21,382,2180000,321,149,172
1171,21,382,2180100,743,404,339
1172,21,382,2180200,425,204,221
1173,21,382,2180300,608,281,327
1174,21,382,2180400,256,120,136
1175,21,382,2180500,0,0,0
1176,21,382,2180600,405,210,195
1177,21,382,2180700,5,2,3
1178,21,382,2180800,978,490,488
1179,21,382,2180900,195,97,98
1180,21,382,2181000,828,398,430
1181,21,382,2181100,174,89,85
1182,21,382,2181200,481,240,241
1183,21,382,2181300,421,201,220
1184,21,382,2181400,99,51,48
1185,21,382,2181500,88,51,37
1186,21,382,2181600,0,0,0
1187,21,382,2181700,1832,924,908
1188,21,382,2181800,2371,1260,1111
1189,21,382,2181900,493,270,223
1190,21,382,2182000,0,0,0
1191,21,382,2182100,1695,927,768
1192,21,382,2182200,1096,697,399
1193,21,382,2182300,961,492,469
1194,21,382,2182400,408,221,187
1195,21,382,2182500,3706,1949,1757
1196,21,382,2182600,1059,538,521
1197,21,382,2182700,0,0,0
1198,21,382,2182800,0,0,0
1199,21,382,2182900,0,0,0
1200,21,382,2183000,31,12,19
1201,21,382,2183100,0,0,0
1202,21,382,2183200,0,0,0
1203,21,382,2183300,120,58,62
1204,21,382,2183400,29,13,16
1205,21,382,2183500,809,439,370
1206,21,382,2183600,790,399,391
1207,21,382,2183700,1812,913,899
1208,21,382,2183800,821,416,405
1209,21,382,2183900,301,153,148
1210,21,382,2184000,435,226,209
1211,21,382,2184100,455,210,245
1212,21,382,2184200,353,172,181
1213,21,382,2184300,0,0,0
1214,21,382,2184400,0,0,0
1215,21,382,2184500,463,233,230
1216,21,382,2184600,916,486,430
1217,21,382,2184700,198,94,104
1218,21,382,2184800,193,106,87
1219,21,382,2184900,638,318,320
1220,21,382,2185000,746,374,372
1221,21,382,2185100,474,253,221
1222,21,382,2185200,1030,540,490
1223,21,382,2185300,174,87,87
1224,21,382,2185400,0,0,0
1225,21,382,2185500,363,199,164
1226,21,382,2185600,209,108,101
1227,21,382,2185700,0,0,0
1228,21,382,2185800,0,0,0
1229,21,382,2185900,1329,683,646
1230,21,382,2186000,230,115,115
1231,21,382,2186100,223,112,111
1232,21,382,2186200,1112,587,525
1233,21,382,2186300,0,0,0
1234,21,382,2186400,1292,679,613
1235,21,382,2186500,384,195,189
1236,21,382,2186600,36,18,18
1237,21,382,2186700,583,305,278
1238,21,382,2186800,0,0,0
1239,21,382,2186900,108,52,56
1240,21,382,2187000,38,17,21
1241,21,382,2187100,585,316,269
1242,21,382,2187200,327,169,158
1243,21,382,2187300,73,34,39
1244,21,382,2187400,525,263,262
1245,21,382,2187500,147,76,71
1246,21,382,2187600,537,290,247
1247,21,382,2187700,0,0,0
1248,21,382,2187800,1467,743,724
1249,21,382,2187900,523,265,258
1250,21,382,2188000,0,0,0
1251,21,382,2188100,0,0,0
1252,21,382,2188200,1399,715,684
1253,21,382,2188300,114,57,57
1254,21,382,2188400,906,451,455
1255,21,382,2188500,945,496,449
1256,21,382,2188600,249,129,120
1257,21,382,2188700,0,0,0
1258,21,382,2188800,248,134,114
1259,21,382,2188900,2,2,0
1260,21,382,2189000,993,492,501
1261,21,382,2189100,0,0,0
1262,21,382,2189200,301,146,155
1263,21,382,2189300,265,134,131
1264,21,382,2189400,594,297,297
1265,21,382,2189500,0,0,0
1266,21,382,2189600,0,0,0
1267,21,382,2189700,158,83,75
1268,21,382,2189800,585,313,272
1269,21,382,2189900,56,32,24
1270,21,382,2190000,0,0,0
1271,21,382,2190100,421,217,204
1272,21,382,2190200,0,0,0
1273,21,382,2190300,287,146,141
1274,21,382,2190400,2641,1330,1311
1275,21,382,2190500,162,84,78
1276,21,382,2190600,0,0,0
1277,21,382,2190700,0,0,0
1278,21,382,2190800,1504,787,717
1279,21,382,2190900,44,23,21
1280,21,382,2191000,0,0,0
1281,21,382,2191100,44,24,20
1282,21,382,2191200,1018,512,506
1283,21,382,2191300,696,358,338
1284,21,382,2191400,297,152,145
1285,21,382,2191500,301,150,151
1286,21,382,2191600,387,188,199
1287,21,382,2191700,100,45,55
1288,21,382,2191800,465,245,220
1289,21,382,2191900,1370,705,665
1290,21,382,2192000,305,147,158
1291,21,382,2192100,476,244,232
1292,21,382,2192200,1816,932,884
1293,21,382,2192300,181,84,97
1294,21,382,2192400,540,288,252
1295,21,382,2192500,308,165,143
1296,21,382,2192600,262,121,141
1297,21,382,2192700,0,0,0
1298,21,382,2192800,933,481,452
1299,21,382,2192900,231,128,103
1300,21,382,2193000,255,127,128
1301,21,382,2193100,120,64,56
1302,21,382,2193200,896,470,426
1303,21,382,2193300,75,39,36
1304,21,382,2193400,112,64,48
1305,21,382,2193500,331,175,156
1306,21,382,2193600,366,181,185
1307,21,382,2193700,744,398,346
1308,21,382,2193800,131,64,67
1309,21,382,2193900,486,233,253
1310,21,382,2194000,385,193,192
1311,21,382,2194100,371,197,174
1312,21,382,2194200,415,208,207
1313,21,382,2194300,421,215,206
1314,21,382,2194400,22,9,13
1315,21,382,2194500,283,146,137
1316,21,382,2194600,70,36,34
1317,21,382,2194700,415,215,200
1318,21,382,2194800,459,225,234
1319,21,382,2194900,91,49,42
1320,21,382,2195000,1135,597,538
1321,21,382,2195100,245,134,111
1322,21,382,2195200,257,127,130
1323,21,382,2195300,160,90,70
1324,21,382,2195400,433,232,201
1325,21,382,2195500,70,35,35
1326,21,382,2195600,114,63,51
1327,21,382,2195700,390,199,191
1328,21,382,2195800,322,156,166
1329,21,382,2195900,779,379,400
1330,21,382,2196000,275,143,132
1331,21,382,2196100,395,198,197
1332,21,382,2196200,1750,877,873
1333,21,382,2196300,1530,752,778
1334,21,382,2196400,2147,1106,1041
1335,21,382,2196500,610,324,286
1336,21,382,2196600,2098,1073,1025
1337,21,382,2196700,210,110,100
1338,21,382,2196800,3512,1802,1710
1339,21,382,2196900,5382,2762,2620
1340,21,382,2197000,401,212,189
1341,21,382,2197100,739,368,371
1342,21,382,2197200,249,135,114
1343,21,382,2197300,28,14,14
1344,21,382,2197400,1030,542,488
1345,21,382,2197500,204,110,94
1346,21,382,2197600,275,134,141
1347,21,382,2197700,0,0,0
1348,21,382,2197800,297,146,151
1349,21,382,2197900,1077,544,533
1350,21,382,2198000,346,181,165
1351,21,382,2198100,365,199,166
1352,21,382,2198200,462,240,222
1353,21,382,2198300,837,430,407
1354,21,382,2198400,1197,614,583
1355,21,382,2198500,866,434,432
1356,21,382,2198600,476,240,236
1357,21,382,2198700,361,193,168
1358,21,382,2198800,505,253,252
1359,21,382,2198900,413,210,203
1360,21,382,2199000,450,228,222
1361,21,382,2199100,608,303,305
1362,21,382,2199200,469,243,226
1363,21,382,2199300,557,259,298
1364,21,382,2199400,567,278,289
1365,21,382,2199500,0,0,0
1366,21,382,2199600,1565,813,752
1367,21,382,2199700,817,413,404
1368,21,382,2199800,1153,593,560
1369,21,382,2199900,793,412,381
1370,21,382,2200000,3058,1564,1494
1371,21,382,2200100,661,347,314
1372,21,382,2200200,868,428,440
1373,21,382,2200300,409,227,182
1374,21,382,2200400,1457,756,701
1375,21,382,2200500,0,0,0
1376,21,382,2200600,2785,1439,1346
1377,21,382,2200700,117,60,57
1378,21,382,2200800,674,336,338
1379,21,382,2200900,2968,1507,1461
1380,21,382,2201000,2064,1054,1010
1381,21,382,2201100,234,118,116
1382,21,382,2201200,872,441,431
1383,21,382,2201300,630,318,312
1384,21,382,2201400,349,181,168
1385,21,382,2201500,1784,909,875
1386,21,382,2201600,367,169,198
1387,21,382,2201700,1700,863,837
1388,21,382,2201800,402,216,186
1389,21,382,2201900,936,466,470
1390,21,382,2202000,813,423,390
1391,21,382,2202100,892,459,433
1392,21,382,2202200,809,404,405
1393,21,382,2202300,576,301,275
1394,21,382,2202400,2029,1017,1012
1395,21,382,2202500,1260,679,581
1396,21,382,2202600,4385,2265,2120
1397,21,382,2202700,786,408,378
1398,21,382,2202800,179,91,88
1399,21,382,2202900,188,102,86
1400,21,382,2203000,0,0,0
1401,21,382,2203100,1883,972,911
1402,21,382,2203200,0,0,0
1403,21,382,2203300,0,0,0
1404,21,382,2203400,913,457,456
1405,21,382,2203500,0,0,0
1406,21,382,2203600,0,0,0
1407,21,382,2203700,644,322,322
1408,21,382,2203800,595,315,280
1409,21,382,2203900,238,126,112
1410,21,382,2204000,459,239,220
1411,21,382,2204100,0,0,0
1412,21,382,2204200,1305,679,626
1413,21,382,2204300,476,262,214
1414,21,382,2204400,103,50,53
1415,21,382,2204500,98,50,48
1416,21,382,2204600,0,0,0
1417,21,382,2204700,995,511,484
1418,21,382,2204800,1555,792,763
1419,21,382,2204900,830,430,400
1420,21,382,2205000,209,109,100
1421,21,382,2205100,915,496,419
1422,21,382,2205200,614,325,289
1423,21,382,2205300,1276,642,634
1424,21,382,2205400,653,333,320
1425,21,382,2205500,1199,601,598
1426,21,382,2205600,718,363,355
1427,21,382,2205700,561,299,262
1428,21,382,2205800,454,243,211
1429,21,382,2205900,163,79,84
1430,21,382,2206000,635,316,319
1431,21,382,2206100,169,91,78
1432,21,382,2206200,1232,610,622
1433,21,382,2206300,778,398,380
1434,21,382,2206400,860,442,418
1435,21,382,2206500,235,110,125
1436,21,382,2206600,373,185,188
1437,21,382,2206700,846,423,423
1438,21,382,2206800,19,6,13
1439,21,382,2206900,519,277,242
1440,21,382,2207000,1948,998,950
1441,21,382,2207100,303,150,153
1442,21,382,2207200,512,255,257
1443,21,382,2207300,199,99,100
1444,21,382,2207400,574,312,262
1445,21,382,2207500,366,186,180
1446,21,382,2207600,1008,524,484
1447,21,382,2207700,879,440,439
1448,21,382,2207800,0,0,0
1449,21,382,2207900,1617,848,769
1450,21,382,2208000,192,114,78
1451,21,382,2208100,901,454,447
1452,21,382,2208200,148,70,78
1453,21,382,2208300,907,436,471
1454,21,382,2208400,74,39,35
1455,21,382,2208500,1465,743,722
1456,21,382,2208600,827,418,409
1457,21,382,2208700,644,322,322
1458,21,382,2208800,1445,724,721
1459,21,382,2208900,560,267,293
1460,21,382,2209000,128,70,58
1461,21,382,2209100,1631,857,774
1462,21,382,2209200,87,33,54
1463,21,382,2209300,666,348,318
1464,21,382,2209400,92,41,51
1465,21,382,2209500,396,202,194
1466,21,382,2209600,556,284,272
1467,21,382,2209700,444,195,249
1468,21,382,2209800,1789,884,905
1469,21,382,2209900,1065,515,550
1470,21,382,2210000,802,421,381
1471,21,382,2210100,0,0,0
1472,21,382,2210200,284,144,140
1473,21,382,2210300,283,150,133
1474,21,382,2210400,685,351,334
1475,21,382,2210500,538,279,259
1476,21,382,2210600,1840,944,896
1477,21,382,2210700,587,304,283
1478,21,382,2210800,409,222,187
1479,21,382,2210900,0,0,0
1480,21,382,2211000,959,513,446
1481,21,382,2211100,0,0,0
1482,21,382,2211200,146,70,76
1483,21,382,2211300,616,330,286
1484,21,382,2211400,0,0,0
1485,21,382,2211500,222,109,113
1486,21,382,2211600,202,99,103
1487,21,382,2211700,1160,592,568
1488,21,382,2211800,333,183,150
1489,21,382,2211900,840,436,404
1490,21,382,2212000,514,252,262
1491,21,382,2212100,210,114,96
1492,21,382,2212200,609,310,299
1493,21,382,2212300,574,308,266
1494,21,382,2212400,91,47,44
1495,21,382,2212500,0,0,0
1496,21,382,2212600,1157,604,553
1497,21,382,2212700,146,75,71
1498,21,382,2212800,127,62,65
1499,21,382,2212900,292,148,144
1500,21,382,2213000,2181,1104,1077
1501,21,382,2213100,0,0,0
1502,21,382,2213200,0,0,0
1503,21,382,2213300,0,0,0
1504,21,382,2213400,0,0,0
1505,21,382,2213500,227,117,110
1506,21,382,2213600,0,0,0
1507,21,382,2213700,1414,755,659
1508,21,382,2213800,792,406,386
1509,21,382,2213900,666,347,319
1510,21,382,2214000,500,259,241
1511,21,382,2214100,414,224,190
1512,21,382,2214200,675,353,322
1513,21,382,2214300,1176,599,577
1514,21,382,2214400,1,0,1
1515,21,382,2214500,0,0,0
1516,21,382,2214600,375,193,182
1517,21,382,2214700,708,357,351
1518,21,382,2214800,901,452,449
1519,21,382,2214900,62,32,30
1520,21,382,2215000,249,139,110
1521,21,382,2215100,814,433,381
1522,21,382,2215200,0,0,0
1523,21,382,2215300,3366,1735,1631
1524,21,382,2215400,0,0,0
1525,21,382,2215500,0,0,0
1526,21,382,2215600,200,109,91
1527,21,382,2215700,1164,603,561
1528,21,382,2215800,567,289,278
1529,21,382,2215900,1503,747,756
1530,21,382,2216000,933,481,452
1531,21,382,2216100,222,103,119
1532,21,382,2216200,888,438,450
1533,21,382,2216300,2262,1091,1171
1534,21,382,2216400,363,206,157
1535,21,382,2216500,0,0,0
1536,21,382,2216600,398,203,195
1537,21,382,2216700,2293,1172,1121
1538,21,382,2216800,222,123,99
1539,21,382,2216900,2822,1463,1359
1540,21,382,2217000,1186,609,577
1541,21,382,2217100,0,0,0
1542,21,382,2217200,210,99,111
1543,21,382,2217300,416,199,217
1544,21,382,2217400,0,0,0
1545,21,382,2217500,1596,799,797
1546,21,382,2217600,12,5,7
1547,21,382,2217700,536,278,258
1548,21,382,2217800,429,210,219
1549,21,382,2217900,324,160,164
1550,21,382,2218000,16,10,6
1551,21,382,2218100,349,186,163
1552,21,382,2218200,92,50,42
1553,21,382,2218300,0,0,0
1554,21,382,2218400,131,71,60
1555,21,382,2218500,2157,1072,1085
1556,21,382,2218600,293,158,135
1557,21,382,2218700,249,131,118
1558,21,382,2218800,1800,923,877
1559,21,382,2218900,130,70,60
1560,21,382,2219000,0,0,0
1561,21,382,2219100,1063,549,514
1562,21,382,2219200,298,147,151
1563,21,382,2219300,345,185,160
1564,21,382,2219400,322,164,158
1565,21,382,2219500,374,192,182
1566,21,382,2219600,324,165,159
1567,21,382,2219700,316,160,156
1568,21,382,2219800,516,258,258
1569,21,382,2219900,849,445,404
1570,21,382,2220000,122,64,58
1571,21,382,2220100,0,0,0
1572,21,382,2220200,260,135,125
1573,21,382,2220300,0,0,0
1574,21,382,2220400,0,0,0
1575,21,382,2220500,614,311,303
1576,21,382,2220600,42,20,22
1577,21,382,2220700,13,8,5
1578,21,382,2220800,493,266,227
1579,21,382,2220900,0,0,0
1580,21,382,2221000,0,0,0
1581,21,382,2221100,401,203,198
1582,21,382,2221200,156,77,79
1583,21,382,2221300,0,0,0
1584,21,382,2221400,720,359,361
1585,21,382,2221500,175,88,87
1586,21,382,2221600,35,16,19
1587,21,382,2221700,7,2,5
1588,21,382,2221800,483,246,237
1589,21,382,2221900,195,104,91
1590,21,382,2222000,507,256,251
1591,21,382,2222100,157,73,84
1592,21,382,2222200,0,0,0
1593,21,382,2222300,592,302,290
1594,21,382,2222400,863,433,430
1595,21,382,2222500,0,0,0
1596,21,382,2222600,132,66,66
1597,21,382,2222700,500,256,244
1598,21,382,2222800,169,84,85
1599,21,382,2222900,418,212,206
1600,21,382,2223000,869,456,413
1601,21,382,2223100,312,158,154
1602,21,382,2223200,530,257,273
1603,21,382,2223300,152,75,77
1604,21,382,2223400,287,149,138
1605,21,382,2223500,158,77,81
1606,21,382,2223600,0,0,0
1607,21,382,2223700,618,331,287
1608,21,382,2223800,247,117,130
1609,21,382,2223900,1044,548,496
1610,21,382,2224000,142,68,74
1611,21,382,2224100,0,0,0
1612,21,382,2224200,600,301,299
1613,21,382,2224300,620,304,316
1614,21,382,2224400,0,0,0
1615,21,382,2224500,0,0,0
1616,21,382,2224600,0,0,0
1617,21,382,2224700,291,141,150
1618,21,382,2224800,304,157,147
1619,21,382,2224900,0,0,0
1620,21,382,2225000,158,90,68
1621,21,382,2225100,653,344,309
1622,21,382,2225200,523,270,253
1623,21,382,2225300,345,181,164
1624,21,382,2225400,347,181,166
1625,21,382,2225500,848,418,430
1626,21,382,2225600,0,0,0
1627,21,382,2225700,306,167,139
1628,21,382,2225800,0,0,0
1629,21,382,2225900,1812,904,908
1630,21,382,2226000,50,26,24
1631,21,382,2226100,9,5,4
1632,21,382,2226200,461,249,212
1633,21,382,2226300,485,243,242
1634,21,382,2226400,1034,511,523
1635,21,382,2226500,364,185,179
1636,21,382,2226600,2278,1150,1128
1637,21,382,2226700,1880,902,978
1638,21,382,2226800,946,457,489
1639,21,382,2226900,1173,600,573
1640,21,382,2227000,1608,812,796
1641,21,382,2227100,3066,1514,1552
1642,21,382,2227200,1204,609,595
1643,21,382,2227300,214,107,107
1644,21,382,2227400,239,115,124
1645,21,382,2227500,2088,1114,974
1646,21,382,2227600,721,358,363
1647,21,382,2227700,0,0,0
1648,21,382,2227800,103,54,49
1649,21,382,2227900,553,288,265
1650,21,382,2228000,485,246,239
1651,21,382,2228100,0,0,0
1652,21,382,2228200,271,138,133
1653,21,382,2228300,0,0,0
1654,21,382,2228400,272,134,138
1655,21,382,2228500,891,452,439
1656,21,382,2228600,475,242,233
1657,21,382,2228700,463,239,224
1658,21,382,2228800,133,58,75
1659,21,382,2228900,0,0,0
1660,21,382,2229000,0,0,0
1661,21,382,2229100,0,0,0
1662,21,382,2229200,422,213,209
1663,21,382,2229300,0,0,0
1664,21,382,2229400,0,0,0
1665,21,382,2229500,0,0,0
1666,21,382,2229600,744,384,360
1667,21,382,2229700,526,292,234
1668,21,382,2229800,140,77,63
1669,21,382,2229900,243,125,118
1670,21,382,2230000,0,0,0
1671,21,382,2230100,181,87,94
1672,21,382,2230200,319,169,150
1673,21,382,2230300,514,257,257
1674,21,382,2230400,245,120,125
1675,21,382,2230500,366,192,174
1676,21,382,2230600,0,0,0
1677,21,382,2230700,78,36,42
1678,21,382,2230800,600,313,287
1679,21,382,2230900,255,129,126
1680,21,382,2231000,1824,934,890
1681,21,382,2231100,539,264,275
1682,21,382,2231200,681,339,342
1683,21,382,2231300,140,66,74
1684,21,382,2231400,171,81,90
1685,21,382,2231500,122,60,62
1686,21,382,2231600,257,129,128
1687,21,382,2231700,433,216,217
1688,21,382,2231800,327,157,170
1689,21,382,2231900,0,0,0
1690,21,382,2232000,0,0,0
1691,21,382,2232100,1358,702,656
1692,21,382,2232200,82,37,45
1693,21,382,2232300,0,0,0
1694,21,382,2232400,900,453,447
1695,21,382,2232500,0,0,0
1696,21,382,2232600,708,368,340
1697,21,382,2232700,303,170,133
1698,21,382,2232800,494,262,232
1699,21,382,2232900,17,15,2
1700,21,382,2233000,345,176,169
1701,21,382,2233100,570,281,289
1702,21,382,2233200,351,175,176
1703,21,382,2233300,228,115,113
1704,21,382,2233400,624,319,305
1705,21,382,2233500,421,204,217
1706,21,382,2233600,240,118,122
1707,21,382,2233700,93,49,44
1708,21,382,2233800,1209,610,599
1709,21,382,2233900,357,183,174
1710,21,382,2234000,0,0,0
1711,21,382,2234100,0,0,0
1712,21,382,2234200,0,0,0
1713,21,382,2234300,328,173,155
1714,21,382,2234400,0,0,0
1715,21,382,2234500,0,0,0
1716,21,382,2234600,354,179,175
1717,21,382,2234700,339,178,161
1718,21,382,2234800,737,348,389
1719,21,382,2234900,740,369,371
1720,21,382,2235000,0,0,0
1721,21,382,2235100,149,78,71
1722,21,382,2235200,2064,1036,1028
1723,21,382,2235300,2157,1098,1059
1724,21,382,2235400,2295,1177,1118
1725,21,382,2235500,7272,3633,3639
1726,21,382,2235600,625,334,291
1727,21,382,2235700,3085,1590,1495
1728,21,382,2235800,181,88,93
1729,21,382,2235900,977,494,483
1730,21,382,2236000,2263,1074,1189
1731,21,382,2236100,2345,1177,1168
1732,21,382,2236200,1233,649,584
1733,21,382,2236300,1025,517,508
1734,21,382,2236400,1465,707,758
1735,21,382,2236500,991,502,489
1736,21,382,2236600,204,104,100
1737,21,382,2236700,567,286,281
1738,21,382,2236800,1427,714,713
1739,21,382,2236900,1073,533,540
1740,21,382,2237000,0,0,0
1741,21,382,2237100,0,0,0
1742,21,382,2237200,0,0,0
1743,21,382,2237300,331,164,167
1744,21,382,2237400,409,210,199
1745,21,382,2237500,281,140,141
1746,21,382,2237600,689,318,371
1747,21,382,2237700,3920,1959,1961
1748,21,382,2237800,0,0,0
1749,21,382,2237900,317,163,154
1750,21,382,2238000,10,5,5
1751,21,382,2238100,441,222,219
1752,21,382,2238200,70,37,33
1753,21,382,2238300,0,0,0
1754,21,382,2238400,461,235,226
1755,21,382,2238500,485,246,239
1756,21,382,2238600,297,145,152
1757,21,382,2238700,512,251,261
1758,21,382,2238800,25,11,14
1759,21,382,2238900,3608,1855,1753
1760,21,382,2239000,0,0,0
1761,21,382,2239100,0,0,0
1762,21,382,2239200,127,66,61
1763,21,382,2239300,522,255,267
1764,21,382,2239400,0,0,0
1765,21,382,2239500,0,0,0
1766,21,382,2239600,0,0,0
1767,21,382,2239700,0,0,0
1768,21,382,2239800,111,65,46
1769,21,382,2239900,0,0,0
1770,21,382,2240000,0,0,0
1771,21,382,2240100,0,0,0
1772,21,382,2240200,0,0,0
1773,21,382,2240300,321,169,152
1774,21,382,2240400,0,0,0
1775,21,382,2240500,0,0,0
1776,21,382,2240600,0,0,0
1777,21,382,2240700,661,353,308
