,Statecode,Districtcode,VillageCode,Population,Males,Females
0,21,29,4827700,672,317,355
1,21,29,4827800,757,400,357
2,21,29,4827900,1042,514,528
3,21,29,4828000,924,453,471
4,21,29,4828100,1027,489,538
5,21,29,4828200,296,154,142
6,21,29,4828300,250,119,131
7,21,29,4828400,754,386,368
8,21,29,4828500,1789,941,848
9,21,29,4828600,203,104,99
10,21,29,4828700,1265,642,623
11,21,29,4828800,1430,744,686
12,21,29,4828900,586,291,295
13,21,29,4829000,134,63,71
14,21,29,4829100,428,222,206
15,21,29,4829200,4326,2172,2154
16,21,29,4829300,104,50,54
17,21,29,4829400,338,177,161
18,21,29,4829500,1151,596,555
19,21,29,4829600,1072,518,554
20,21,29,4829700,1951,975,976
21,21,29,4829800,1741,876,865
22,21,29,4829900,1401,680,721
23,21,29,4830000,860,418,442
24,21,29,4830100,902,458,444
25,21,29,4830200,1008,496,512
26,21,29,4830300,1167,582,585
27,21,29,4830400,436,201,235
28,21,29,4830500,1065,530,535
29,21,29,4830600,364,180,184
30,21,29,4830700,520,263,257
31,21,29,4830800,1263,647,616
32,21,29,4830900,600,302,298
33,21,29,4831000,201,109,92
34,21,29,4831100,1165,575,590
35,21,29,4831200,270,132,138
36,21,29,4831300,483,239,244
37,21,29,4831400,310,172,138
38,21,29,4831500,568,269,299
39,21,29,4831600,554,278,276
40,21,29,4831700,2360,1181,1179
41,21,29,4831800,789,395,394
42,21,29,4831900,391,179,212
43,21,29,4832000,776,391,385
44,21,29,4832100,1027,523,504
45,21,29,4832200,515,261,254
46,21,29,4832300,235,121,114
47,21,29,4832400,0,0,0
48,21,29,4832500,1512,779,733
49,21,29,4832600,189,103,86
50,21,29,4832700,603,292,311
51,21,29,4832800,763,368,395
52,21,29,4832900,333,162,171
53,21,29,4833000,1651,830,821
54,21,29,4833100,754,430,324
55,21,29,4833200,0,0,0
56,21,29,4833300,635,325,310
57,21,29,4833400,1573,793,780
58,21,29,4833500,1094,541,553
59,21,29,4833600,632,327,305
60,21,29,4833700,293,142,151
61,21,29,4833800,0,0,0
62,21,29,4833900,375,193,182
63,21,29,4834000,0,0,0
64,21,29,4834100,0,0,0
65,21,29,4834200,437,215,222
66,21,29,4834300,368,176,192
67,21,29,4834400,561,279,282
68,21,29,4834500,266,142,124
69,21,29,4834600,431,214,217
70,21,29,4834700,725,357,368
71,21,29,4834800,189,104,85
72,21,29,4834900,227,131,96
73,21,29,4835000,339,167,172
74,21,29,4835100,800,386,414
75,21,29,4835200,676,336,340
76,21,29,4835300,79,44,35
77,21,29,4835400,1004,525,479
78,21,29,4835500,282,145,137
79,21,29,4835600,293,144,149
80,21,29,4835700,1745,860,885
81,21,29,4835800,531,270,261
82,21,29,4835900,582,288,294
83,21,29,4836000,293,131,162
84,21,29,4836100,157,70,87
85,21,29,4836200,1146,603,543
86,21,29,4836300,335,166,169
87,21,29,4836400,706,355,351
88,21,29,4836500,674,323,351
89,21,29,4836600,52,27,25
90,21,29,4836700,109,54,55
91,21,29,4836800,414,203,211
92,21,29,4836900,1054,535,519
93,21,29,4837000,603,298,305
94,21,29,4837100,1060,519,541
95,21,29,4837200,0,0,0
96,21,29,4837300,291,144,147
97,21,29,4837400,235,124,111
98,21,29,4837500,0,0,0
99,21,29,4837600,1478,736,742
100,21,29,4837700,546,270,276
101,21,29,4837800,561,258,303
102,21,29,4837900,311,159,152
103,21,29,4838000,1119,555,564
104,21,29,4838100,502,261,241
105,21,29,4838200,280,136,144
106,21,29,4838300,273,142,131
107,21,29,4838400,1097,566,531
108,21,29,4838500,1858,916,942
109,21,29,4838600,1222,610,612
110,21,29,4838700,0,0,0
111,21,29,4838800,0,0,0
112,21,29,4838900,0,0,0
113,21,29,4839000,942,479,463
114,21,29,4839100,161,83,78
115,21,29,4839200,743,381,362
116,21,29,4839300,1800,897,903
117,21,29,4839400,2068,1061,1007
118,21,29,4839500,903,442,461
119,21,29,4839600,791,406,385
120,21,29,4839700,50,28,22
121,21,29,4839800,464,231,233
122,21,29,4839900,39,19,20
123,21,29,4840000,886,436,450
124,21,29,4840100,131,62,69
125,21,29,4840200,589,310,279
126,21,29,4840300,720,359,361
127,21,29,4840400,868,442,426
128,21,29,4840500,437,229,208
129,21,29,4840600,1190,599,591
130,21,29,4840700,976,513,463
131,21,29,4840800,1079,540,539
132,21,29,4840900,631,309,322
133,21,29,4841000,882,445,437
134,21,29,4841100,328,167,161
135,21,29,4841200,1058,556,502
136,21,29,4841300,374,186,188
137,21,29,4841400,1124,552,572
138,21,29,4841500,841,409,432
139,21,29,4841600,545,263,282
140,21,29,4841700,806,413,393
141,21,29,4841800,788,386,402
142,21,29,4841900,529,260,269
143,21,29,4842000,300,151,149
144,21,29,4842100,423,212,211
145,21,29,4842200,194,88,106
146,21,29,4842300,240,124,116
147,21,29,4842400,340,157,183
148,21,29,4842500,360,172,188
149,21,29,4842600,491,249,242
150,21,29,4842700,171,77,94
151,21,29,4842800,277,131,146
152,21,29,4842900,3696,1874,1822
153,21,29,4843000,569,274,295
154,21,29,4843100,1036,525,511
155,21,29,4843200,256,123,133
156,21,29,4843300,1877,939,938
157,21,29,4843400,888,424,464
158,21,29,4843500,1203,599,604
159,21,29,4843600,1016,505,511
160,21,29,4843700,818,410,408
161,21,29,4843800,538,262,276
162,21,29,4843900,876,427,449
163,21,29,4844000,473,235,238
164,21,29,4844100,977,478,499
165,21,29,4844200,999,487,512
166,21,29,4844300,511,251,260
167,21,29,4844400,41,20,21
168,21,29,4844500,6518,3356,3162
169,21,29,4844600,731,354,377
170,21,29,4844700,462,212,250
171,21,29,4844800,345,160,185
172,21,29,4844900,1956,986,970
173,21,29,4845000,554,256,298
174,21,29,4845100,153,72,81
175,21,29,4845200,1348,659,689
176,21,29,4845300,1095,560,535
177,21,29,4845400,358,180,178
178,21,29,4845500,950,474,476
179,21,29,4845600,171,76,95
180,21,29,4845700,343,172,171
181,21,29,4845800,676,350,326
182,21,29,4845900,870,426,444
183,21,29,4846000,494,249,245
184,21,29,4846100,602,304,298
185,21,29,4846200,1293,679,614
186,21,29,4846300,2561,1272,1289
187,21,29,4846400,469,230,239
188,21,29,4846500,290,145,145
189,21,29,4846600,382,187,195
190,21,29,4846700,1801,851,950
191,21,29,4846800,1445,717,728
192,21,29,4846900,1776,867,909
193,21,29,4847000,1283,635,648
194,21,29,4847100,693,336,357
195,21,29,4847200,552,277,275
196,21,29,4847300,879,432,447
197,21,29,4847400,531,257,274
198,21,29,4847500,360,165,195
199,21,29,4847600,256,112,144
200,21,29,4847700,402,187,215
201,21,29,4847800,210,97,113
202,21,29,4847900,466,203,263
203,21,29,4848000,450,214,236
204,21,29,4848100,513,253,260
205,21,29,4848200,918,458,460
206,21,29,4848300,1014,523,491
207,21,29,4848400,0,0,0
208,21,29,4848500,192,98,94
209,21,29,4848600,555,267,288
210,21,29,4848700,467,227,240
211,21,29,4848800,743,356,387
212,21,29,4848900,1881,958,923
213,21,29,4849000,1269,638,631
214,21,29,4849100,2788,1410,1378
215,21,29,4849200,1049,564,485
216,21,29,4849300,353,159,194
217,21,29,4849400,415,226,189
218,21,29,4849500,980,476,504
219,21,29,4849600,363,172,191
220,21,29,4849700,229,105,124
221,21,29,4849800,1001,484,517
222,21,29,4849900,458,219,239
223,21,29,4850000,49,20,29
224,21,29,4850100,789,357,432
225,21,29,4850200,149,67,82
226,21,29,4850300,199,109,90
227,21,29,4850400,1000,492,508
228,21,29,4850500,744,358,386
229,21,29,4850600,1007,545,462
230,21,29,4850700,909,435,474
231,21,29,4850800,464,234,230
232,21,29,4850900,2239,1143,1096
233,21,29,4851000,1915,920,995
234,21,29,4851100,478,222,256
235,21,29,4851200,690,349,341
236,21,29,4851300,152,64,88
237,21,29,4851400,88,43,45
238,21,29,4851500,500,261,239
239,21,29,4851600,78,36,42
240,21,29,4851700,437,214,223
241,21,29,4851800,156,82,74
242,21,29,4851900,104,54,50
243,21,29,4852000,191,104,87
244,21,29,4852100,1004,466,538
245,21,29,4852200,296,150,146
246,21,29,4852300,1285,645,640
247,21,29,4852400,1061,515,546
248,21,29,4852500,625,306,319
249,21,29,4852600,1550,774,776
250,21,29,4852700,249,131,118
251,21,29,4852800,807,410,397
252,21,29,4852900,1039,512,527
253,21,29,4853000,385,211,174
254,21,29,4853100,725,369,356
255,21,29,4853200,180,84,96
256,21,29,4853300,161,79,82
257,21,29,4853400,215,115,100
258,21,29,4853500,352,176,176
259,21,29,4853600,331,158,173
260,21,29,4853700,475,231,244
261,21,29,4853800,254,127,127
262,21,29,4853900,452,227,225
263,21,29,4854000,2355,1156,1199
264,21,29,4854100,212,106,106
265,21,29,4854200,437,223,214
266,21,29,4854300,329,164,165
267,21,29,4854400,366,189,177
268,21,29,4854500,144,69,75
269,21,29,4854600,277,134,143
270,21,29,4854700,514,242,272
271,21,29,4854800,260,123,137
272,21,29,4854900,409,205,204
273,21,29,4855000,986,486,500
274,21,29,4855100,517,270,247
275,21,29,4855200,211,100,111
276,21,29,4855300,0,0,0
277,21,29,4855400,0,0,0
278,21,29,4855500,189,85,104
279,21,29,4855600,0,0,0
280,21,29,4855700,142,55,87
281,21,29,4855800,409,195,214
282,21,29,4855900,255,124,131
283,21,29,4856000,0,0,0
284,21,29,4856100,0,0,0
285,21,29,4856200,535,256,279
286,21,29,4856300,0,0,0
287,21,29,4856400,70,31,39
288,21,29,4856500,7,3,4
289,21,29,4856600,145,69,76
290,21,29,4856700,255,123,132
291,21,29,4856800,38,18,20
292,21,29,4856900,48,24,24
293,21,29,4857000,128,67,61
294,21,29,4857100,210,102,108
295,21,29,4857200,208,104,104
296,21,29,4857300,235,117,118
297,21,29,4857400,607,293,314
298,21,29,4857500,747,367,380
299,21,29,4857600,263,126,137
300,21,29,4857700,104,58,46
301,21,29,4857800,102,52,50
302,21,29,4857900,548,272,276
303,21,29,4858000,118,51,67
304,21,29,4858100,260,121,139
305,21,29,4858200,275,138,137
306,21,29,4858300,592,306,286
307,21,29,4858400,194,103,91
308,21,29,4858500,171,84,87
309,21,29,4858600,212,110,102
310,21,29,4858700,550,275,275
311,21,29,4858800,680,336,344
312,21,29,4858900,245,123,122
313,21,29,4859000,549,249,300
314,21,29,4859100,191,90,101
315,21,29,4859200,397,202,195
316,21,29,4859300,276,126,150
317,21,29,4859400,486,241,245
318,21,29,4859500,378,176,202
319,21,29,4859600,494,247,247
320,21,29,4859700,166,80,86
321,21,29,4859800,192,94,98
322,21,29,4859900,201,92,109
323,21,29,4860000,327,154,173
324,21,29,4860100,418,219,199
325,21,29,4860200,70,41,29
326,21,29,4860300,0,0,0
327,21,29,4860400,87,42,45
328,21,29,4860500,0,0,0
329,21,29,4860600,0,0,0
330,21,29,4860700,9,5,4
331,21,29,4860800,0,0,0
332,21,29,4860900,0,0,0
333,21,29,4861000,147,57,90
334,21,29,4861100,36,17,19
335,21,29,4861200,195,100,95
336,21,29,4861300,116,58,58
337,21,29,4861400,0,0,0
338,21,29,4861500,684,340,344
339,21,29,4861600,142,69,73
340,21,29,4861700,167,76,91
341,21,29,4861800,5,1,4
342,21,29,4861900,287,145,142
343,21,29,4862000,1025,506,519
344,21,29,4862100,156,83,73
345,21,29,4862200,131,63,68
346,21,29,4862300,180,96,84
347,21,29,4862400,1040,488,552
348,21,29,4862500,113,61,52
349,21,29,4862600,186,89,97
350,21,29,4862700,125,57,68
351,21,29,4862800,1596,813,783
352,21,29,4862900,108,50,58
353,21,29,4863000,733,367,366
354,21,29,4863100,310,164,146
355,21,29,4863200,524,271,253
356,21,29,4863300,260,122,138
357,21,29,4863400,161,84,77
358,21,29,4863500,647,314,333
359,21,29,4863600,86,41,45
360,21,29,4863700,0,0,0
361,21,29,4863800,249,118,131
362,21,29,4863900,462,219,243
363,21,29,4864000,493,235,258
364,21,29,4864100,1308,647,661
365,21,29,4864200,303,145,158
366,21,29,4864300,41,20,21
367,21,29,4864400,55,26,29
368,21,29,4864500,30,19,11
369,21,29,4864600,270,138,132
370,21,29,4864700,159,83,76
371,21,29,4864800,11,4,7
372,21,29,4864900,604,340,264
373,21,29,4865000,846,433,413
374,21,29,4865100,659,319,340
375,21,29,4865200,318,150,168
376,21,29,4865300,270,129,141
377,21,29,4865400,347,183,164
378,21,29,4865500,340,177,163
379,21,29,4865600,32,16,16
380,21,29,4865700,212,108,104
381,21,29,4865800,178,85,93
382,21,29,4865900,97,45,52
383,21,29,4866000,758,368,390
384,21,29,4866100,2214,1101,1113
385,21,29,4866200,197,104,93
386,21,29,4866300,856,418,438
387,21,29,4866400,170,85,85
388,21,29,4866500,69,29,40
389,21,29,4866600,975,489,486
390,21,29,4866700,163,79,84
391,21,29,4866800,1131,553,578
392,21,29,4866900,330,173,157
393,21,29,4867000,1271,641,630
394,21,29,4867100,139,67,72
395,21,29,4867200,350,167,183
396,21,29,4867300,278,147,131
397,21,29,4867400,315,165,150
398,21,29,4867500,69,31,38
399,21,29,4867600,194,94,100
400,21,29,4867700,57,22,35
401,21,29,4867800,378,187,191
402,21,29,4867900,131,69,62
403,21,29,4868000,955,467,488
404,21,29,4868100,604,296,308
405,21,29,4868200,216,100,116
406,21,29,4868300,122,59,63
407,21,29,4868400,167,85,82
408,21,29,4868500,419,197,222
409,21,29,4868600,0,0,0
410,21,29,4868700,892,435,457
411,21,29,4868800,287,137,150
412,21,29,4868900,350,169,181
413,21,29,4869000,263,128,135
414,21,29,4869100,999,494,505
415,21,29,4869200,281,129,152
416,21,29,4869300,48,21,27
417,21,29,4869400,157,76,81
418,21,29,4869500,705,332,373
419,21,29,4869600,54,24,30
420,21,29,4869700,1094,592,502
421,21,29,4869800,1046,505,541
422,21,29,4869900,385,192,193
423,21,29,4870000,707,341,366
424,21,29,4870100,504,238,266
425,21,29,4870200,783,377,406
426,21,29,4870300,324,181,143
427,21,29,4870400,201,97,104
428,21,29,4870500,52,27,25
429,21,29,4870600,19,11,8
430,21,29,4870700,395,184,211
431,21,29,4870800,88,42,46
432,21,29,4870900,106,60,46
433,21,29,4871000,392,198,194
434,21,29,4871100,449,211,238
435,21,29,4871200,317,150,167
436,21,29,4871300,797,394,403
437,21,29,4871400,38,15,23
438,21,29,4871500,609,313,296
439,21,29,4871600,696,354,342
440,21,29,4871700,81,37,44
441,21,29,4871800,1299,695,604
442,21,29,4871900,137,68,69
443,21,29,4872000,63,33,30
444,21,29,4872100,152,74,78
445,21,29,4872200,97,46,51
446,21,29,4872300,313,161,152
447,21,29,4872400,2352,1165,1187
448,21,29,4872500,96,46,50
449,21,29,4872600,418,212,206
450,21,29,4872700,336,173,163
451,21,29,4872800,372,184,188
452,21,29,4872900,233,112,121
453,21,29,4873000,1154,587,567
454,21,29,4873100,281,131,150
455,21,29,4873200,415,208,207
456,21,29,4873300,97,41,56
457,21,29,4873400,143,75,68
458,21,29,4873500,278,131,147
459,21,29,4873600,0,0,0
460,21,29,4873700,453,255,198
461,21,29,4873800,27,16,11
462,21,29,4873900,117,60,57
463,21,29,4874000,962,477,485
464,21,29,4874100,624,303,321
465,21,29,4874200,353,185,168
466,21,29,4874300,222,112,110
467,21,29,4874400,206,108,98
468,21,29,4874500,247,121,126
469,21,29,4874600,242,118,124
470,21,29,4874700,65,31,34
471,21,29,4874800,370,185,185
472,21,29,4874900,379,209,170
473,21,29,4875000,1186,571,615
474,21,29,4875100,423,208,215
475,21,29,4875200,241,116,125
476,21,29,4875300,245,115,130
477,21,29,4875400,242,118,124
478,21,29,4875500,266,142,124
479,21,29,4875600,318,156,162
480,21,29,4875700,833,418,415
481,21,29,4875800,520,259,261
482,21,29,4875900,612,294,318
483,21,29,4876000,210,108,102
484,21,29,4876100,302,143,159
485,21,29,4876200,226,112,114
486,21,29,4876300,100,38,62
487,21,29,4876400,388,194,194
488,21,29,4876500,291,142,149
489,21,29,4876600,256,121,135
490,21,29,4876700,342,173,169
491,21,29,4876800,77,41,36
492,21,29,4876900,120,58,62
493,21,29,4877000,245,121,124
494,21,29,4877100,197,96,101
495,21,29,4877200,62,31,31
496,21,29,4877300,184,89,95
497,21,29,4877400,30,13,17
498,21,29,4877500,54,28,26
499,21,29,4877600,189,90,99
500,21,29,4877700,172,85,87
501,21,29,4877800,200,100,100
502,21,29,4877900,906,446,460
503,21,29,4878000,289,124,165
504,21,29,4878100,0,0,0
505,21,29,4878200,515,249,266
506,21,29,4878300,122,58,64
507,21,29,4878400,992,555,437
508,21,29,4878500,293,145,148
509,21,29,4878600,1084,534,550
510,21,29,4878700,172,76,96
511,21,29,4878800,187,91,96
512,21,29,4878900,444,219,225
513,21,29,4879000,560,264,296
514,21,29,4879100,813,395,418
515,21,29,4879200,618,318,300
516,21,29,4879300,187,90,97
517,21,29,4879400,104,54,50
518,21,29,4879500,306,147,159
519,21,29,4879600,187,92,95
520,21,29,4879700,82,34,48
521,21,29,4879800,47,26,21
522,21,29,4879900,13,6,7
523,21,29,4880000,62,29,33
524,21,29,4880100,34,13,21
525,21,29,4880200,853,419,434
526,21,29,4880300,89,35,54
527,21,29,4880400,245,115,130
528,21,29,4880500,853,407,446
529,21,29,4880600,195,88,107
530,21,29,4880700,466,228,238
531,21,29,4880800,560,267,293
532,21,29,4880900,367,182,185
533,21,29,4881000,78,37,41
534,21,29,4881100,154,76,78
535,21,29,4881200,67,31,36
536,21,29,4881300,94,48,46
537,21,29,4881400,215,100,115
538,21,29,4881500,122,55,67
539,21,29,4881600,80,38,42
540,21,29,4881700,0,0,0
541,21,29,4881800,77,38,39
542,21,29,4881900,40,20,20
543,21,29,4882000,23,10,13
544,21,29,4882100,115,60,55
545,21,29,4882200,86,43,43
546,21,29,4882300,116,55,61
547,21,29,4882400,366,167,199
548,21,29,4882500,750,369,381
549,21,29,4882600,675,324,351
550,21,29,4882700,724,346,378
551,21,29,4882800,462,242,220
552,21,29,4882900,174,79,95
553,21,29,4883000,20,8,12
554,21,29,4883100,131,65,66
555,21,29,4883200,152,73,79
556,21,29,4883300,192,94,98
557,21,29,4883400,1642,731,911
558,21,29,4883500,241,131,110
559,21,29,4883600,643,310,333
560,21,29,4883700,1023,501,522
561,21,29,4883800,164,76,88
562,21,29,4883900,334,161,173
563,21,29,4884000,99,45,54
564,21,29,4884100,213,98,115
565,21,29,4884200,246,111,135
566,21,29,4884300,13,7,6
567,21,29,4884400,85,39,46
568,21,29,4884500,23,10,13
569,21,29,4884600,55,22,33
570,21,29,4884700,13,6,7
571,21,29,4884800,235,115,120
572,21,29,4884900,229,120,109
573,21,29,4885000,196,88,108
574,21,29,4885100,247,126,121
575,21,29,4885200,55,24,31
576,21,29,4885300,428,208,220
577,21,29,4885400,83,37,46
578,21,29,4885500,54,27,27
579,21,29,4885600,416,228,188
580,21,29,4885700,75,37,38
581,21,29,4885800,138,72,66
582,21,29,4885900,170,75,95
583,21,29,4886000,446,217,229
584,21,29,4886100,117,62,55
585,21,29,4886200,304,143,161
586,21,29,4886300,24,13,11
587,21,29,4886400,24,13,11
588,21,29,4886500,159,74,85
589,21,29,4886600,190,90,100
590,21,29,4886700,374,191,183
591,21,29,4886800,116,55,61
592,21,29,4886900,312,142,170
593,21,29,4887000,573,298,275
594,21,29,4887100,278,138,140
595,21,29,4887200,180,83,97
596,21,29,4887300,393,234,159
597,21,29,4887400,144,71,73
598,21,29,4887500,265,125,140
599,21,29,4887600,79,33,46
600,21,29,4887700,480,222,258
601,21,29,4887800,813,395,418
602,21,29,4887900,107,47,60
603,21,29,4888000,688,314,374
604,21,29,4888100,276,139,137
605,21,29,4888200,208,103,105
606,21,29,4888300,264,125,139
607,21,29,4888400,19,10,9
608,21,29,4888500,55,27,28
609,21,29,4888600,298,147,151
610,21,29,4888700,383,180,203
611,21,29,4888800,364,164,200
612,21,29,4888900,106,53,53
613,21,29,4889000,43,20,23
614,21,29,4889100,386,201,185
615,21,29,4889200,0,0,0
616,21,29,4889300,48,27,21
617,21,29,4889400,74,37,37
618,21,29,4889500,19,9,10
619,21,29,4889600,0,0,0
620,21,29,4889700,48,27,21
621,21,29,4889800,98,51,47
622,21,29,4889900,96,41,55
623,21,29,4890000,82,41,41
624,21,29,4890100,51,21,30
625,21,29,4890200,540,278,262
626,21,29,4890300,1086,533,553
627,21,29,4890400,0,0,0
628,21,29,4890500,325,166,159
629,21,29,4890600,0,0,0
630,21,29,4890700,73,31,42
631,21,29,4890800,1730,846,884
632,21,29,4890900,401,214,187
633,21,29,4891000,333,160,173
634,21,29,4891100,110,47,63
635,21,29,4891200,144,68,76
636,21,29,4891300,189,95,94
637,21,29,4891400,96,47,49
638,21,29,4891500,71,35,36
639,21,29,4891600,137,69,68
640,21,29,4891700,302,136,166
641,21,29,4891800,173,90,83
642,21,29,4891900,171,88,83
643,21,29,4892000,136,67,69
644,21,29,4892100,225,110,115
645,21,29,4892200,0,0,0
646,21,29,4892300,163,84,79
647,21,29,4892400,267,124,143
648,21,29,4892500,749,371,378
649,21,29,4892600,44,28,16
650,21,29,4892700,147,67,80
651,21,29,4892800,135,60,75
652,21,29,4892900,240,124,116
653,21,29,4893000,263,129,134
654,21,29,4893100,131,72,59
655,21,29,4893200,249,127,122
656,21,29,4893300,280,130,150
657,21,29,4893400,1123,562,561
658,21,29,4893500,584,276,308
659,21,29,4893600,3707,1853,1854
660,21,29,4893700,615,294,321
661,21,29,4893800,691,345,346
662,21,29,4893900,90,43,47
663,21,29,4894000,410,208,202
664,21,29,4894100,169,88,81
665,21,29,4894200,21,13,8
666,21,29,4894300,134,68,66
667,21,29,4894400,251,133,118
668,21,29,4894500,851,515,336
669,21,29,4894600,36,20,16
670,21,29,4894700,305,139,166
671,21,29,4894800,275,143,132
672,21,29,4894900,150,69,81
673,21,29,4895000,605,310,295
674,21,29,4895100,429,206,223
675,21,29,4895200,287,147,140
676,21,29,4895300,157,79,78
677,21,29,4895400,184,98,86
678,21,29,4895500,524,263,261
679,21,29,4895600,262,130,132
680,21,29,4895700,311,158,153
681,21,29,4895800,267,127,140
682,21,29,4895900,246,129,117
683,21,29,4896000,53,28,25
684,21,29,4896100,166,82,84
685,21,29,4896200,143,68,75
686,21,29,4896300,15,9,6
687,21,29,4896400,138,62,76
688,21,29,4896500,134,73,61
689,21,29,4896600,87,48,39
690,21,29,4896700,172,87,85
691,21,29,4896800,0,0,0
692,21,29,4896900,296,138,158
693,21,29,4897000,424,225,199
694,21,29,4897100,92,44,48
695,21,29,4897200,204,95,109
696,21,29,4897300,262,131,131
697,21,29,4897400,186,90,96
698,21,29,4897500,571,280,291
699,21,29,4897600,825,409,416
700,21,29,4897700,626,329,297
701,21,29,4897800,540,272,268
702,21,29,4897900,230,110,120
703,21,29,4898000,92,46,46
704,21,29,4898100,368,181,187
705,21,29,4898200,565,286,279
706,21,29,4898300,90,48,42
707,21,29,4898400,149,73,76
708,21,29,4898500,176,81,95
709,21,29,4898600,86,45,41
710,21,29,4898700,117,56,61
711,21,29,4898800,0,0,0
712,21,29,4898900,319,152,167
713,21,29,4899000,362,168,194
714,21,29,4899100,49,20,29
715,21,29,4899200,97,53,44
716,21,29,4899300,147,78,69
717,21,29,4899400,106,49,57
718,21,29,4899500,110,55,55
719,21,29,4899600,104,53,51
720,21,29,4899700,671,370,301
721,21,29,4899800,218,104,114
722,21,29,4899900,161,78,83
723,21,29,4900000,107,61,46
724,21,29,4900100,99,55,44
725,21,29,4900200,107,51,56
726,21,29,4900300,272,128,144
727,21,29,4900400,59,26,33
728,21,29,4900500,98,50,48
729,21,29,4900600,100,49,51
730,21,29,4900700,278,136,142
731,21,29,4900800,209,104,105
732,21,29,4900900,8,5,3
733,21,29,4901000,0,0,0
734,21,29,4901100,77,43,34
735,21,29,4901200,108,57,51
736,21,29,4901300,104,57,47
737,21,29,4901400,90,49,41
738,21,29,4901500,138,57,81
739,21,29,4901600,285,145,140
740,21,29,4901700,74,43,31
741,21,29,4901800,140,71,69
742,21,29,4901900,192,88,104
743,21,29,4902000,553,276,277
744,21,29,4902100,134,61,73
745,21,29,4902200,322,157,165
746,21,29,4902300,117,61,56
747,21,29,4902400,361,174,187
748,21,29,4902500,237,117,120
749,21,29,4902600,173,83,90
750,21,29,4902700,304,153,151
751,21,29,4902800,201,101,100
752,21,29,4902900,1883,892,991
753,21,29,4903000,1029,503,526
754,21,29,4903100,0,0,0
755,21,29,4903200,36,16,20
756,21,29,4903300,1241,670,571
757,21,29,4903400,277,141,136
758,21,29,4903500,1970,957,1013
759,21,29,4903600,762,372,390
760,21,29,4903700,127,62,65
761,21,29,4903800,110,48,62
762,21,29,4903900,745,367,378
763,21,29,4904000,291,139,152
764,21,29,4904100,1043,542,501
765,21,29,4904200,479,239,240
766,21,29,4904300,131,62,69
767,21,29,4904400,2383,1235,1148
768,21,29,4904500,119,60,59
769,21,29,4904600,303,152,151
770,21,29,4904700,1894,905,989
771,21,29,4904800,64,27,37
772,21,29,4904900,100,54,46
773,21,29,4905000,204,89,115
774,21,29,4905100,257,119,138
775,21,29,4905200,88,47,41
776,21,29,4905300,493,244,249
777,21,29,4905400,444,213,231
778,21,29,4905500,1389,695,694
779,21,29,4905600,153,70,83
780,21,29,4905700,495,220,275
781,21,29,4905800,254,126,128
782,21,29,4905900,99,53,46
783,21,29,4906000,34,18,16
784,21,29,4906100,308,156,152
785,21,29,4906200,55,26,29
786,21,29,4906300,126,60,66
787,21,29,4906400,201,105,96
788,21,29,4906500,134,67,67
789,21,29,4906600,111,56,55
790,21,29,4906700,179,90,89
791,21,29,4906800,830,401,429
792,21,29,4906900,1157,547,610
793,21,29,4907000,293,159,134
794,21,29,4907100,437,214,223
795,21,29,4907200,344,171,173
796,21,29,4907300,151,73,78
797,21,29,4907400,782,387,395
798,21,29,4907500,926,436,490
799,21,29,4907600,411,184,227
800,21,29,4907700,102,49,53
801,21,29,4907800,137,62,75
802,21,29,4907900,397,193,204
803,21,29,4908000,912,458,454
804,21,29,4908100,867,419,448
805,21,29,4908200,1165,562,603
806,21,29,4908300,89,42,47
807,21,29,4908400,516,245,271
808,21,29,4908500,402,211,191
809,21,29,4908600,298,150,148
810,21,29,4908700,738,366,372
811,21,29,4908800,55,31,24
812,21,29,4908900,187,96,91
813,21,29,4909000,138,67,71
814,21,29,4909100,125,65,60
815,21,29,4909200,492,257,235
816,21,29,4909300,256,123,133
817,21,29,4909400,985,478,507
818,21,29,4909500,173,85,88
819,21,29,4909600,280,125,155
820,21,29,4909700,1215,585,630
821,21,29,4909800,345,180,165
822,21,29,4909900,202,103,99
823,21,29,4910000,33,19,14
824,21,29,4910100,79,35,44
825,21,29,4910200,289,148,141
826,21,29,4910300,796,388,408
827,21,29,4910400,645,292,353
828,21,29,4910500,1068,514,554
829,21,29,4910600,256,121,135
830,21,29,4910700,117,55,62
831,21,29,4910800,591,351,240
832,21,29,4910900,117,57,60
833,21,29,4911000,160,79,81
834,21,29,4911100,291,156,135
835,21,29,4911200,65,27,38
836,21,29,4911300,230,119,111
837,21,29,4911400,987,401,586
838,21,29,4911500,182,90,92
839,21,29,4911600,1212,606,606
840,21,29,4911700,131,62,69
841,21,29,4911800,1186,599,587
842,21,29,4911900,451,231,220
843,21,29,4912000,149,74,75
844,21,29,4912100,695,335,360
845,21,29,4912200,139,62,77
846,21,29,4912300,0,0,0
847,21,29,4912400,325,178,147
848,21,29,4912500,298,137,161
849,21,29,4912600,1933,989,944
850,21,29,4912700,234,111,123
851,21,29,4912800,52,25,27
852,21,29,4912900,100,42,58
853,21,29,4913000,382,185,197
854,21,29,4913100,149,72,77
855,21,29,4913200,260,128,132
856,21,29,4913300,270,128,142
857,21,29,4913400,124,70,54
858,21,29,4913500,243,124,119
859,21,29,4913600,269,131,138
860,21,29,4913700,1437,687,750
861,21,29,4913800,367,178,189
862,21,29,4913900,170,89,81
863,21,29,4914000,150,65,85
864,21,29,4914100,736,374,362
865,21,29,4914200,220,99,121
866,21,29,4914300,64,27,37
867,21,29,4914400,77,40,37
868,21,29,4914500,174,85,89
869,21,29,4914600,94,43,51
870,21,29,4914700,159,86,73
871,21,29,4914800,1001,497,504
872,21,29,4914900,192,88,104
873,21,29,4915000,442,207,235
874,21,29,4915100,259,130,129
875,21,29,4915200,514,242,272
876,21,29,4915300,927,499,428
877,21,29,4915400,122,71,51
878,21,29,4915500,569,276,293
879,21,29,4915600,5151,2609,2542
880,21,29,4915700,77,37,40
881,21,29,4915800,1029,465,564
882,21,29,4915900,365,198,167
883,21,29,4916000,540,292,248
884,21,29,4916100,112,54,58
885,21,29,4916200,125,62,63
886,21,29,4916300,1034,492,542
887,21,29,4916400,362,173,189
888,21,29,4916500,443,208,235
889,21,29,4916600,258,124,134
890,21,29,4916700,306,162,144
891,21,29,4916800,50,27,23
892,21,29,4916900,13,6,7
893,21,29,4917000,168,83,85
894,21,29,4917100,545,258,287
895,21,29,4917200,510,269,241
896,21,29,4917300,173,78,95
897,21,29,4917400,36,20,16
898,21,29,4917500,171,82,89
899,21,29,4917600,165,75,90
900,21,29,4917700,506,257,249
901,21,29,4917800,102,53,49
902,21,29,4917900,499,241,258
903,21,29,4918000,513,255,258
904,21,29,4918100,274,131,143
905,21,29,4918200,182,95,87
906,21,29,4918300,1267,608,659
907,21,29,4918400,815,397,418
908,21,29,4918500,589,286,303
909,21,29,4918600,630,333,297
910,21,29,4918700,637,314,323
911,21,29,4918800,643,288,355
912,21,29,4918900,192,86,106
913,21,29,4919000,687,328,359
914,21,29,4919100,185,93,92
915,21,29,4919200,494,233,261
916,21,29,4919300,149,71,78
917,21,29,4919400,113,58,55
918,21,29,4919500,238,119,119
919,21,29,4919600,0,0,0
920,21,29,4919700,291,136,155
921,21,29,4919800,310,173,137
922,21,29,4919900,297,142,155
923,21,29,4920000,173,85,88
924,21,29,4920100,209,103,106
925,21,29,4920200,117,62,55
926,21,29,4920300,226,96,130
927,21,29,4920400,95,44,51
928,21,29,4920500,280,134,146
929,21,29,4920600,159,90,69
930,21,29,4920700,103,48,55
931,21,29,4920800,83,41,42
932,21,29,4920900,369,187,182
933,21,29,4921000,73,31,42
934,21,29,4921100,0,0,0
935,21,29,4921200,294,132,162
936,21,29,4921300,55,26,29
937,21,29,4921400,305,137,168
938,21,29,4921500,521,262,259
939,21,29,4921600,190,101,89
940,21,29,4921700,158,72,86
941,21,29,4921800,156,76,80
942,21,29,4921900,573,287,286
943,21,29,4922000,0,0,0
944,21,29,4922100,0,0,0
945,21,29,4922200,360,202,158
946,21,29,4922300,128,62,66
947,21,29,4922400,520,253,267
948,21,29,4922500,168,84,84
949,21,29,4922600,0,0,0
950,21,29,4922700,91,42,49
951,21,29,4922800,510,269,241
952,21,29,4922900,220,99,121
953,21,29,4923000,131,63,68
954,21,29,4923100,3,1,2
955,21,29,4923200,309,158,151
956,21,29,4923300,159,74,85
957,21,29,4923400,802,399,403
958,21,29,4923500,166,86,80
959,21,29,4923600,908,427,481
960,21,29,4923700,205,96,109
961,21,29,4923800,348,181,167
962,21,29,4923900,299,146,153
963,21,29,4924000,187,96,91
964,21,29,4924100,794,375,419
965,21,29,4924200,290,148,142
966,21,29,4924300,312,152,160
967,21,29,4924400,127,69,58
968,21,29,4924500,74,30,44
969,21,29,4924600,895,455,440
970,21,29,4924700,385,197,188
971,21,29,4924800,1119,503,616
972,21,29,4924900,558,288,270
973,21,29,4925000,198,105,93
974,21,29,4925100,313,155,158
975,21,29,4925200,278,136,142
976,21,29,4925300,197,104,93
977,21,29,4925400,260,130,130
978,21,29,4925500,75,37,38
979,21,29,4925600,648,356,292
980,21,29,4925700,193,93,100
981,21,29,4925800,0,0,0
982,21,29,4925900,343,177,166
983,21,29,4926000,240,119,121
984,21,29,4926100,0,0,0
985,21,29,4926200,598,312,286
986,21,29,4926300,534,277,257
987,21,29,4926400,0,0,0
988,21,29,4926500,75,40,35
989,21,29,4926600,275,139,136
990,21,29,4926700,119,55,64
991,21,29,4926800,530,277,253
992,21,29,4926900,89,47,42
993,21,29,4927000,345,167,178
994,21,29,4927100,193,94,99
995,21,29,4927200,334,164,170
996,21,29,4927300,119,55,64
997,21,29,4927400,135,68,67
998,21,29,4927500,160,77,83
999,21,29,4927600,0,0,0
1000,21,29,4927700,159,84,75
1001,21,29,4927800,63,28,35
1002,21,29,4927900,179,85,94
1003,21,29,4928000,44,20,24
1004,21,29,4928100,62,32,30
1005,21,29,4928200,131,64,67
1006,21,29,4928300,104,50,54
1007,21,29,4928400,102,55,47
1008,21,29,4928500,94,47,47
1009,21,29,4928600,0,0,0
1010,21,29,4928700,394,200,194
1011,21,29,4928800,54,25,29
1012,21,29,4928900,142,102,40
1013,21,29,4929000,50,27,23
1014,21,29,4929100,135,63,72
1015,21,29,4929200,74,34,40
1016,21,29,4929300,53,26,27
1017,21,29,4929400,252,128,124
1018,21,29,4929500,377,187,190
1019,21,29,4929600,199,93,106
1020,21,29,4929700,104,48,56
1021,21,29,4929800,229,115,114
1022,21,29,4929900,103,55,48
1023,21,29,4930000,127,60,67
1024,21,29,4930100,120,53,67
1025,21,29,4930200,306,141,165
1026,21,29,4930300,423,204,219
1027,21,29,4930400,60,27,33
1028,21,29,4930500,825,392,433
1029,21,29,4930600,1431,701,730
1030,21,29,4930700,936,437,499
1031,21,29,4930800,962,475,487
1032,21,29,4930900,329,149,180
1033,21,29,4931000,208,92,116
1034,21,29,4931100,99,48,51
1035,21,29,4931200,47,22,25
1036,21,29,4931300,117,54,63
1037,21,29,4931400,150,65,85
1038,21,29,4931500,176,83,93
1039,21,29,4931600,179,92,87
1040,21,29,4931700,3001,1533,1468
1041,21,29,4931800,470,221,249
1042,21,29,4931900,151,71,80
1043,21,29,4932000,116,55,61
1044,21,29,4932100,169,73,96
1045,21,29,4932200,123,53,70
1046,21,29,4932300,209,98,111
1047,21,29,4932400,226,109,117
1048,21,29,4932500,303,160,143
1049,21,29,4932600,287,143,144
1050,21,29,4932700,458,206,252
1051,21,29,4932800,184,90,94
1052,21,29,4932900,388,181,207
1053,21,29,4933000,240,116,124
1054,21,29,4933100,349,180,169
1055,21,29,4933200,448,225,223
1056,21,29,4933300,161,81,80
1057,21,29,4933400,445,226,219
1058,21,29,4933500,253,127,126
1059,21,29,4933600,115,55,60
1060,21,29,4933700,352,178,174
1061,21,29,4933800,76,34,42
1062,21,29,4933900,29,14,15
1063,21,29,4934000,265,143,122
1064,21,29,4934100,160,76,84
1065,21,29,4934200,100,44,56
1066,21,29,4934300,123,56,67
1067,21,29,4934400,437,214,223
1068,21,29,4934500,104,48,56
1069,21,29,4934600,27,11,16
1070,21,29,4934700,284,142,142
1071,21,29,4934800,369,183,186
1072,21,29,4934900,158,77,81
1073,21,29,4935000,540,262,278
1074,21,29,4935100,234,111,123
1075,21,29,4935200,262,122,140
1076,21,29,4935300,109,52,57
1077,21,29,4935400,375,183,192
1078,21,29,4935500,786,374,412
1079,21,29,4935600,142,71,71
1080,21,29,4935700,110,54,56
1081,21,29,4935800,548,260,288
1082,21,29,4935900,424,215,209
1083,21,29,4936000,95,47,48
1084,21,29,4936100,221,124,97
1085,21,29,4936200,98,47,51
1086,21,29,4936300,279,137,142
1087,21,29,4936400,0,0,0
1088,21,29,4936500,300,154,146
1089,21,29,4936600,91,46,45
1090,21,29,4936700,270,130,140
1091,21,29,4936800,143,69,74
1092,21,29,4936900,254,126,128
1093,21,29,4937000,0,0,0
1094,21,29,4937100,34,11,23
1095,21,29,4937200,201,102,99
1096,21,29,4937300,40,23,17
1097,21,29,4937400,298,153,145
1098,21,29,4937500,235,112,123
1099,21,29,4937600,42,20,22
1100,21,29,4937700,303,132,171
1101,21,29,4937800,311,163,148
1102,21,29,4937900,670,328,342
1103,21,29,4938000,173,125,48
1104,21,29,4938100,118,53,65
1105,21,29,4938200,164,79,85
1106,21,29,4938300,119,48,71
1107,21,29,4938400,175,82,93
1108,21,29,4938500,304,156,148
1109,21,29,4938600,0,0,0
1110,21,29,4938700,427,218,209
1111,21,29,4938800,242,121,121
1112,21,29,4938900,101,45,56
1113,21,29,4939000,187,88,99
1114,21,29,4939100,458,227,231
1115,21,29,4939200,277,140,137
1116,21,29,4939300,161,80,81
1117,21,29,4939400,90,44,46
1118,21,29,4939500,230,108,122
1119,21,29,4939600,141,74,67
1120,21,29,4939700,111,51,60
1121,21,29,4939800,338,164,174
1122,21,29,4939900,31,13,18
1123,21,29,4940000,172,90,82
1124,21,29,4940100,192,94,98
1125,21,29,4940200,48,27,21
1126,21,29,4940300,289,143,146
1127,21,29,4940400,373,167,206
1128,21,29,4940500,464,235,229
1129,21,29,4940600,464,223,241
1130,21,29,4940700,124,64,60
1131,21,29,4940800,608,298,310
1132,21,29,4940900,222,100,122
1133,21,29,4941000,971,488,483
1134,21,29,4941100,511,237,274
1135,21,29,4941200,174,85,89
1136,21,29,4941300,271,126,145
1137,21,29,4941400,167,89,78
1138,21,29,4941500,1033,518,515
1139,21,29,4941600,198,99,99
1140,21,29,4941700,622,297,325
1141,21,29,4941800,1264,616,648
1142,21,29,4941900,1685,894,791
1143,21,29,4942000,1151,597,554
1144,21,29,4942100,764,382,382
1145,21,29,4942200,1651,804,847
1146,21,29,4942300,1811,921,890
1147,21,29,4942400,670,342,328
1148,21,29,4942500,567,280,287
1149,21,29,4942600,990,487,503
1150,21,29,4942700,292,144,148
1151,21,29,4942800,731,346,385
1152,21,29,4942900,235,110,125
1153,21,29,4943000,255,128,127
1154,21,29,4943100,676,324,352
1155,21,29,4943200,604,285,319
1156,21,29,4943300,235,134,101
1157,21,29,4943400,2741,1360,1381
1158,21,29,4943500,923,468,455
1159,21,29,4943600,5788,3323,2465
1160,21,29,4943700,835,413,422
1161,21,29,4943800,199,103,96
1162,21,29,4943900,294,139,155
1163,21,29,4944000,76,31,45
1164,21,29,4944100,88,47,41
1165,21,29,4944200,362,179,183
1166,21,29,4944300,713,347,366
1167,21,29,4944400,533,247,286
1168,21,29,4944500,175,79,96
1169,21,29,4944600,791,401,390
1170,21,29,4944700,205,99,106
1171,21,29,4944800,138,69,69
1172,21,29,4944900,37,20,17
1173,21,29,4945000,148,74,74
1174,21,29,4945100,100,46,54
1175,21,29,4945200,94,45,49
1176,21,29,4945300,176,83,93
1177,21,29,4945400,0,0,0
1178,21,29,4945500,215,102,113
1179,21,29,4945600,69,33,36
1180,21,29,4945700,83,41,42
1181,21,29,4945800,300,156,144
1182,21,29,4945900,112,48,64
1183,21,29,4946000,275,142,133
1184,21,29,4946100,487,227,260
1185,21,29,4946200,708,334,374
1186,21,29,4946300,645,312,333
1187,21,29,4946400,1435,707,728
1188,21,29,4946500,424,198,226
1189,21,29,4946600,356,168,188
1190,21,29,4946700,139,70,69
1191,21,29,4946800,402,186,216
1192,21,29,4946900,204,93,111
1193,21,29,4947000,82,41,41
1194,21,29,4947100,681,341,340
1195,21,29,4947200,442,246,196
1196,21,29,4947300,152,76,76
1197,21,29,4947400,107,58,49
1198,21,29,4947500,0,0,0
1199,21,29,4947600,156,81,75
1200,21,29,4947700,90,41,49
1201,21,29,4947800,37,18,19
1202,21,29,4947900,304,150,154
1203,21,29,4948000,0,0,0
1204,21,29,4948100,128,73,55
1205,21,29,4948200,132,54,78
1206,21,29,4948300,499,232,267
1207,21,29,4948400,1557,843,714
1208,21,29,4948500,1408,741,667
1209,21,29,4948600,1325,652,673
1210,21,29,4948700,1464,737,727
1211,21,29,4948800,971,498,473
1212,21,29,4948900,586,272,314
1213,21,29,4949000,167,83,84
1214,21,29,4949100,362,177,185
1215,21,29,4949200,394,206,188
1216,21,29,4949300,663,326,337
1217,21,29,4949400,217,107,110
1218,21,29,4949500,649,253,396
1219,21,29,4949600,778,382,396
1220,21,29,4949700,214,101,113
1221,21,29,4949800,874,508,366
1222,21,29,4949900,202,96,106
1223,21,29,4950000,414,195,219
1224,21,29,4950100,3565,1818,1747
1225,21,29,4950200,1296,654,642
1226,21,29,4950300,181,90,91
1227,21,29,4950400,181,80,101
1228,21,29,4950500,366,188,178
1229,21,29,4950600,131,60,71
1230,21,29,4950700,304,161,143
1231,21,29,4950800,128,69,59
1232,21,29,4950900,397,202,195
1233,21,29,4951000,337,166,171
1234,21,29,4951100,263,131,132
1235,21,29,4951200,264,132,132
1236,21,29,4951300,363,187,176
1237,21,29,4951400,852,426,426
1238,21,29,4951500,751,355,396
1239,21,29,4951600,135,63,72
1240,21,29,4951700,36,16,20
1241,21,29,4951800,282,133,149
1242,21,29,4951900,537,268,269
1243,21,29,4952000,1760,909,851
1244,21,29,4952100,728,360,368
1245,21,29,4952200,645,314,331
1246,21,29,4952300,964,475,489
1247,21,29,4952400,694,346,348
1248,21,29,4952500,263,127,136
1249,21,29,4952600,1677,825,852
1250,21,29,4952700,140,74,66
1251,21,29,4952800,126,61,65
1252,21,29,4952900,210,110,100
1253,21,29,4953000,282,140,142
1254,21,29,4953100,472,231,241
1255,21,29,4953200,91,41,50
1256,21,29,4953300,0,0,0
1257,21,29,4953400,2322,1159,1163
1258,21,29,4953500,311,159,152
1259,21,29,4953600,0,0,0
1260,21,29,4953700,386,185,201
1261,21,29,4953800,0,0,0
1262,21,29,4953900,1706,935,771
1263,21,29,4954000,226,119,107
1264,21,29,4954100,756,393,363
1265,21,29,4954200,38,20,18
1266,21,29,4954300,126,61,65
1267,21,29,4954400,326,164,162
1268,21,29,4954500,106,52,54
1269,21,29,4954600,265,117,148
1270,21,29,4954700,359,173,186
1271,21,29,4954800,532,263,269
1272,21,29,4954900,416,256,160
1273,21,29,4955000,232,117,115
1274,21,29,4955100,292,152,140
1275,21,29,4955200,1015,482,533
1276,21,29,4955300,2292,1214,1078
1277,21,29,4955400,2177,1106,1071
1278,21,29,4955500,682,312,370
1279,21,29,4955600,1471,709,762
1280,21,29,4955700,638,307,331
1281,21,29,4955800,1485,752,733
1282,21,29,4955900,2185,1067,1118
1283,21,29,4956000,880,434,446
1284,21,29,4956100,319,173,146
1285,21,29,4956200,1055,510,545
1286,21,29,4956300,647,313,334
1287,21,29,4956400,992,489,503
1288,21,29,4956500,353,186,167
1289,21,29,4956600,441,221,220
1290,21,29,4956700,1167,611,556
1291,21,29,4956800,592,298,294
1292,21,29,4956900,2270,1104,1166
1293,21,29,4957000,581,291,290
1294,21,29,4957100,429,224,205
1295,21,29,4957200,97,51,46
1296,21,29,4957300,62,30,32
1297,21,29,4957400,224,113,111
1298,21,29,4957500,443,230,213
1299,21,29,4957600,212,109,103
1300,21,29,4957700,62,33,29
1301,21,29,4957800,16,8,8
1302,21,29,4957900,93,45,48
1303,21,29,4958000,71,37,34
1304,21,29,4958100,95,54,41
1305,21,29,4958200,536,270,266
1306,21,29,4958300,0,0,0
1307,21,29,4958400,374,205,169
1308,21,29,4958500,0,0,0
1309,21,29,4958600,194,95,99
1310,21,29,4958700,0,0,0
1311,21,29,4958800,46,21,25
1312,21,29,4958900,360,192,168
1313,21,29,4959000,180,90,90
1314,21,29,4959100,464,233,231
1315,21,29,4959200,916,471,445
1316,21,29,4959300,119,55,64
1317,21,29,4959400,1098,517,581
1318,21,29,4959500,155,75,80
1319,21,29,4959600,464,229,235
1320,21,29,4959700,136,65,71
1321,21,29,4959800,222,111,111
1322,21,29,4959900,55,27,28
1323,21,29,4960000,132,62,70
1324,21,29,4960100,41,18,23
1325,21,29,4960200,338,198,140
1326,21,29,4960300,27,16,11
1327,21,29,4960400,96,46,50
1328,21,29,4960500,234,117,117
1329,21,29,4960600,0,0,0
1330,21,29,4960700,247,121,126
1331,21,29,4960800,765,385,380
1332,21,29,4960900,453,232,221
1333,21,29,4961000,68,27,41
1334,21,29,4961100,405,190,215
1335,21,29,4961200,309,153,156
1336,21,29,4961300,113,58,55
1337,21,29,4961400,315,160,155
1338,21,29,4961500,118,62,56
1339,21,29,4961600,18,9,9
1340,21,29,4961700,190,90,100
1341,21,29,4961800,190,87,103
1342,21,29,4961900,329,161,168
1343,21,29,4962000,139,64,75
1344,21,29,4962100,118,54,64
1345,21,29,4962200,365,183,182
1346,21,29,4962300,103,51,52
1347,21,29,4962400,107,45,62
1348,21,29,4962500,137,67,70
1349,21,29,4962600,980,397,583
1350,21,29,4962700,63,29,34
1351,21,29,4962800,439,229,210
1352,21,29,4962900,558,272,286
1353,21,29,4963000,133,62,71
1354,21,29,4963100,256,133,123
1355,21,29,4963200,530,273,257
1356,21,29,4963300,0,0,0
1357,21,29,4963400,356,183,173
1358,21,29,4963500,0,0,0
1359,21,29,4963600,95,48,47
1360,21,29,4963700,194,94,100
1361,21,29,4963800,194,102,92
1362,21,29,4963900,282,141,141
1363,21,29,4964000,173,84,89
1364,21,29,4964100,272,130,142
1365,21,29,4964200,643,305,338
1366,21,29,4964300,1207,613,594
1367,21,29,4964400,673,302,371
1368,21,29,4964500,209,101,108
1369,21,29,4964600,453,226,227
1370,21,29,4964700,485,224,261
1371,21,29,4964800,354,179,175
1372,21,29,4964900,1036,507,529
1373,21,29,4965000,1800,881,919
1374,21,29,4965100,619,322,297
1375,21,29,4965200,32,20,12
1376,21,29,4965300,1939,956,983
1377,21,29,4965400,1215,620,595
1378,21,29,4965500,804,415,389
1379,21,29,4965600,666,322,344
1380,21,29,4965700,572,281,291
1381,21,29,4965800,1195,589,606
1382,21,29,4965900,1200,570,630
1383,21,29,4966000,245,129,116
1384,21,29,4966100,205,104,101
1385,21,29,4966200,75,40,35
1386,21,29,4966300,923,450,473
1387,21,29,4966400,640,351,289
1388,21,29,4966500,639,324,315
1389,21,29,4966600,1188,594,594
1390,21,29,4966700,146,69,77
1391,21,29,4966800,308,153,155
1392,21,29,4966900,360,176,184
1393,21,29,4967000,787,375,412
1394,21,29,4967100,437,210,227
1395,21,29,4967200,344,167,177
1396,21,29,4967300,92,44,48
1397,21,29,4967400,151,71,80
1398,21,29,4967500,312,146,166
1399,21,29,4967600,353,167,186
1400,21,29,4967700,99,50,49
1401,21,29,4967800,647,319,328
1402,21,29,4967900,0,0,0
1403,21,29,4968000,392,220,172
1404,21,29,4968100,932,476,456
1405,21,29,4968200,1190,599,591
1406,21,29,4968300,69,34,35
1407,21,29,4968400,780,442,338
1408,21,29,4968500,305,151,154
1409,21,29,4968600,446,207,239
1410,21,29,4968700,609,326,283
1411,21,29,4968800,209,104,105
1412,21,29,4968900,550,271,279
1413,21,29,4969000,21,12,9
1414,21,29,4969100,242,106,136
1415,21,29,4969200,206,102,104
1416,21,29,4969300,55,25,30
1417,21,29,4969400,76,34,42
1418,21,29,4969500,71,38,33
1419,21,29,4969600,142,71,71
1420,21,29,4969700,333,165,168
1421,21,29,4969800,0,0,0
1422,21,29,4969900,23,13,10
1423,21,29,4970000,412,197,215
1424,21,29,4970100,109,54,55
1425,21,29,4970200,83,37,46
1426,21,29,4970300,312,159,153
1427,21,29,4970400,0,0,0
1428,21,29,4970500,598,287,311
1429,21,29,4970600,173,83,90
1430,21,29,4970700,131,63,68
1431,21,29,4970800,0,0,0
1432,21,29,4970900,68,36,32
1433,21,29,4971000,52,26,26
1434,21,29,4971100,0,0,0
1435,21,29,4971200,48,20,28
1436,21,29,4971300,46,22,24
1437,21,29,4971400,176,76,100
1438,21,29,4971500,46,21,25
1439,21,29,4971600,103,47,56
1440,21,29,4971700,75,40,35
1441,21,29,4971800,243,110,133
1442,21,29,4971900,36,19,17
1443,21,29,4972000,369,176,193
1444,21,29,4972100,453,235,218
1445,21,29,4972200,289,136,153
1446,21,29,4972300,79,34,45
1447,21,29,4972400,75,40,35
1448,21,29,4972500,27,12,15
1449,21,29,4972600,458,242,216
1450,21,29,4972700,339,164,175
1451,21,29,4972800,203,111,92
1452,21,29,4972900,839,432,407
1453,21,29,4973000,277,131,146
1454,21,29,4973100,494,239,255
1455,21,29,4973200,329,164,165
1456,21,29,4973300,190,86,104
1457,21,29,4973400,76,32,44
1458,21,29,4973500,61,29,32
1459,21,29,4973600,166,75,91
1460,21,29,4973700,217,104,113
1461,21,29,4973800,145,70,75
1462,21,29,4973900,184,91,93
1463,21,29,4974000,205,95,110
1464,21,29,4974100,513,257,256
1465,21,29,4974200,137,68,69
1466,21,29,4974300,58,29,29
1467,21,29,4974400,363,180,183
1468,21,29,4974500,97,51,46
1469,21,29,4974600,460,225,235
1470,21,29,4974700,134,63,71
1471,21,29,4974800,159,86,73
1472,21,29,4974900,1595,811,784
1473,21,29,4975000,0,0,0
1474,21,29,4975100,131,62,69
1475,21,29,4975200,0,0,0
1476,21,29,4975300,279,130,149
1477,21,29,4975400,490,244,246
1478,21,29,4975500,80,40,40
1479,21,29,4975600,1446,712,734
1480,21,29,4975700,1554,797,757
1481,21,29,4975800,880,441,439
1482,21,29,4975900,0,0,0
1483,21,29,4976000,138,69,69
1484,21,29,4976100,89,39,50
1485,21,29,4976200,122,107,15
1486,21,29,4976300,1009,509,500
1487,21,29,4976400,173,83,90
1488,21,29,4976500,363,175,188
1489,21,29,4976600,1493,742,751
1490,21,29,4976700,155,81,74
1491,21,29,4976800,0,0,0
1492,21,29,4976900,318,151,167
1493,21,29,4977000,47,19,28
1494,21,29,4977100,96,47,49
1495,21,29,4977200,96,44,52
1496,21,29,4977300,228,111,117
1497,21,29,4977400,427,220,207
1498,21,29,4977500,151,69,82
1499,21,29,4977600,208,110,98
1500,21,29,4977700,493,279,214
1501,21,29,4977800,122,59,63
1502,21,29,4977900,82,42,40
1503,21,29,4978000,75,35,40
1504,21,29,4978100,64,33,31
1505,21,29,4978200,143,68,75
1506,21,29,4978300,77,37,40
1507,21,29,4978400,460,242,218
1508,21,29,4978500,210,100,110
1509,21,29,4978600,516,248,268
1510,21,29,4978700,381,196,185
1511,21,29,4978800,896,433,463
1512,21,29,4978900,179,78,101
1513,21,29,4979000,187,95,92
1514,21,29,4979100,249,120,129
1515,21,29,4979200,110,55,55
1516,21,29,4979300,284,126,158
1517,21,29,4979400,471,224,247
1518,21,29,4979500,351,175,176
1519,21,29,4979600,384,180,204
1520,21,29,4979700,368,166,202
1521,21,29,4979800,421,212,209
1522,21,29,4979900,543,277,266
1523,21,29,4980000,305,141,164
1524,21,29,4980100,126,62,64
1525,21,29,4980200,152,64,88
1526,21,29,4980300,0,0,0
1527,21,29,4980400,111,57,54
1528,21,29,4980500,50,24,26
1529,21,29,4980600,478,234,244
1530,21,29,4980700,91,36,55
1531,21,29,4980800,199,90,109
1532,21,29,4980900,62,32,30
1533,21,29,4981000,246,110,136
1534,21,29,4981100,712,335,377
1535,21,29,4981200,503,249,254
1536,21,29,4981300,113,55,58
1537,21,29,4981400,822,424,398
1538,21,29,4981500,0,0,0
1539,21,29,4981600,177,89,88
1540,21,29,4981700,385,196,189
1541,21,29,4981800,27,13,14
1542,21,29,4981900,235,109,126
1543,21,29,4982000,57,29,28
1544,21,29,4982100,61,29,32
1545,21,29,4982200,81,34,47
1546,21,29,4982300,31,13,18
1547,21,29,4982400,97,46,51
1548,21,29,4982500,381,196,185
1549,21,29,4982600,64,33,31
1550,21,29,4982700,576,284,292
1551,21,29,4982800,313,157,156
1552,21,29,4982900,81,45,36
1553,21,29,4983000,855,421,434
1554,21,29,4983100,4676,2245,2431
1555,21,29,4983200,1477,728,749
1556,21,29,4983300,278,144,134
1557,21,29,4983400,236,116,120
1558,21,29,4983500,546,261,285
1559,21,29,4983600,350,180,170
1560,21,29,4983700,0,0,0
1561,21,29,4983800,0,0,0
1562,21,29,4983900,1,0,1
1563,21,29,4984000,262,129,133
1564,21,29,4984100,109,53,56
1565,21,29,4984200,286,134,152
1566,21,29,4984300,20,9,11
1567,21,29,4984400,76,35,41
1568,21,29,4984500,176,85,91
1569,21,29,4984600,0,0,0
1570,21,29,4984700,1561,756,805
1571,21,29,4984800,208,102,106
1572,21,29,4984900,152,73,79
1573,21,29,4985000,246,123,123
1574,21,29,4985100,298,145,153
1575,21,29,4985200,629,333,296
1576,21,29,4985300,215,103,112
1577,21,29,4985400,413,216,197
1578,21,29,4985500,643,317,326
1579,21,29,4985600,445,210,235
1580,21,29,4985700,1309,717,592
1581,21,29,4985800,495,238,257
1582,21,29,4985900,307,159,148
1583,21,29,4986000,174,85,89
1584,21,29,4986100,142,69,73
1585,21,29,4986200,1828,899,929
1586,21,29,4986300,136,68,68
1587,21,29,4986400,1109,562,547
1588,21,29,4986500,65,32,33
1589,21,29,4986600,208,94,114
1590,21,29,4986700,0,0,0
1591,21,29,4986800,198,98,100
1592,21,29,4986900,173,96,77
1593,21,29,4987000,156,76,80
1594,21,29,4987100,186,96,90
1595,21,29,4987200,128,69,59
1596,21,29,4987300,69,28,41
1597,21,29,4987400,1859,981,878
1598,21,29,4987500,204,106,98
1599,21,29,4987600,180,84,96
1600,21,29,4987700,360,181,179
1601,21,29,4987800,685,349,336
1602,21,29,4987900,249,112,137
1603,21,29,4988000,232,111,121
1604,21,29,4988100,103,45,58
1605,21,29,4988200,431,215,216
1606,21,29,4988300,0,0,0
1607,21,29,4988400,1055,516,539
1608,21,29,4988500,2526,1239,1287
1609,21,29,4988600,124,55,69
1610,21,29,4988700,542,302,240
1611,21,29,4988800,855,431,424
1612,21,29,4988900,564,283,281
1613,21,29,4989000,340,159,181
1614,21,29,4989100,230,111,119
1615,21,29,4989200,256,114,142
1616,21,29,4989300,326,163,163
1617,21,29,4989400,396,217,179
1618,21,29,4989500,40,22,18
1619,21,29,4989600,102,51,51
1620,21,29,4989700,122,61,61
1621,21,29,4989800,48,24,24
1622,21,29,4989900,166,80,86
1623,21,29,4990000,91,43,48
1624,21,29,4990100,78,37,41
1625,21,29,4990200,265,137,128
1626,21,29,4990300,815,384,431
1627,21,29,4990400,655,318,337
1628,21,29,4990500,710,365,345
1629,21,29,4990600,380,194,186
1630,21,29,4990700,159,69,90
1631,21,29,4990800,553,268,285
1632,21,29,4990900,289,141,148
1633,21,29,4991000,1441,739,702
1634,21,29,4991100,544,252,292
1635,21,29,4991200,2428,1255,1173
1636,21,29,4991300,1117,532,585
1637,21,29,4991400,441,222,219
1638,21,29,4991500,0,0,0
1639,21,29,4991600,316,146,170
1640,21,29,4991700,154,79,75
1641,21,29,4991800,27,12,15
1642,21,29,4991900,0,0,0
1643,21,29,4992000,113,54,59
1644,21,29,4992100,165,89,76
1645,21,29,4992200,67,40,27
1646,21,29,4992300,118,61,57
1647,21,29,4992400,127,60,67
1648,21,29,4992500,28,16,12
1649,21,29,4992600,66,34,32
1650,21,29,4992700,286,148,138
1651,21,29,4992800,123,57,66
1652,21,29,4992900,156,72,84
1653,21,29,4993000,144,74,70
1654,21,29,4993100,169,85,84
1655,21,29,4993200,44,22,22
1656,21,29,4993300,2172,1115,1057
1657,21,29,4993400,189,90,99
1658,21,29,4993500,149,80,69
1659,21,29,4993600,160,77,83
1660,21,29,4993700,131,65,66
1661,21,29,4993800,114,59,55
1662,21,29,4993900,206,114,92
1663,21,29,4994000,146,74,72
1664,21,29,4994100,112,56,56
1665,21,29,4994200,117,57,60
1666,21,29,4994300,180,88,92
1667,21,29,4994400,318,150,168
1668,21,29,4994500,172,79,93
1669,21,29,4994600,112,56,56
1670,21,29,4994700,27,12,15
1671,21,29,4994800,52,26,26
1672,21,29,4994900,1457,673,784
1673,21,29,4995000,886,453,433
1674,21,29,4995100,215,100,115
1675,21,29,4995200,0,0,0
1676,21,29,4995300,581,277,304
1677,21,29,4995400,1273,639,634
1678,21,29,4995500,0,0,0
1679,21,29,4995600,242,125,117
1680,21,29,4995700,364,188,176
1681,21,29,4995800,878,424,454
1682,21,29,4995900,182,81,101
1683,21,29,4996000,229,109,120
1684,21,29,4996100,368,173,195
1685,21,29,4996200,391,190,201
1686,21,29,4996300,526,268,258
1687,21,29,4996400,273,128,145
1688,21,29,4996500,117,55,62
1689,21,29,4996600,744,353,391
1690,21,29,4996700,61,30,31
1691,21,29,4996800,76,34,42
1692,21,29,4996900,259,126,133
1693,21,29,4997000,453,242,211
1694,21,29,4997100,1548,776,772
1695,21,29,4997200,631,302,329
1696,21,29,4997300,1027,518,509
1697,21,29,4997400,62,29,33
1698,21,29,4997500,194,101,93
1699,21,29,4997600,191,97,94
1700,21,29,4997700,131,70,61
1701,21,29,4997800,148,66,82
1702,21,29,4997900,55,25,30
1703,21,29,4998000,218,100,118
1704,21,29,4998100,69,32,37
1705,21,29,4998200,165,85,80
1706,21,29,4998300,210,103,107
1707,21,29,4998400,145,78,67
1708,21,29,4998500,154,71,83
1709,21,29,4998600,2181,1101,1080
1710,21,29,4998700,1100,581,519
1711,21,29,4998800,152,82,70
1712,21,29,4998900,51,26,25
1713,21,29,4999000,288,151,137
1714,21,29,4999100,293,140,153
1715,21,29,4999200,208,105,103
1716,21,29,4999300,211,107,104
1717,21,29,4999400,81,44,37
1718,21,29,4999500,110,54,56
1719,21,29,4999600,57,29,28
1720,21,29,4999700,180,95,85
1721,21,29,4999800,191,100,91
1722,21,29,4999900,342,174,168
1723,21,29,5000000,383,182,201
1724,21,29,5000100,878,448,430
1725,21,29,5000200,172,83,89
1726,21,29,5000300,395,187,208
1727,21,29,5000400,51,30,21
1728,21,29,5000500,64,34,30
1729,21,29,5000600,85,45,40
1730,21,29,5000700,213,97,116
1731,21,29,5000800,628,334,294
1732,21,29,5000900,270,139,131
1733,21,29,5001000,379,197,182
1734,21,29,5001100,366,170,196
1735,21,29,5001200,264,134,130
1736,21,29,5001300,103,48,55
1737,21,29,5001400,198,100,98
1738,21,29,5001500,175,89,86
1739,21,29,5001600,201,94,107
1740,21,29,5001700,499,243,256
1741,21,29,5001800,430,208,222
1742,21,29,5001900,572,278,294
1743,21,29,5002000,994,476,518
1744,21,29,5002100,1383,685,698
1745,21,29,5002200,62,26,36
1746,21,29,5002300,35,17,18
1747,21,29,5002400,39,20,19
1748,21,29,5002500,56,29,27
1749,21,29,5002600,74,32,42
1750,21,29,5002700,81,40,41
1751,21,29,5002800,125,62,63
1752,21,29,5002900,52,24,28
1753,21,29,5003000,147,65,82
1754,21,29,5003100,88,39,49
1755,21,29,5003200,39,18,21
1756,21,29,5003300,54,31,23
1757,21,29,5003400,53,32,21
1758,21,29,5003500,542,273,269
1759,21,29,5003600,159,85,74
1760,21,29,5003700,39,18,21
1761,21,29,5003800,307,166,141
1762,21,29,5003900,74,41,33
1763,21,29,5004000,61,33,28
1764,21,29,5004100,59,29,30
1765,21,29,5004200,58,31,27
1766,21,29,5004300,93,45,48
1767,21,29,5004400,244,124,120
1768,21,29,5004500,129,72,57
1769,21,29,5004600,189,94,95
1770,21,29,5004700,82,32,50
1771,21,29,5004800,130,72,58
1772,21,29,5004900,95,51,44
1773,21,29,5005000,131,66,65
1774,21,29,5005100,221,103,118
1775,21,29,5005200,41,20,21
1776,21,29,5005300,25,13,12
1777,21,29,5005400,37,21,16
1778,21,29,5005500,48,26,22
1779,21,29,5005600,75,36,39
1780,21,29,5005700,62,35,27
1781,21,29,5005800,36,20,16
1782,21,29,5005900,233,124,109
1783,21,29,5006000,245,107,138
1784,21,29,5006100,349,184,165
1785,21,29,5006200,518,250,268
1786,21,29,5006300,147,77,70
1787,21,29,5006400,312,163,149
1788,21,29,5006500,19,10,9
1789,21,29,5006600,69,33,36
1790,21,29,5006700,39,19,20
1791,21,29,5006800,96,52,44
1792,21,29,5006900,69,40,29
1793,21,29,5007000,0,0,0
1794,21,29,5007100,19,8,11
1795,21,29,5007200,99,46,53
1796,21,29,5007300,39,20,19
1797,21,29,5007400,84,45,39
1798,21,29,5007500,64,34,30
1799,21,29,5007600,84,38,46
1800,21,29,5007700,59,20,39
1801,21,29,5007800,13,7,6
1802,21,29,5007900,123,45,78
1803,21,29,5008000,0,0,0
1804,21,29,5008100,43,20,23
1805,21,29,5008200,162,83,79
1806,21,29,5008300,99,48,51
1807,21,29,5008400,0,0,0
1808,21,29,5008500,0,0,0
1809,21,29,5008600,0,0,0
1810,21,29,5008700,0,0,0
1811,21,29,5008800,0,0,0
1812,21,29,5008900,0,0,0
1813,21,29,5009000,68,34,34
1814,21,29,5009100,91,39,52
1815,21,29,5009200,157,69,88
1816,21,29,5009300,91,48,43
1817,21,29,5009400,26,13,13
1818,21,29,5009500,0,0,0
1819,21,29,5009600,0,0,0
1820,21,29,5009700,0,0,0
1821,21,29,5009800,72,32,40
1822,21,29,5009900,0,0,0
1823,21,29,5010000,0,0,0
1824,21,29,5010100,0,0,0
1825,21,29,5010200,0,0,0
1826,21,29,5010300,78,33,45
1827,21,29,5010400,98,50,48
1828,21,29,5010500,67,33,34
1829,21,29,5010600,81,41,40
1830,21,29,5010700,23,10,13
1831,21,29,5010800,0,0,0
1832,21,29,5010900,35,16,19
1833,21,29,5011000,27,13,14
1834,21,29,5011100,41,21,20
1835,21,29,5011200,44,16,28
1836,21,29,5011300,48,22,26
1837,21,29,5011400,41,17,24
1838,21,29,5011500,54,27,27
1839,21,29,5011600,13,4,9
1840,21,29,5011700,44,22,22
1841,21,29,5011800,32,13,19
1842,21,29,5011900,24,10,14
1843,21,29,5012000,13,6,7
1844,21,29,5012100,63,32,31
1845,21,29,5012200,23,13,10
1846,21,29,5012300,173,86,87
1847,21,29,5012400,61,31,30
1848,21,29,5012500,39,16,23
1849,21,29,5012600,24,12,12
1850,21,29,5012700,12,6,6
1851,21,29,5012800,71,36,35
1852,21,29,5012900,66,34,32
1853,21,29,5013000,41,21,20
1854,21,29,5013100,108,57,51
1855,21,29,5013200,20,11,9
1856,21,29,5013300,30,13,17
1857,21,29,5013400,89,43,46
1858,21,29,5013500,114,53,61
1859,21,29,5013600,34,18,16
1860,21,29,5013700,641,319,322
1861,21,29,5013800,4821,2401,2420
1862,21,29,5013900,608,305,303
1863,21,29,5014000,384,206,178
1864,21,29,5014100,283,134,149
1865,21,29,5014200,565,283,282
1866,21,29,5014300,638,312,326
1867,21,29,5014400,216,104,112
1868,21,29,5014500,215,102,113
1869,21,29,5014600,145,67,78
1870,21,29,5014700,1121,545,576
1871,21,29,5014800,2454,1270,1184
1872,21,29,5014900,981,478,503
1873,21,29,5015000,1080,575,505
1874,21,29,5015100,207,111,96
1875,21,29,5015200,513,241,272
1876,21,29,5015300,355,169,186
1877,21,29,5015400,895,460,435
1878,21,29,5015500,843,431,412
1879,21,29,5015600,277,140,137
1880,21,29,5015700,75,41,34
1881,21,29,5015800,866,431,435
1882,21,29,5015900,444,211,233
1883,21,29,5016000,925,462,463
1884,21,29,5016100,948,485,463
1885,21,29,5016200,36,20,16
1886,21,29,5016300,377,173,204
1887,21,29,5016400,217,104,113
1888,21,29,5016500,157,73,84
1889,21,29,5016600,439,221,218
1890,21,29,5016700,651,327,324
1891,21,29,5016800,208,106,102
1892,21,29,5016900,388,209,179
1893,21,29,5017000,1797,907,890
1894,21,29,5017100,871,449,422
1895,21,29,5017200,582,287,295
1896,21,29,5017300,0,0,0
1897,21,29,5017400,1842,947,895
1898,21,29,5017500,345,187,158
1899,21,29,5017600,1725,861,864
1900,21,29,5017700,196,101,95
1901,21,29,5017800,0,0,0
1902,21,29,5017900,1558,810,748
1903,21,29,5018000,2759,1388,1371
1904,21,29,5018100,276,137,139
1905,21,29,5018200,194,103,91
1906,21,29,5018300,208,94,114
1907,21,29,5018400,937,478,459
1908,21,29,5018500,151,69,82
1909,21,29,5018600,441,227,214
1910,21,29,5018700,393,194,199
1911,21,29,5018800,248,117,131
1912,21,29,5018900,286,138,148
1913,21,29,5019000,880,419,461
1914,21,29,5019100,499,232,267
1915,21,29,5019200,1590,794,796
1916,21,29,5019300,1196,589,607
1917,21,29,5019400,331,159,172
1918,21,29,5019500,0,0,0
1919,21,29,5019600,3213,1624,1589
1920,21,29,5019700,460,228,232
1921,21,29,5019800,0,0,0
1922,21,29,5019900,1105,539,566
1923,21,29,5020000,0,0,0
1924,21,29,5020100,529,252,277
1925,21,29,5020200,668,333,335
1926,21,29,5020300,297,136,161
1927,21,29,5020400,196,98,98
1928,21,29,5020500,411,194,217
1929,21,29,5020600,197,100,97
1930,21,29,5020700,1526,707,819
1931,21,29,5020800,148,74,74
1932,21,29,5020900,3106,1593,1513
1933,21,29,5021000,1650,850,800
1934,21,29,5021100,1845,943,902
1935,21,29,5021200,0,0,0
1936,21,29,5021300,1559,775,784
1937,21,29,5021400,2421,1267,1154
1938,21,29,5021500,374,180,194
1939,21,29,5021600,1045,503,542
1940,21,29,5021700,126,67,59
1941,21,29,5021800,0,0,0
1942,21,29,5021900,458,220,238
1943,21,29,5022000,293,138,155
1944,21,29,5022100,70,38,32
1945,21,29,5022200,464,219,245
1946,21,29,5022300,463,241,222
1947,21,29,5022400,516,248,268
1948,21,29,5022500,751,370,381
1949,21,29,5022600,203,94,109
1950,21,29,5022700,216,105,111
1951,21,29,5022800,281,138,143
1952,21,29,5022900,195,94,101
1953,21,29,5023000,156,81,75
1954,21,29,5023100,208,94,114
1955,21,29,5023200,673,337,336
1956,21,29,5023300,716,353,363
1957,21,29,5023400,157,81,76
1958,21,29,5023500,0,0,0
1959,21,29,5023600,561,278,283
1960,21,29,5023700,211,103,108
1961,21,29,5023800,509,248,261
1962,21,29,5023900,896,457,439
1963,21,29,5024000,1321,663,658
1964,21,29,5024100,111,55,56
1965,21,29,5024200,807,411,396
1966,21,29,5024300,464,229,235
1967,21,29,5024400,603,289,314
1968,21,29,5024500,111,58,53
1969,21,29,5024600,335,178,157
1970,21,29,5024700,890,471,419
1971,21,29,5024800,285,141,144
1972,21,29,5024900,1103,548,555
1973,21,29,5025000,784,409,375
1974,21,29,5025100,704,348,356
1975,21,29,5025200,449,230,219
1976,21,29,5025300,132,71,61
1977,21,29,5025400,871,421,450
1978,21,29,5025500,244,117,127
1979,21,29,5025600,410,202,208
1980,21,29,5025700,249,115,134
1981,21,29,5025800,80,34,46
1982,21,29,5025900,152,75,77
1983,21,29,5026000,191,95,96
1984,21,29,5026100,42,21,21
1985,21,29,5026200,111,58,53
1986,21,29,5026300,111,52,59
1987,21,29,5026400,583,286,297
1988,21,29,5026500,99,50,49
1989,21,29,5026600,193,97,96
1990,21,29,5026700,188,90,98
1991,21,29,5026800,112,56,56
1992,21,29,5026900,60,27,33
1993,21,29,5027000,151,70,81
1994,21,29,5027100,97,51,46
1995,21,29,5027200,1317,640,677
1996,21,29,5027300,1005,519,486
1997,21,29,5027400,3908,1943,1965
1998,21,29,5027500,874,447,427
1999,21,29,5027600,723,374,349
2000,21,29,5027700,1394,699,695
2001,21,29,5027800,760,379,381
2002,21,29,5027900,704,366,338
2003,21,29,5028000,119,65,54
2004,21,29,5028100,1642,804,838
2005,21,29,5028200,423,208,215
2006,21,29,5028300,316,166,150
2007,21,29,5028400,631,313,318
2008,21,29,5028500,299,146,153
2009,21,29,5028600,338,153,185
2010,21,29,5028700,2537,1285,1252
2011,21,29,5028800,746,375,371
2012,21,29,5028900,224,115,109
2013,21,29,5029000,97,48,49
2014,21,29,5029100,142,75,67
2015,21,29,5029200,69,37,32
2016,21,29,5029300,211,108,103
2017,21,29,5029400,124,66,58
2018,21,29,5029500,2003,986,1017
2019,21,29,5029600,264,132,132
2020,21,29,5029700,2206,1068,1138
2021,21,29,5029800,430,217,213
2022,21,29,5029900,323,182,141
2023,21,29,5030000,707,349,358
2024,21,29,5030100,1010,484,526
2025,21,29,5030200,317,146,171
2026,21,29,5030300,81,41,40
2027,21,29,5030400,1717,852,865
