,Statecode,Districtcode,VillageCode,Population,Males,Females
0,21,27,4470900,32,16,16
1,21,27,4471000,33,14,19
2,21,27,4471100,32,17,15
3,21,27,4471200,42,20,22
4,21,27,4471300,31,17,14
5,21,27,4471400,44,22,22
6,21,27,4471500,21,11,10
7,21,27,4471600,75,43,32
8,21,27,4471700,311,158,153
9,21,27,4471800,562,271,291
10,21,27,4471900,78,42,36
11,21,27,4472000,531,265,266
12,21,27,4472100,32,15,17
13,21,27,4472200,0,0,0
14,21,27,4472300,9,3,6
15,21,27,4472400,58,32,26
16,21,27,4472500,41,19,22
17,21,27,4472600,0,0,0
18,21,27,4472700,78,39,39
19,21,27,4472800,40,22,18
20,21,27,4472900,44,23,21
21,21,27,4473000,0,0,0
22,21,27,4473100,45,26,19
23,21,27,4473200,25,8,17
24,21,27,4473300,0,0,0
25,21,27,4473400,15,7,8
26,21,27,4473500,0,0,0
27,21,27,4473600,52,28,24
28,21,27,4473700,22,9,13
29,21,27,4473800,0,0,0
30,21,27,4473900,0,0,0
31,21,27,4474000,21,10,11
32,21,27,4474100,78,32,46
33,21,27,4474200,18,8,10
34,21,27,4474300,95,45,50
35,21,27,4474400,46,21,25
36,21,27,4474500,50,26,24
37,21,27,4474600,26,11,15
38,21,27,4474700,90,46,44
39,21,27,4474800,18,5,13
40,21,27,4474900,25,10,15
41,21,27,4475000,195,99,96
42,21,27,4475100,20,10,10
43,21,27,4475200,55,27,28
44,21,27,4475300,23,9,14
45,21,27,4475400,0,0,0
46,21,27,4475500,42,22,20
47,21,27,4475600,327,152,175
48,21,27,4475700,25,13,12
49,21,27,4475800,77,32,45
50,21,27,4475900,65,26,39
51,21,27,4476000,0,0,0
52,21,27,4476100,14,5,9
53,21,27,4476200,14,6,8
54,21,27,4476300,18,8,10
55,21,27,4476400,22,11,11
56,21,27,4476500,39,21,18
57,21,27,4476600,64,29,35
58,21,27,4476700,0,0,0
59,21,27,4476800,150,78,72
60,21,27,4476900,19,7,12
61,21,27,4477000,19,10,9
62,21,27,4477100,14,7,7
63,21,27,4477200,41,22,19
64,21,27,4477300,34,16,18
65,21,27,4477400,4,1,3
66,21,27,4477500,6,6,0
67,21,27,4477600,19,10,9
68,21,27,4477700,7,5,2
69,21,27,4477800,1,0,1
70,21,27,4477900,24,9,15
71,21,27,4478000,0,0,0
72,21,27,4478100,212,98,114
73,21,27,4478200,460,219,241
74,21,27,4478300,55,26,29
75,21,27,4478400,87,35,52
76,21,27,4478500,56,28,28
77,21,27,4478600,38,19,19
78,21,27,4478700,9,5,4
79,21,27,4478800,3,1,2
80,21,27,4478900,50,27,23
81,21,27,4479000,57,26,31
82,21,27,4479100,13,4,9
83,21,27,4479200,78,43,35
84,21,27,4479300,14,8,6
85,21,27,4479400,0,0,0
86,21,27,4479500,62,33,29
87,21,27,4479600,91,45,46
88,21,27,4479700,215,110,105
89,21,27,4479800,17,7,10
90,21,27,4479900,76,38,38
91,21,27,4480000,177,82,95
92,21,27,4480100,130,63,67
93,21,27,4480200,124,64,60
94,21,27,4480300,20,11,9
95,21,27,4480400,94,48,46
96,21,27,4480500,124,61,63
97,21,27,4480600,117,54,63
98,21,27,4480700,64,32,32
99,21,27,4480800,35,13,22
100,21,27,4480900,0,0,0
101,21,27,4481000,32,20,12
102,21,27,4481100,87,47,40
103,21,27,4481200,93,49,44
104,21,27,4481300,190,100,90
105,21,27,4481400,12,4,8
106,21,27,4481500,0,0,0
107,21,27,4481600,0,0,0
108,21,27,4481700,66,36,30
109,21,27,4481800,0,0,0
110,21,27,4481900,0,0,0
111,21,27,4482000,35,19,16
112,21,27,4482100,134,65,69
113,21,27,4482200,199,97,102
114,21,27,4482300,137,69,68
115,21,27,4482400,21,13,8
116,21,27,4482500,14,8,6
117,21,27,4482600,0,0,0
118,21,27,4482700,19,10,9
119,21,27,4482800,160,82,78
120,21,27,4482900,55,27,28
121,21,27,4483000,47,24,23
122,21,27,4483100,297,147,150
123,21,27,4483200,202,86,116
124,21,27,4483300,43,19,24
125,21,27,4483400,114,50,64
126,21,27,4483500,188,89,99
127,21,27,4483600,115,61,54
128,21,27,4483700,389,189,200
129,21,27,4483800,117,58,59
130,21,27,4483900,63,39,24
131,21,27,4484000,131,72,59
132,21,27,4484100,371,205,166
133,21,27,4484200,198,102,96
134,21,27,4484300,130,63,67
135,21,27,4484400,87,42,45
136,21,27,4484500,88,47,41
137,21,27,4484600,178,90,88
138,21,27,4484700,166,89,77
139,21,27,4484800,333,165,168
140,21,27,4484900,591,305,286
141,21,27,4485000,342,227,115
142,21,27,4485100,1250,655,595
143,21,27,4485200,2501,1284,1217
144,21,27,4485300,131,62,69
145,21,27,4485400,50,26,24
146,21,27,4485500,90,51,39
147,21,27,4485600,47,23,24
148,21,27,4485700,34,19,15
149,21,27,4485800,0,0,0
150,21,27,4485900,0,0,0
151,21,27,4486000,39,19,20
152,21,27,4486100,6,3,3
153,21,27,4486200,0,0,0
154,21,27,4486300,28,13,15
155,21,27,4486400,39,23,16
156,21,27,4486500,39,19,20
157,21,27,4486600,65,28,37
158,21,27,4486700,28,13,15
159,21,27,4486800,0,0,0
160,21,27,4486900,56,32,24
161,21,27,4487000,303,159,144
162,21,27,4487100,9,3,6
163,21,27,4487200,6,4,2
164,21,27,4487300,13,7,6
165,21,27,4487400,43,18,25
166,21,27,4487500,3,2,1
167,21,27,4487600,11,6,5
168,21,27,4487700,69,32,37
169,21,27,4487800,51,26,25
170,21,27,4487900,70,32,38
171,21,27,4488000,22,13,9
172,21,27,4488100,46,20,26
173,21,27,4488200,34,14,20
174,21,27,4488300,0,0,0
175,21,27,4488400,58,31,27
176,21,27,4488500,87,38,49
177,21,27,4488600,1,0,1
178,21,27,4488700,2689,1372,1317
179,21,27,4488800,260,137,123
180,21,27,4488900,157,82,75
181,21,27,4489000,281,134,147
182,21,27,4489100,382,192,190
183,21,27,4489200,35,18,17
184,21,27,4489300,0,0,0
185,21,27,4489400,211,100,111
186,21,27,4489500,79,33,46
187,21,27,4489600,105,52,53
188,21,27,4489700,0,0,0
189,21,27,4489800,0,0,0
190,21,27,4489900,147,72,75
191,21,27,4490000,54,24,30
192,21,27,4490100,0,0,0
193,21,27,4490200,57,29,28
194,21,27,4490300,143,72,71
195,21,27,4490400,392,200,192
196,21,27,4490500,87,43,44
197,21,27,4490600,98,48,50
198,21,27,4490700,38,20,18
199,21,27,4490800,8,2,6
200,21,27,4490900,0,0,0
201,21,27,4491000,13,6,7
202,21,27,4491100,0,0,0
203,21,27,4491200,63,26,37
204,21,27,4491300,120,59,61
205,21,27,4491400,81,36,45
206,21,27,4491500,70,30,40
207,21,27,4491600,0,0,0
208,21,27,4491700,22,7,15
209,21,27,4491800,32,13,19
210,21,27,4491900,69,34,35
211,21,27,4492000,0,0,0
212,21,27,4492100,129,57,72
213,21,27,4492200,71,30,41
214,21,27,4492300,15,7,8
215,21,27,4492400,111,52,59
216,21,27,4492500,122,60,62
217,21,27,4492600,36,18,18
218,21,27,4492700,86,39,47
219,21,27,4492800,83,39,44
220,21,27,4492900,7,4,3
221,21,27,4493000,143,73,70
222,21,27,4493100,38,18,20
223,21,27,4493200,306,178,128
224,21,27,4493300,164,84,80
225,21,27,4493400,943,487,456
226,21,27,4493500,0,0,0
227,21,27,4493600,49,24,25
228,21,27,4493700,0,0,0
229,21,27,4493800,45,26,19
230,21,27,4493900,23,10,13
231,21,27,4494000,45,22,23
232,21,27,4494100,124,62,62
233,21,27,4494200,58,30,28
234,21,27,4494300,61,30,31
235,21,27,4494400,205,97,108
236,21,27,4494500,64,32,32
237,21,27,4494600,41,22,19
238,21,27,4494700,108,51,57
239,21,27,4494800,237,124,113
240,21,27,4494900,65,34,31
241,21,27,4495000,54,24,30
242,21,27,4495100,193,90,103
243,21,27,4495200,81,43,38
244,21,27,4495300,84,40,44
245,21,27,4495400,39,13,26
246,21,27,4495500,98,44,54
247,21,27,4495600,193,96,97
248,21,27,4495700,86,38,48
249,21,27,4495800,43,18,25
250,21,27,4495900,40,21,19
251,21,27,4496000,412,191,221
252,21,27,4496100,155,71,84
253,21,27,4496200,31,13,18
254,21,27,4496300,137,62,75
255,21,27,4496400,0,0,0
256,21,27,4496500,380,182,198
257,21,27,4496600,83,38,45
258,21,27,4496700,52,24,28
259,21,27,4496800,195,98,97
260,21,27,4496900,104,52,52
261,21,27,4497000,290,141,149
262,21,27,4497100,0,0,0
263,21,27,4497200,130,59,71
264,21,27,4497300,419,211,208
265,21,27,4497400,31,14,17
266,21,27,4497500,0,0,0
267,21,27,4497600,19,11,8
268,21,27,4497700,219,108,111
269,21,27,4497800,0,0,0
270,21,27,4497900,122,57,65
271,21,27,4498000,13,8,5
272,21,27,4498100,48,23,25
273,21,27,4498200,58,27,31
274,21,27,4498300,130,64,66
275,21,27,4498400,72,40,32
276,21,27,4498500,0,0,0
277,21,27,4498600,47,23,24
278,21,27,4498700,0,0,0
279,21,27,4498800,0,0,0
280,21,27,4498900,526,271,255
281,21,27,4499000,155,78,77
282,21,27,4499100,125,59,66
283,21,27,4499200,98,37,61
284,21,27,4499300,97,45,52
285,21,27,4499400,86,45,41
286,21,27,4499500,130,69,61
287,21,27,4499600,0,0,0
288,21,27,4499700,255,124,131
289,21,27,4499800,337,154,183
290,21,27,4499900,851,471,380
291,21,27,4500000,112,55,57
292,21,27,4500100,0,0,0
293,21,27,4500200,157,83,74
294,21,27,4500300,26,13,13
295,21,27,4500400,172,82,90
296,21,27,4500500,336,164,172
297,21,27,4500600,255,135,120
298,21,27,4500700,91,48,43
299,21,27,4500800,219,99,120
300,21,27,4500900,128,61,67
301,21,27,4501000,91,51,40
302,21,27,4501100,87,39,48
303,21,27,4501200,143,65,78
304,21,27,4501300,95,45,50
305,21,27,4501400,17,9,8
306,21,27,4501500,233,107,126
307,21,27,4501600,569,282,287
308,21,27,4501700,6,2,4
309,21,27,4501800,307,144,163
310,21,27,4501900,37,19,18
311,21,27,4502000,243,124,119
312,21,27,4502100,75,37,38
313,21,27,4502200,179,84,95
314,21,27,4502300,177,85,92
315,21,27,4502400,281,137,144
316,21,27,4502500,154,72,82
317,21,27,4502600,333,164,169
318,21,27,4502700,466,234,232
319,21,27,4502800,0,0,0
320,21,27,4502900,392,215,177
321,21,27,4503000,104,54,50
322,21,27,4503100,75,35,40
323,21,27,4503200,72,34,38
324,21,27,4503300,9,6,3
325,21,27,4503400,69,39,30
326,21,27,4503500,333,168,165
327,21,27,4503600,52,25,27
328,21,27,4503700,0,0,0
329,21,27,4503800,0,0,0
330,21,27,4503900,26,11,15
331,21,27,4504000,0,0,0
332,21,27,4504100,0,0,0
333,21,27,4504200,55,24,31
334,21,27,4504300,13,5,8
335,21,27,4504400,61,25,36
336,21,27,4504500,53,29,24
337,21,27,4504600,0,0,0
338,21,27,4504700,254,115,139
339,21,27,4504800,259,116,143
340,21,27,4504900,24,10,14
341,21,27,4505000,190,97,93
342,21,27,4505100,0,0,0
343,21,27,4505200,596,281,315
344,21,27,4505300,447,210,237
345,21,27,4505400,96,51,45
346,21,27,4505500,141,65,76
347,21,27,4505600,471,229,242
348,21,27,4505700,92,46,46
349,21,27,4505800,51,23,28
350,21,27,4505900,163,74,89
351,21,27,4506000,90,43,47
352,21,27,4506100,628,307,321
353,21,27,4506200,1139,597,542
354,21,27,4506300,0,0,0
355,21,27,4506400,137,69,68
356,21,27,4506500,854,435,419
357,21,27,4506600,101,53,48
358,21,27,4506700,294,158,136
359,21,27,4506800,209,109,100
360,21,27,4506900,150,74,76
361,21,27,4507000,379,187,192
362,21,27,4507100,34,19,15
363,21,27,4507200,262,130,132
364,21,27,4507300,42,22,20
365,21,27,4507400,52,23,29
366,21,27,4507500,30,16,14
367,21,27,4507600,71,34,37
368,21,27,4507700,55,27,28
369,21,27,4507800,87,42,45
370,21,27,4507900,57,23,34
371,21,27,4508000,0,0,0
372,21,27,4508100,189,90,99
373,21,27,4508200,0,0,0
374,21,27,4508300,192,95,97
375,21,27,4508400,299,148,151
376,21,27,4508500,52,25,27
377,21,27,4508600,88,46,42
378,21,27,4508700,72,41,31
379,21,27,4508800,235,107,128
380,21,27,4508900,26,17,9
381,21,27,4509000,227,112,115
382,21,27,4509100,31,21,10
383,21,27,4509200,178,82,96
384,21,27,4509300,144,66,78
385,21,27,4509400,39,19,20
386,21,27,4509500,80,44,36
387,21,27,4509600,32,9,23
388,21,27,4509700,7,4,3
389,21,27,4509800,921,447,474
390,21,27,4509900,137,66,71
391,21,27,4510000,16,5,11
392,21,27,4510100,109,56,53
393,21,27,4510200,191,93,98
394,21,27,4510300,70,33,37
395,21,27,4510400,328,138,190
396,21,27,4510500,1881,988,893
397,21,27,4510600,96,48,48
398,21,27,4510700,54,26,28
399,21,27,4510800,113,51,62
400,21,27,4510900,79,41,38
401,21,27,4511000,0,0,0
402,21,27,4511100,150,71,79
403,21,27,4511200,0,0,0
404,21,27,4511300,0,0,0
405,21,27,4511400,88,37,51
406,21,27,4511500,60,28,32
407,21,27,4511600,562,359,203
408,21,27,4511700,80,39,41
409,21,27,4511800,12,5,7
410,21,27,4511900,117,63,54
411,21,27,4512000,124,56,68
412,21,27,4512100,276,134,142
413,21,27,4512200,261,130,131
414,21,27,4512300,11,6,5
415,21,27,4512400,36,20,16
416,21,27,4512500,177,85,92
417,21,27,4512600,225,117,108
418,21,27,4512700,24,12,12
419,21,27,4512800,105,49,56
420,21,27,4512900,4,1,3
421,21,27,4513000,52,21,31
422,21,27,4513100,29,14,15
423,21,27,4513200,104,52,52
424,21,27,4513300,232,120,112
425,21,27,4513400,66,36,30
426,21,27,4513500,4,2,2
427,21,27,4513600,276,142,134
428,21,27,4513700,85,40,45
429,21,27,4513800,208,93,115
430,21,27,4513900,11,5,6
431,21,27,4514000,681,334,347
432,21,27,4514100,231,118,113
433,21,27,4514200,255,122,133
434,21,27,4514300,349,161,188
435,21,27,4514400,607,283,324
436,21,27,4514500,72,32,40
437,21,27,4514600,314,147,167
438,21,27,4514700,82,38,44
439,21,27,4514800,340,163,177
440,21,27,4514900,523,251,272
441,21,27,4515000,122,62,60
442,21,27,4515100,13,5,8
443,21,27,4515200,63,31,32
444,21,27,4515300,376,196,180
445,21,27,4515400,105,44,61
446,21,27,4515500,31,17,14
447,21,27,4515600,52,21,31
448,21,27,4515700,78,35,43
449,21,27,4515800,61,20,41
450,21,27,4515900,6,2,4
451,21,27,4516000,0,0,0
452,21,27,4516100,53,26,27
453,21,27,4516200,0,0,0
454,21,27,4516300,44,21,23
455,21,27,4516400,384,170,214
456,21,27,4516500,46,19,27
457,21,27,4516600,136,58,78
458,21,27,4516700,314,129,185
459,21,27,4516800,239,97,142
460,21,27,4516900,98,37,61
461,21,27,4517000,156,53,103
462,21,27,4517100,463,222,241
463,21,27,4517200,117,36,81
464,21,27,4517300,15,6,9
465,21,27,4517400,126,60,66
466,21,27,4517500,0,0,0
467,21,27,4517600,756,369,387
468,21,27,4517700,1445,689,756
469,21,27,4517800,5363,2760,2603
470,21,27,4517900,1290,641,649
471,21,27,4518000,89,44,45
472,21,27,4518100,2463,1240,1223
473,21,27,4518200,239,89,150
474,21,27,4518300,162,78,84
475,21,27,4518400,252,124,128
476,21,27,4518500,10,4,6
477,21,27,4518600,411,194,217
478,21,27,4518700,74,32,42
479,21,27,4518800,0,0,0
480,21,27,4518900,0,0,0
481,21,27,4519000,405,207,198
482,21,27,4519100,39,19,20
483,21,27,4519200,26,10,16
484,21,27,4519300,183,88,95
485,21,27,4519400,297,153,144
486,21,27,4519500,163,84,79
487,21,27,4519600,374,189,185
488,21,27,4519700,626,316,310
489,21,27,4519800,33,16,17
490,21,27,4519900,56,26,30
491,21,27,4520000,336,170,166
492,21,27,4520100,918,462,456
493,21,27,4520200,403,211,192
494,21,27,4520300,281,137,144
495,21,27,4520400,1081,529,552
496,21,27,4520500,459,222,237
497,21,27,4520600,87,49,38
498,21,27,4520700,396,196,200
499,21,27,4520800,350,173,177
500,21,27,4520900,0,0,0
501,21,27,4521000,47,21,26
502,21,27,4521100,91,45,46
503,21,27,4521200,142,73,69
504,21,27,4521300,171,85,86
505,21,27,4521400,141,65,76
506,21,27,4521500,75,37,38
507,21,27,4521600,58,27,31
508,21,27,4521700,241,104,137
509,21,27,4521800,46,24,22
510,21,27,4521900,4,3,1
511,21,27,4522000,1193,668,525
512,21,27,4522100,212,104,108
513,21,27,4522200,0,0,0
514,21,27,4522300,61,32,29
515,21,27,4522400,112,51,61
516,21,27,4522500,48,21,27
517,21,27,4522600,0,0,0
518,21,27,4522700,289,148,141
519,21,27,4522800,44,22,22
520,21,27,4522900,209,108,101
521,21,27,4523000,8,4,4
522,21,27,4523100,94,52,42
523,21,27,4523200,42,22,20
524,21,27,4523300,83,39,44
525,21,27,4523400,163,76,87
526,21,27,4523500,57,32,25
527,21,27,4523600,14,6,8
528,21,27,4523700,246,128,118
529,21,27,4523800,70,39,31
530,21,27,4523900,11,6,5
531,21,27,4524000,581,303,278
532,21,27,4524100,164,91,73
533,21,27,4524200,114,53,61
534,21,27,4524300,40,21,19
535,21,27,4524400,75,38,37
536,21,27,4524500,250,129,121
537,21,27,4524600,106,57,49
538,21,27,4524700,58,26,32
539,21,27,4524800,52,24,28
540,21,27,4524900,362,187,175
541,21,27,4525000,228,125,103
542,21,27,4525100,49,28,21
543,21,27,4525200,136,65,71
544,21,27,4525300,166,78,88
545,21,27,4525400,132,69,63
546,21,27,4525500,255,127,128
547,21,27,4525600,453,222,231
548,21,27,4525700,66,32,34
549,21,27,4525800,196,100,96
550,21,27,4525900,205,106,99
551,21,27,4526000,106,44,62
552,21,27,4526100,211,106,105
553,21,27,4526200,30,15,15
554,21,27,4526300,139,64,75
555,21,27,4526400,236,122,114
556,21,27,4526500,67,39,28
557,21,27,4526600,84,41,43
558,21,27,4526700,264,126,138
559,21,27,4526800,143,71,72
560,21,27,4526900,78,39,39
561,21,27,4527000,64,30,34
562,21,27,4527100,6,3,3
563,21,27,4527200,66,32,34
564,21,27,4527300,74,37,37
565,21,27,4527400,208,104,104
566,21,27,4527500,0,0,0
567,21,27,4527600,76,40,36
568,21,27,4527700,193,104,89
569,21,27,4527800,90,46,44
570,21,27,4527900,26,16,10
571,21,27,4528000,88,46,42
572,21,27,4528100,45,26,19
573,21,27,4528200,87,45,42
574,21,27,4528300,29,17,12
575,21,27,4528400,61,34,27
576,21,27,4528500,57,25,32
577,21,27,4528600,45,20,25
578,21,27,4528700,130,72,58
579,21,27,4528800,43,23,20
580,21,27,4528900,0,0,0
581,21,27,4529000,0,0,0
582,21,27,4529100,426,206,220
583,21,27,4529200,296,138,158
584,21,27,4529300,77,39,38
585,21,27,4529400,52,29,23
586,21,27,4529500,120,58,62
587,21,27,4529600,26,15,11
588,21,27,4529700,30,14,16
589,21,27,4529800,50,26,24
590,21,27,4529900,62,26,36
591,21,27,4530000,212,106,106
592,21,27,4530100,21,9,12
593,21,27,4530200,103,45,58
594,21,27,4530300,71,34,37
595,21,27,4530400,115,58,57
596,21,27,4530500,33,14,19
597,21,27,4530600,0,0,0
598,21,27,4530700,119,58,61
599,21,27,4530800,641,318,323
600,21,27,4530900,156,93,63
601,21,27,4531000,15,9,6
602,21,27,4531100,120,59,61
603,21,27,4531200,118,58,60
604,21,27,4531300,200,100,100
605,21,27,4531400,85,37,48
606,21,27,4531500,256,128,128
607,21,27,4531600,65,32,33
608,21,27,4531700,197,109,88
609,21,27,4531800,155,72,83
610,21,27,4531900,115,56,59
611,21,27,4532000,85,40,45
612,21,27,4532100,137,61,76
613,21,27,4532200,104,55,49
614,21,27,4532300,126,72,54
615,21,27,4532400,0,0,0
616,21,27,4532500,85,45,40
617,21,27,4532600,23,13,10
618,21,27,4532700,143,48,95
619,21,27,4532800,167,76,91
620,21,27,4532900,294,125,169
621,21,27,4533000,85,40,45
622,21,27,4533100,370,171,199
623,21,27,4533200,282,141,141
624,21,27,4533300,138,62,76
625,21,27,4533400,168,91,77
626,21,27,4533500,508,237,271
627,21,27,4533600,401,196,205
628,21,27,4533700,0,0,0
629,21,27,4533800,160,73,87
630,21,27,4533900,1337,666,671
631,21,27,4534000,132,56,76
632,21,27,4534100,250,114,136
633,21,27,4534200,343,164,179
634,21,27,4534300,483,234,249
635,21,27,4534400,218,112,106
636,21,27,4534500,183,89,94
637,21,27,4534600,175,85,90
638,21,27,4534700,173,107,66
639,21,27,4534800,0,0,0
640,21,27,4534900,111,52,59
641,21,27,4535000,205,97,108
642,21,27,4535100,11,5,6
643,21,27,4535200,117,58,59
644,21,27,4535300,255,120,135
645,21,27,4535400,128,61,67
646,21,27,4535500,127,62,65
647,21,27,4535600,87,46,41
648,21,27,4535700,129,67,62
649,21,27,4535800,37,16,21
650,21,27,4535900,162,84,78
651,21,27,4536000,19,10,9
652,21,27,4536100,227,118,109
653,21,27,4536200,116,55,61
654,21,27,4536300,78,33,45
655,21,27,4536400,91,42,49
656,21,27,4536500,206,108,98
657,21,27,4536600,0,0,0
658,21,27,4536700,131,61,70
659,21,27,4536800,0,0,0
660,21,27,4536900,191,104,87
661,21,27,4537000,150,71,79
662,21,27,4537100,47,22,25
663,21,27,4537200,182,88,94
664,21,27,4537300,219,111,108
665,21,27,4537400,32,17,15
666,21,27,4537500,97,58,39
667,21,27,4537600,102,50,52
668,21,27,4537700,268,130,138
669,21,27,4537800,119,65,54
670,21,27,4537900,704,337,367
671,21,27,4538000,203,97,106
672,21,27,4538100,186,91,95
673,21,27,4538200,69,27,42
674,21,27,4538300,111,56,55
675,21,27,4538400,128,60,68
676,21,27,4538500,204,101,103
677,21,27,4538600,86,46,40
678,21,27,4538700,153,73,80
679,21,27,4538800,343,155,188
680,21,27,4538900,119,61,58
681,21,27,4539000,64,28,36
682,21,27,4539100,65,27,38
683,21,27,4539200,38,16,22
684,21,27,4539300,319,112,207
685,21,27,4539400,1149,520,629
686,21,27,4539500,695,321,374
687,21,27,4539600,221,105,116
688,21,27,4539700,108,52,56
689,21,27,4539800,181,106,75
690,21,27,4539900,316,133,183
691,21,27,4540000,123,55,68
692,21,27,4540100,214,94,120
693,21,27,4540200,32,14,18
694,21,27,4540300,115,47,68
695,21,27,4540400,47,20,27
696,21,27,4540500,74,37,37
697,21,27,4540600,26,10,16
698,21,27,4540700,92,44,48
699,21,27,4540800,169,85,84
700,21,27,4540900,0,0,0
701,21,27,4541000,8,4,4
702,21,27,4541100,52,22,30
703,21,27,4541200,266,128,138
704,21,27,4541300,77,36,41
705,21,27,4541400,360,161,199
706,21,27,4541500,147,67,80
707,21,27,4541600,4,1,3
708,21,27,4541700,187,95,92
709,21,27,4541800,14,5,9
710,21,27,4541900,267,119,148
711,21,27,4542000,113,54,59
712,21,27,4542100,252,125,127
713,21,27,4542200,136,72,64
714,21,27,4542300,273,131,142
715,21,27,4542400,0,0,0
716,21,27,4542500,112,52,60
717,21,27,4542600,57,29,28
718,21,27,4542700,984,508,476
719,21,27,4542800,60,28,32
720,21,27,4542900,0,0,0
721,21,27,4543000,120,57,63
722,21,27,4543100,172,89,83
723,21,27,4543200,83,38,45
724,21,27,4543300,208,101,107
725,21,27,4543400,499,251,248
726,21,27,4543500,114,57,57
727,21,27,4543600,139,78,61
728,21,27,4543700,13,8,5
729,21,27,4543800,236,110,126
730,21,27,4543900,108,47,61
731,21,27,4544000,253,147,106
732,21,27,4544100,323,164,159
733,21,27,4544200,93,48,45
734,21,27,4544300,130,56,74
735,21,27,4544400,137,66,71
736,21,27,4544500,134,59,75
737,21,27,4544600,124,56,68
738,21,27,4544700,0,0,0
739,21,27,4544800,156,79,77
740,21,27,4544900,0,0,0
741,21,27,4545000,124,62,62
742,21,27,4545100,0,0,0
743,21,27,4545200,0,0,0
744,21,27,4545300,111,48,63
745,21,27,4545400,233,113,120
746,21,27,4545500,91,36,55
747,21,27,4545600,33,15,18
748,21,27,4545700,0,0,0
749,21,27,4545800,193,103,90
750,21,27,4545900,71,31,40
751,21,27,4546000,165,86,79
752,21,27,4546100,97,50,47
753,21,27,4546200,54,30,24
754,21,27,4546300,170,86,84
755,21,27,4546400,39,15,24
756,21,27,4546500,65,27,38
757,21,27,4546600,22,10,12
758,21,27,4546700,189,98,91
759,21,27,4546800,174,85,89
760,21,27,4546900,187,96,91
761,21,27,4547000,0,0,0
762,21,27,4547100,373,172,201
763,21,27,4547200,743,425,318
764,21,27,4547300,0,0,0
765,21,27,4547400,16,6,10
766,21,27,4547500,49,26,23
767,21,27,4547600,99,41,58
768,21,27,4547700,0,0,0
769,21,27,4547800,144,68,76
770,21,27,4547900,86,45,41
771,21,27,4548000,289,142,147
772,21,27,4548100,150,59,91
773,21,27,4548200,76,38,38
774,21,27,4548300,100,45,55
775,21,27,4548400,57,28,29
776,21,27,4548500,207,111,96
777,21,27,4548600,235,117,118
778,21,27,4548700,80,41,39
779,21,27,4548800,425,199,226
780,21,27,4548900,866,474,392
781,21,27,4549000,606,299,307
782,21,27,4549100,71,30,41
783,21,27,4549200,699,324,375
784,21,27,4549300,1893,925,968
785,21,27,4549400,189,84,105
786,21,27,4549500,174,79,95
787,21,27,4549600,77,29,48
788,21,27,4549700,0,0,0
789,21,27,4549800,14,7,7
790,21,27,4549900,425,198,227
791,21,27,4550000,94,45,49
792,21,27,4550100,815,399,416
793,21,27,4550200,210,96,114
794,21,27,4550300,491,233,258
795,21,27,4550400,0,0,0
796,21,27,4550500,236,103,133
797,21,27,4550600,392,180,212
798,21,27,4550700,0,0,0
799,21,27,4550800,416,200,216
800,21,27,4550900,99,52,47
801,21,27,4551000,206,106,100
802,21,27,4551100,180,91,89
803,21,27,4551200,155,68,87
804,21,27,4551300,196,93,103
805,21,27,4551400,171,73,98
806,21,27,4551500,36,15,21
807,21,27,4551600,170,90,80
808,21,27,4551700,183,89,94
809,21,27,4551800,125,54,71
810,21,27,4551900,185,81,104
811,21,27,4552000,308,166,142
812,21,27,4552100,0,0,0
813,21,27,4552200,137,59,78
814,21,27,4552300,207,103,104
815,21,27,4552400,239,122,117
816,21,27,4552500,126,65,61
817,21,27,4552600,512,257,255
818,21,27,4552700,89,45,44
819,21,27,4552800,447,211,236
820,21,27,4552900,418,188,230
821,21,27,4553000,98,47,51
822,21,27,4553100,58,34,24
823,21,27,4553200,352,159,193
824,21,27,4553300,175,90,85
825,21,27,4553400,402,201,201
826,21,27,4553500,208,101,107
827,21,27,4553600,0,0,0
828,21,27,4553700,347,159,188
829,21,27,4553800,325,152,173
830,21,27,4553900,434,196,238
831,21,27,4554000,351,157,194
832,21,27,4554100,0,0,0
833,21,27,4554200,167,66,101
834,21,27,4554300,145,65,80
835,21,27,4554400,52,22,30
836,21,27,4554500,510,236,274
837,21,27,4554600,542,249,293
838,21,27,4554700,295,129,166
839,21,27,4554800,0,0,0
840,21,27,4554900,120,58,62
841,21,27,4555000,218,98,120
842,21,27,4555100,104,40,64
843,21,27,4555200,227,104,123
844,21,27,4555300,413,198,215
845,21,27,4555400,152,74,78
846,21,27,4555500,427,277,150
847,21,27,4555600,26,12,14
848,21,27,4555700,120,58,62
849,21,27,4555800,180,83,97
850,21,27,4555900,141,72,69
851,21,27,4556000,232,111,121
852,21,27,4556100,261,123,138
853,21,27,4556200,223,128,95
854,21,27,4556300,141,65,76
855,21,27,4556400,177,77,100
856,21,27,4556500,137,63,74
857,21,27,4556600,505,247,258
858,21,27,4556700,343,149,194
859,21,27,4556800,91,45,46
860,21,27,4556900,120,58,62
861,21,27,4557000,491,241,250
862,21,27,4557100,0,0,0
863,21,27,4557200,131,64,67
864,21,27,4557300,167,79,88
865,21,27,4557400,0,0,0
866,21,27,4557500,44,25,19
867,21,27,4557600,89,45,44
868,21,27,4557700,307,138,169
869,21,27,4557800,212,91,121
870,21,27,4557900,177,78,99
871,21,27,4558000,121,65,56
872,21,27,4558100,140,62,78
873,21,27,4558200,190,93,97
874,21,27,4558300,1034,541,493
875,21,27,4558400,130,54,76
876,21,27,4558500,210,85,125
877,21,27,4558600,0,0,0
878,21,27,4558700,470,240,230
879,21,27,4558800,157,69,88
880,21,27,4558900,147,73,74
881,21,27,4559000,155,72,83
882,21,27,4559100,114,51,63
883,21,27,4559200,0,0,0
884,21,27,4559300,0,0,0
885,21,27,4559400,0,0,0
886,21,27,4559500,22,8,14
887,21,27,4559600,0,0,0
888,21,27,4559700,174,81,93
889,21,27,4559800,244,128,116
890,21,27,4559900,134,65,69
891,21,27,4560000,164,85,79
892,21,27,4560100,130,64,66
893,21,27,4560200,148,74,74
894,21,27,4560300,229,93,136
895,21,27,4560400,0,0,0
896,21,27,4560500,170,81,89
897,21,27,4560600,507,248,259
898,21,27,4560700,216,94,122
899,21,27,4560800,176,77,99
900,21,27,4560900,70,30,40
901,21,27,4561000,1255,655,600
902,21,27,4561100,212,104,108
903,21,27,4561200,168,79,89
904,21,27,4561300,90,40,50
905,21,27,4561400,163,85,78
906,21,27,4561500,158,72,86
907,21,27,4561600,270,132,138
908,21,27,4561700,150,74,76
909,21,27,4561800,19,8,11
910,21,27,4561900,0,0,0
911,21,27,4562000,220,102,118
912,21,27,4562100,31,16,15
913,21,27,4562200,94,45,49
914,21,27,4562300,91,45,46
915,21,27,4562400,52,19,33
916,21,27,4562500,172,89,83
917,21,27,4562600,196,106,90
918,21,27,4562700,408,196,212
919,21,27,4562800,452,228,224
920,21,27,4562900,69,27,42
921,21,27,4563000,484,226,258
922,21,27,4563100,111,55,56
923,21,27,4563200,38,19,19
924,21,27,4563300,331,144,187
925,21,27,4563400,82,36,46
926,21,27,4563500,13,3,10
927,21,27,4563600,118,50,68
928,21,27,4563700,19,10,9
929,21,27,4563800,132,62,70
930,21,27,4563900,32,16,16
931,21,27,4564000,52,25,27
932,21,27,4564100,204,98,106
933,21,27,4564200,334,156,178
934,21,27,4564300,766,359,407
935,21,27,4564400,20,7,13
936,21,27,4564500,32,16,16
937,21,27,4564600,32,18,14
938,21,27,4564700,41,20,21
939,21,27,4564800,76,38,38
940,21,27,4564900,23,13,10
941,21,27,4565000,0,0,0
942,21,27,4565100,591,335,256
943,21,27,4565200,48,20,28
944,21,27,4565300,103,50,53
945,21,27,4565400,0,0,0
946,21,27,4565500,32,17,15
947,21,27,4565600,82,42,40
948,21,27,4565700,82,41,41
949,21,27,4565800,68,31,37
950,21,27,4565900,265,124,141
951,21,27,4566000,353,189,164
952,21,27,4566100,188,85,103
953,21,27,4566200,78,37,41
954,21,27,4566300,88,43,45
955,21,27,4566400,180,85,95
956,21,27,4566500,137,80,57
957,21,27,4566600,233,117,116
958,21,27,4566700,0,0,0
959,21,27,4566800,0,0,0
960,21,27,4566900,222,106,116
961,21,27,4567000,32,15,17
962,21,27,4567100,88,43,45
963,21,27,4567200,167,79,88
964,21,27,4567300,112,52,60
965,21,27,4567400,266,124,142
966,21,27,4567500,0,0,0
967,21,27,4567600,205,94,111
968,21,27,4567700,373,174,199
969,21,27,4567800,66,32,34
970,21,27,4567900,1002,533,469
971,21,27,4568000,57,24,33
972,21,27,4568100,19,12,7
973,21,27,4568200,421,205,216
974,21,27,4568300,66,34,32
975,21,27,4568400,18,6,12
976,21,27,4568500,501,238,263
977,21,27,4568600,72,32,40
978,21,27,4568700,152,74,78
979,21,27,4568800,53,25,28
980,21,27,4568900,65,32,33
981,21,27,4569000,74,37,37
982,21,27,4569100,119,58,61
983,21,27,4569200,111,58,53
984,21,27,4569300,177,85,92
985,21,27,4569400,145,71,74
986,21,27,4569500,217,98,119
987,21,27,4569600,161,80,81
988,21,27,4569700,0,0,0
989,21,27,4569800,96,45,51
990,21,27,4569900,90,43,47
991,21,27,4570000,124,52,72
992,21,27,4570100,126,52,74
993,21,27,4570200,127,65,62
994,21,27,4570300,48,24,24
995,21,27,4570400,64,36,28
996,21,27,4570500,91,46,45
997,21,27,4570600,6,4,2
998,21,27,4570700,45,20,25
999,21,27,4570800,6,2,4
1000,21,27,4570900,106,50,56
1001,21,27,4571000,45,21,24
1002,21,27,4571100,225,116,109
1003,21,27,4571200,107,50,57
1004,21,27,4571300,142,73,69
1005,21,27,4571400,78,38,40
1006,21,27,4571500,159,76,83
1007,21,27,4571600,105,52,53
1008,21,27,4571700,68,32,36
1009,21,27,4571800,60,24,36
1010,21,27,4571900,53,28,25
1011,21,27,4572000,333,163,170
1012,21,27,4572100,506,258,248
1013,21,27,4572200,937,472,465
1014,21,27,4572300,517,248,269
1015,21,27,4572400,171,83,88
1016,21,27,4572500,291,148,143
1017,21,27,4572600,203,106,97
1018,21,27,4572700,0,0,0
1019,21,27,4572800,142,68,74
1020,21,27,4572900,61,31,30
1021,21,27,4573000,230,108,122
1022,21,27,4573100,136,72,64
1023,21,27,4573200,406,208,198
1024,21,27,4573300,176,91,85
1025,21,27,4573400,74,32,42
1026,21,27,4573500,386,214,172
1027,21,27,4573600,183,86,97
1028,21,27,4573700,680,324,356
1029,21,27,4573800,425,209,216
1030,21,27,4573900,800,403,397
1031,21,27,4574000,207,103,104
1032,21,27,4574100,77,37,40
1033,21,27,4574200,53,26,27
1034,21,27,4574300,354,172,182
1035,21,27,4574400,272,133,139
1036,21,27,4574500,37,19,18
1037,21,27,4574600,57,30,27
1038,21,27,4574700,409,197,212
1039,21,27,4574800,258,123,135
1040,21,27,4574900,321,150,171
1041,21,27,4575000,744,366,378
1042,21,27,4575100,528,281,247
1043,21,27,4575200,89,39,50
1044,21,27,4575300,148,66,82
1045,21,27,4575400,70,33,37
1046,21,27,4575500,110,47,63
1047,21,27,4575600,52,26,26
1048,21,27,4575700,131,64,67
1049,21,27,4575800,0,0,0
1050,21,27,4575900,61,29,32
1051,21,27,4576000,98,47,51
1052,21,27,4576100,123,63,60
1053,21,27,4576200,384,179,205
1054,21,27,4576300,98,51,47
1055,21,27,4576400,143,78,65
1056,21,27,4576500,79,37,42
1057,21,27,4576600,69,39,30
1058,21,27,4576700,108,49,59
1059,21,27,4576800,72,41,31
1060,21,27,4576900,176,95,81
1061,21,27,4577000,16,8,8
1062,21,27,4577100,106,55,51
1063,21,27,4577200,10,6,4
1064,21,27,4577300,50,25,25
1065,21,27,4577400,117,63,54
1066,21,27,4577500,105,56,49
1067,21,27,4577600,83,44,39
1068,21,27,4577700,39,19,20
1069,21,27,4577800,294,146,148
1070,21,27,4577900,345,184,161
1071,21,27,4578000,184,95,89
1072,21,27,4578100,442,237,205
1073,21,27,4578200,435,205,230
1074,21,27,4578300,41,19,22
1075,21,27,4578400,244,125,119
1076,21,27,4578500,985,479,506
1077,21,27,4578600,581,294,287
1078,21,27,4578700,635,298,337
1079,21,27,4578800,223,113,110
1080,21,27,4578900,215,103,112
1081,21,27,4579000,6,4,2
1082,21,27,4579100,220,104,116
1083,21,27,4579200,66,33,33
1084,21,27,4579300,371,184,187
1085,21,27,4579400,295,141,154
1086,21,27,4579500,57,26,31
1087,21,27,4579600,573,295,278
1088,21,27,4579700,144,78,66
1089,21,27,4579800,70,39,31
1090,21,27,4579900,64,31,33
1091,21,27,4580000,69,29,40
1092,21,27,4580100,344,177,167
1093,21,27,4580200,65,28,37
1094,21,27,4580300,49,18,31
1095,21,27,4580400,47,22,25
1096,21,27,4580500,90,45,45
1097,21,27,4580600,91,39,52
1098,21,27,4580700,0,0,0
1099,21,27,4580800,206,105,101
1100,21,27,4580900,110,54,56
1101,21,27,4581000,96,40,56
1102,21,27,4581100,0,0,0
1103,21,27,4581200,105,51,54
1104,21,27,4581300,78,34,44
1105,21,27,4581400,137,65,72
1106,21,27,4581500,41,19,22
1107,21,27,4581600,312,160,152
1108,21,27,4581700,80,39,41
1109,21,27,4581800,532,251,281
1110,21,27,4581900,1059,526,533
1111,21,27,4582000,385,176,209
1112,21,27,4582100,406,203,203
1113,21,27,4582200,433,220,213
1114,21,27,4582300,379,196,183
1115,21,27,4582400,406,203,203
1116,21,27,4582500,498,222,276
1117,21,27,4582600,247,127,120
1118,21,27,4582700,464,228,236
1119,21,27,4582800,798,410,388
1120,21,27,4582900,988,487,501
1121,21,27,4583000,391,197,194
1122,21,27,4583100,1581,793,788
1123,21,27,4583200,0,0,0
1124,21,27,4583300,72,30,42
1125,21,27,4583400,176,86,90
1126,21,27,4583500,62,27,35
1127,21,27,4583600,37,20,17
1128,21,27,4583700,767,366,401
1129,21,27,4583800,1709,891,818
1130,21,27,4583900,123,66,57
1131,21,27,4584000,377,178,199
1132,21,27,4584100,367,175,192
1133,21,27,4584200,0,0,0
1134,21,27,4584300,60,28,32
1135,21,27,4584400,38,19,19
1136,21,27,4584500,36,14,22
1137,21,27,4584600,123,60,63
1138,21,27,4584700,149,72,77
1139,21,27,4584800,14,6,8
1140,21,27,4584900,152,65,87
1141,21,27,4585000,8,5,3
1142,21,27,4585100,0,0,0
1143,21,27,4585200,345,164,181
1144,21,27,4585300,351,207,144
1145,21,27,4585400,106,51,55
1146,21,27,4585500,191,91,100
1147,21,27,4585600,36,13,23
1148,21,27,4585700,325,163,162
1149,21,27,4585800,0,0,0
1150,21,27,4585900,54,20,34
1151,21,27,4586000,257,126,131
1152,21,27,4586100,200,99,101
1153,21,27,4586200,158,72,86
1154,21,27,4586300,123,62,61
1155,21,27,4586400,78,34,44
1156,21,27,4586500,77,29,48
1157,21,27,4586600,29,15,14
1158,21,27,4586700,13,6,7
1159,21,27,4586800,81,35,46
1160,21,27,4586900,273,157,116
1161,21,27,4587000,32,17,15
1162,21,27,4587100,98,45,53
1163,21,27,4587200,203,110,93
1164,21,27,4587300,0,0,0
1165,21,27,4587400,201,107,94
1166,21,27,4587500,0,0,0
1167,21,27,4587600,191,97,94
1168,21,27,4587700,110,56,54
1169,21,27,4587800,376,189,187
1170,21,27,4587900,758,392,366
1171,21,27,4588000,218,116,102
1172,21,27,4588100,1165,607,558
1173,21,27,4588200,264,133,131
1174,21,27,4588300,240,118,122
1175,21,27,4588400,56,30,26
1176,21,27,4588500,127,62,65
1177,21,27,4588600,206,108,98
1178,21,27,4588700,57,31,26
1179,21,27,4588800,246,112,134
1180,21,27,4588900,62,31,31
1181,21,27,4589000,39,19,20
1182,21,27,4589100,360,177,183
1183,21,27,4589200,95,47,48
1184,21,27,4589300,494,227,267
1185,21,27,4589400,1041,510,531
1186,21,27,4589500,116,52,64
1187,21,27,4589600,119,58,61
1188,21,27,4589700,1034,508,526
1189,21,27,4589800,458,229,229
1190,21,27,4589900,1753,855,898
1191,21,27,4590000,1038,519,519
1192,21,27,4590100,216,109,107
1193,21,27,4590200,384,190,194
1194,21,27,4590300,1019,478,541
1195,21,27,4590400,321,151,170
1196,21,27,4590500,314,135,179
1197,21,27,4590600,69,32,37
1198,21,27,4590700,120,60,60
1199,21,27,4590800,551,275,276
1200,21,27,4590900,188,89,99
1201,21,27,4591000,200,85,115
1202,21,27,4591100,183,83,100
1203,21,27,4591200,144,68,76
1204,21,27,4591300,68,35,33
1205,21,27,4591400,99,54,45
1206,21,27,4591500,54,26,28
1207,21,27,4591600,83,43,40
1208,21,27,4591700,0,0,0
1209,21,27,4591800,591,293,298
1210,21,27,4591900,687,348,339
1211,21,27,4592000,824,407,417
1212,21,27,4592100,126,60,66
1213,21,27,4592200,624,333,291
1214,21,27,4592300,534,262,272
1215,21,27,4592400,210,107,103
1216,21,27,4592500,5664,2914,2750
1217,21,27,4592600,563,277,286
1218,21,27,4592700,1133,580,553
1219,21,27,4592800,356,172,184
1220,21,27,4592900,457,230,227
1221,21,27,4593000,289,139,150
1222,21,27,4593100,0,0,0
1223,21,27,4593200,103,47,56
1224,21,27,4593300,110,49,61
1225,21,27,4593400,93,45,48
1226,21,27,4593500,387,181,206
1227,21,27,4593600,659,332,327
1228,21,27,4593700,358,176,182
1229,21,27,4593800,366,173,193
1230,21,27,4593900,570,235,335
1231,21,27,4594000,465,234,231
1232,21,27,4594100,294,144,150
1233,21,27,4594200,124,59,65
1234,21,27,4594300,6,3,3
1235,21,27,4594400,253,121,132
1236,21,27,4594500,132,70,62
1237,21,27,4594600,75,38,37
1238,21,27,4594700,101,51,50
1239,21,27,4594800,27,14,13
1240,21,27,4594900,0,0,0
1241,21,27,4595000,260,135,125
1242,21,27,4595100,703,364,339
1243,21,27,4595200,404,202,202
1244,21,27,4595300,0,0,0
1245,21,27,4595400,417,222,195
1246,21,27,4595500,189,100,89
1247,21,27,4595600,199,100,99
1248,21,27,4595700,1213,606,607
1249,21,27,4595800,195,91,104
1250,21,27,4595900,319,183,136
1251,21,27,4596000,286,141,145
1252,21,27,4596100,292,148,144
1253,21,27,4596200,81,39,42
1254,21,27,4596300,209,100,109
1255,21,27,4596400,264,129,135
1256,21,27,4596500,153,75,78
1257,21,27,4596600,114,59,55
1258,21,27,4596700,433,195,238
1259,21,27,4596800,430,203,227
1260,21,27,4596900,194,103,91
1261,21,27,4597000,368,176,192
1262,21,27,4597100,134,63,71
1263,21,27,4597200,950,433,517
1264,21,27,4597300,100,49,51
1265,21,27,4597400,94,36,58
1266,21,27,4597500,386,173,213
1267,21,27,4597600,1195,548,647
1268,21,27,4597700,456,216,240
1269,21,27,4597800,200,93,107
1270,21,27,4597900,434,213,221
1271,21,27,4598000,2305,1085,1220
1272,21,27,4598100,548,263,285
1273,21,27,4598200,0,0,0
1274,21,27,4598300,1180,545,635
1275,21,27,4598400,1683,851,832
1276,21,27,4598500,571,226,345
1277,21,27,4598600,65,27,38
1278,21,27,4598700,438,199,239
1279,21,27,4598800,435,212,223
1280,21,27,4598900,695,345,350
1281,21,27,4599000,2433,1107,1326
1282,21,27,4599100,793,363,430
1283,21,27,4599200,286,133,153
1284,21,27,4599300,573,261,312
1285,21,27,4599400,248,112,136
1286,21,27,4599500,174,68,106
1287,21,27,4599600,430,199,231
1288,21,27,4599700,55,22,33
1289,21,27,4599800,366,172,194
1290,21,27,4599900,504,239,265
1291,21,27,4600000,891,433,458
1292,21,27,4600100,513,240,273
1293,21,27,4600200,353,162,191
1294,21,27,4600300,160,72,88
1295,21,27,4600400,248,117,131
1296,21,27,4600500,117,52,65
1297,21,27,4600600,257,121,136
1298,21,27,4600700,117,59,58
1299,21,27,4600800,0,0,0
1300,21,27,4600900,19,9,10
1301,21,27,4601000,74,36,38
1302,21,27,4601100,144,68,76
1303,21,27,4601200,222,104,118
1304,21,27,4601300,574,257,317
1305,21,27,4601400,205,89,116
1306,21,27,4601500,28,13,15
1307,21,27,4601600,250,124,126
1308,21,27,4601700,198,91,107
1309,21,27,4601800,97,49,48
1310,21,27,4601900,162,72,90
1311,21,27,4602000,480,240,240
1312,21,27,4602100,62,29,33
1313,21,27,4602200,281,144,137
1314,21,27,4602300,226,109,117
1315,21,27,4602400,218,98,120
1316,21,27,4602500,111,56,55
1317,21,27,4602600,39,22,17
1318,21,27,4602700,502,241,261
1319,21,27,4602800,205,98,107
1320,21,27,4602900,118,58,60
1321,21,27,4603000,628,331,297
1322,21,27,4603100,115,54,61
1323,21,27,4603200,2409,1218,1191
1324,21,27,4603300,100,55,45
1325,21,27,4603400,141,71,70
1326,21,27,4603500,124,64,60
1327,21,27,4603600,68,31,37
1328,21,27,4603700,324,163,161
1329,21,27,4603800,78,37,41
1330,21,27,4603900,61,36,25
1331,21,27,4604000,391,185,206
1332,21,27,4604100,210,128,82
1333,21,27,4604200,386,192,194
1334,21,27,4604300,275,137,138
1335,21,27,4604400,271,183,88
1336,21,27,4604500,209,89,120
1337,21,27,4604600,301,145,156
1338,21,27,4604700,193,93,100
1339,21,27,4604800,347,178,169
1340,21,27,4604900,257,141,116
1341,21,27,4605000,0,0,0
1342,21,27,4605100,550,269,281
1343,21,27,4605200,0,0,0
1344,21,27,4605300,144,70,74
1345,21,27,4605400,91,41,50
1346,21,27,4605500,926,475,451
1347,21,27,4605600,685,328,357
1348,21,27,4605700,497,239,258
1349,21,27,4605800,936,459,477
1350,21,27,4605900,643,345,298
1351,21,27,4606000,259,127,132
1352,21,27,4606100,385,183,202
1353,21,27,4606200,478,255,223
1354,21,27,4606300,321,165,156
1355,21,27,4606400,697,349,348
1356,21,27,4606500,484,252,232
1357,21,27,4606600,299,153,146
1358,21,27,4606700,288,144,144
1359,21,27,4606800,207,103,104
1360,21,27,4606900,117,53,64
1361,21,27,4607000,274,130,144
1362,21,27,4607100,72,38,34
1363,21,27,4607200,85,39,46
1364,21,27,4607300,237,114,123
1365,21,27,4607400,183,92,91
1366,21,27,4607500,194,102,92
1367,21,27,4607600,144,73,71
1368,21,27,4607700,368,191,177
1369,21,27,4607800,447,219,228
1370,21,27,4607900,261,130,131
1371,21,27,4608000,407,203,204
1372,21,27,4608100,161,84,77
1373,21,27,4608200,82,47,35
1374,21,27,4608300,602,313,289
1375,21,27,4608400,505,240,265
1376,21,27,4608500,2696,1382,1314
1377,21,27,4608600,2922,1414,1508
1378,21,27,4608700,370,175,195
1379,21,27,4608800,153,67,86
1380,21,27,4608900,386,199,187
1381,21,27,4609000,283,144,139
1382,21,27,4609100,313,165,148
1383,21,27,4609200,2132,962,1170
1384,21,27,4609300,543,278,265
1385,21,27,4609400,1173,573,600
1386,21,27,4609500,738,345,393
1387,21,27,4609600,805,382,423
1388,21,27,4609700,150,94,56
1389,21,27,4609800,74,33,41
1390,21,27,4609900,283,140,143
1391,21,27,4610000,150,75,75
1392,21,27,4610100,502,259,243
1393,21,27,4610200,1422,691,731
1394,21,27,4610300,546,271,275
1395,21,27,4610400,353,178,175
1396,21,27,4610500,270,128,142
1397,21,27,4610600,236,115,121
1398,21,27,4610700,1186,576,610
1399,21,27,4610800,0,0,0
1400,21,27,4610900,353,170,183
1401,21,27,4611000,207,104,103
1402,21,27,4611100,387,189,198
1403,21,27,4611200,144,84,60
1404,21,27,4611300,91,43,48
1405,21,27,4611400,0,0,0
1406,21,27,4611500,163,77,86
1407,21,27,4611600,150,65,85
1408,21,27,4611700,167,76,91
1409,21,27,4611800,499,264,235
1410,21,27,4611900,41,21,20
1411,21,27,4612000,58,29,29
1412,21,27,4612100,54,24,30
1413,21,27,4612200,0,0,0
1414,21,27,4612300,60,25,35
1415,21,27,4612400,46,25,21
1416,21,27,4612500,0,0,0
1417,21,27,4612600,460,242,218
1418,21,27,4612700,440,206,234
1419,21,27,4612800,389,182,207
1420,21,27,4612900,302,150,152
1421,21,27,4613000,934,479,455
1422,21,27,4613100,825,451,374
1423,21,27,4613200,638,313,325
1424,21,27,4613300,445,209,236
1425,21,27,4613400,298,154,144
1426,21,27,4613500,157,72,85
1427,21,27,4613600,395,193,202
1428,21,27,4613700,1175,583,592
1429,21,27,4613800,0,0,0
1430,21,27,4613900,187,92,95
1431,21,27,4614000,28,13,15
1432,21,27,4614100,119,58,61
1433,21,27,4614200,144,74,70
1434,21,27,4614300,174,82,92
1435,21,27,4614400,378,191,187
1436,21,27,4614500,113,56,57
1437,21,27,4614600,73,40,33
1438,21,27,4614700,75,40,35
1439,21,27,4614800,62,31,31
1440,21,27,4614900,107,52,55
1441,21,27,4615000,82,41,41
1442,21,27,4615100,168,84,84
1443,21,27,4615200,122,64,58
1444,21,27,4615300,365,192,173
1445,21,27,4615400,76,39,37
1446,21,27,4615500,245,132,113
1447,21,27,4615600,143,77,66
1448,21,27,4615700,389,210,179
1449,21,27,4615800,608,288,320
1450,21,27,4615900,347,170,177
1451,21,27,4616000,197,96,101
1452,21,27,4616100,296,146,150
1453,21,27,4616200,183,90,93
1454,21,27,4616300,377,177,200
1455,21,27,4616400,1246,612,634
1456,21,27,4616500,293,172,121
1457,21,27,4616600,163,89,74
1458,21,27,4616700,988,485,503
1459,21,27,4616800,612,309,303
1460,21,27,4616900,984,503,481
1461,21,27,4617000,360,176,184
1462,21,27,4617100,139,68,71
1463,21,27,4617200,452,195,257
1464,21,27,4617300,183,92,91
1465,21,27,4617400,777,404,373
1466,21,27,4617500,252,124,128
1467,21,27,4617600,450,205,245
1468,21,27,4617700,355,172,183
1469,21,27,4617800,535,285,250
1470,21,27,4617900,229,123,106
1471,21,27,4618000,454,224,230
1472,21,27,4618100,133,56,77
1473,21,27,4618200,227,112,115
1474,21,27,4618300,779,432,347
1475,21,27,4618400,314,151,163
1476,21,27,4618500,11,6,5
1477,21,27,4618600,113,47,66
1478,21,27,4618700,361,152,209
1479,21,27,4618800,157,65,92
1480,21,27,4618900,222,109,113
1481,21,27,4619000,535,244,291
1482,21,27,4619100,841,419,422
1483,21,27,4619200,655,302,353
1484,21,27,4619300,294,135,159
1485,21,27,4619400,397,184,213
1486,21,27,4619500,395,189,206
1487,21,27,4619600,52,22,30
1488,21,27,4619700,255,121,134
1489,21,27,4619800,379,183,196
1490,21,27,4619900,3463,1802,1661
1491,21,27,4620000,36,19,17
1492,21,27,4620100,1546,798,748
1493,21,27,4620200,156,71,85
1494,21,27,4620300,39,14,25
1495,21,27,4620400,118,56,62
1496,21,27,4620500,74,32,42
1497,21,27,4620600,577,288,289
1498,21,27,4620700,412,209,203
1499,21,27,4620800,278,122,156
1500,21,27,4620900,674,309,365
1501,21,27,4621000,264,123,141
1502,21,27,4621100,550,279,271
1503,21,27,4621200,333,165,168
1504,21,27,4621300,147,63,84
1505,21,27,4621400,217,100,117
1506,21,27,4621500,51,24,27
1507,21,27,4621600,327,144,183
1508,21,27,4621700,896,424,472
1509,21,27,4621800,535,250,285
1510,21,27,4621900,186,87,99
1511,21,27,4622000,462,201,261
1512,21,27,4622100,0,0,0
1513,21,27,4622200,313,154,159
1514,21,27,4622300,305,149,156
1515,21,27,4622400,92,49,43
1516,21,27,4622500,370,162,208
1517,21,27,4622600,521,275,246
1518,21,27,4622700,563,271,292
1519,21,27,4622800,657,312,345
1520,21,27,4622900,250,102,148
1521,21,27,4623000,0,0,0
1522,21,27,4623100,104,50,54
1523,21,27,4623200,371,152,219
1524,21,27,4623300,407,196,211
1525,21,27,4623400,178,91,87
1526,21,27,4623500,203,99,104
1527,21,27,4623600,674,362,312
1528,21,27,4623700,42,21,21
1529,21,27,4623800,481,207,274
1530,21,27,4623900,41,19,22
1531,21,27,4624000,475,234,241
1532,21,27,4624100,124,67,57
1533,21,27,4624200,548,266,282
1534,21,27,4624300,327,155,172
1535,21,27,4624400,745,356,389
1536,21,27,4624500,254,110,144
1537,21,27,4624600,341,149,192
1538,21,27,4624700,425,197,228
1539,21,27,4624800,413,205,208
1540,21,27,4624900,744,394,350
1541,21,27,4625000,226,91,135
1542,21,27,4625100,621,291,330
1543,21,27,4625200,674,331,343
1544,21,27,4625300,357,157,200
1545,21,27,4625400,89,41,48
1546,21,27,4625500,299,134,165
1547,21,27,4625600,456,231,225
1548,21,27,4625700,0,0,0
1549,21,27,4625800,455,226,229
1550,21,27,4625900,124,64,60
1551,21,27,4626000,151,69,82
1552,21,27,4626100,0,0,0
1553,21,27,4626200,85,42,43
1554,21,27,4626300,137,66,71
1555,21,27,4626400,136,62,74
1556,21,27,4626500,360,170,190
1557,21,27,4626600,223,105,118
1558,21,27,4626700,234,112,122
1559,21,27,4626800,187,96,91
1560,21,27,4626900,392,99,293
1561,21,27,4627000,275,130,145
1562,21,27,4627100,516,355,161
1563,21,27,4627200,100,45,55
1564,21,27,4627300,321,157,164
1565,21,27,4627400,121,60,61
1566,21,27,4627500,307,157,150
1567,21,27,4627600,233,113,120
1568,21,27,4627700,143,67,76
1569,21,27,4627800,108,53,55
1570,21,27,4627900,181,95,86
1571,21,27,4628000,238,106,132
1572,21,27,4628100,406,178,228
1573,21,27,4628200,108,47,61
1574,21,27,4628300,141,64,77
1575,21,27,4628400,74,33,41
1576,21,27,4628500,432,200,232
1577,21,27,4628600,1708,878,830
1578,21,27,4628700,115,59,56
1579,21,27,4628800,92,45,47
1580,21,27,4628900,2271,1114,1157
1581,21,27,4629000,1229,596,633
1582,21,27,4629100,488,222,266
1583,21,27,4629200,157,74,83
1584,21,27,4629300,52,24,28
1585,21,27,4629400,65,36,29
1586,21,27,4629500,203,104,99
1587,21,27,4629600,62,29,33
1588,21,27,4629700,143,65,78
1589,21,27,4629800,132,62,70
1590,21,27,4629900,81,35,46
1591,21,27,4630000,0,0,0
1592,21,27,4630100,135,58,77
1593,21,27,4630200,120,65,55
1594,21,27,4630300,209,85,124
1595,21,27,4630400,384,189,195
1596,21,27,4630500,24,13,11
1597,21,27,4630600,16,6,10
1598,21,27,4630700,231,108,123
1599,21,27,4630800,293,146,147
1600,21,27,4630900,117,58,59
1601,21,27,4631000,107,47,60
1602,21,27,4631100,242,116,126
1603,21,27,4631200,162,78,84
1604,21,27,4631300,108,50,58
1605,21,27,4631400,60,28,32
1606,21,27,4631500,135,65,70
1607,21,27,4631600,94,46,48
1608,21,27,4631700,162,81,81
1609,21,27,4631800,86,38,48
1610,21,27,4631900,103,45,58
1611,21,27,4632000,152,82,70
1612,21,27,4632100,273,137,136
1613,21,27,4632200,521,255,266
1614,21,27,4632300,313,137,176
1615,21,27,4632400,2906,1427,1479
1616,21,27,4632500,85,34,51
1617,21,27,4632600,893,426,467
1618,21,27,4632700,424,186,238
1619,21,27,4632800,210,103,107
1620,21,27,4632900,156,66,90
1621,21,27,4633000,420,218,202
1622,21,27,4633100,232,109,123
1623,21,27,4633200,17,9,8
1624,21,27,4633300,52,22,30
1625,21,27,4633400,123,58,65
1626,21,27,4633500,50,22,28
1627,21,27,4633600,152,61,91
1628,21,27,4633700,61,33,28
1629,21,27,4633800,413,195,218
1630,21,27,4633900,111,47,64
1631,21,27,4634000,204,101,103
1632,21,27,4634100,405,212,193
1633,21,27,4634200,156,73,83
1634,21,27,4634300,59,26,33
1635,21,27,4634400,218,109,109
1636,21,27,4634500,239,120,119
1637,21,27,4634600,266,125,141
1638,21,27,4634700,242,111,131
1639,21,27,4634800,62,30,32
1640,21,27,4634900,224,117,107
1641,21,27,4635000,968,513,455
1642,21,27,4635100,169,75,94
1643,21,27,4635200,0,0,0
1644,21,27,4635300,142,73,69
1645,21,27,4635400,813,432,381
1646,21,27,4635500,34,14,20
1647,21,27,4635600,227,106,121
1648,21,27,4635700,136,62,74
1649,21,27,4635800,90,41,49
1650,21,27,4635900,200,96,104
1651,21,27,4636000,387,176,211
1652,21,27,4636100,327,143,184
1653,21,27,4636200,63,30,33
1654,21,27,4636300,815,371,444
1655,21,27,4636400,132,53,79
1656,21,27,4636500,395,189,206
1657,21,27,4636600,124,68,56
1658,21,27,4636700,507,279,228
1659,21,27,4636800,636,303,333
1660,21,27,4636900,153,72,81
1661,21,27,4637000,413,217,196
1662,21,27,4637100,85,40,45
1663,21,27,4637200,259,122,137
1664,21,27,4637300,43,19,24
1665,21,27,4637400,254,127,127
1666,21,27,4637500,0,0,0
1667,21,27,4637600,55,26,29
1668,21,27,4637700,95,44,51
1669,21,27,4637800,128,61,67
1670,21,27,4637900,16,6,10
1671,21,27,4638000,67,26,41
1672,21,27,4638100,157,74,83
1673,21,27,4638200,155,69,86
1674,21,27,4638300,182,95,87
1675,21,27,4638400,0,0,0
1676,21,27,4638500,286,140,146
1677,21,27,4638600,45,29,16
1678,21,27,4638700,199,88,111
1679,21,27,4638800,183,83,100
1680,21,27,4638900,2177,1047,1130
1681,21,27,4639000,2782,1336,1446
1682,21,27,4639100,685,356,329
1683,21,27,4639200,172,89,83
1684,21,27,4639300,1051,434,617
1685,21,27,4639400,216,107,109
1686,21,27,4639500,127,57,70
1687,21,27,4639600,191,91,100
1688,21,27,4639700,261,121,140
1689,21,27,4639800,432,223,209
1690,21,27,4639900,360,165,195
1691,21,27,4640000,144,67,77
1692,21,27,4640100,21,11,10
1693,21,27,4640200,262,131,131
1694,21,27,4640300,118,52,66
1695,21,27,4640400,259,127,132
1696,21,27,4640500,287,141,146
1697,21,27,4640600,130,58,72
1698,21,27,4640700,209,98,111
1699,21,27,4640800,52,33,19
1700,21,27,4640900,102,52,50
1701,21,27,4641000,152,77,75
1702,21,27,4641100,254,118,136
1703,21,27,4641200,125,58,67
1704,21,27,4641300,280,151,129
1705,21,27,4641400,117,58,59
1706,21,27,4641500,320,169,151
1707,21,27,4641600,766,385,381
1708,21,27,4641700,195,93,102
1709,21,27,4641800,179,93,86
1710,21,27,4641900,142,67,75
1711,21,27,4642000,396,208,188
1712,21,27,4642100,208,113,95
1713,21,27,4642200,699,334,365
1714,21,27,4642300,918,435,483
1715,21,27,4642400,78,39,39
1716,21,27,4642500,174,84,90
1717,21,27,4642600,0,0,0
1718,21,27,4642700,229,91,138
1719,21,27,4642800,768,359,409
1720,21,27,4642900,246,126,120
1721,21,27,4643000,178,85,93
1722,21,27,4643100,0,0,0
1723,21,27,4643200,116,51,65
1724,21,27,4643300,202,104,98
1725,21,27,4643400,53,26,27
1726,21,27,4643500,0,0,0
1727,21,27,4643600,68,28,40
1728,21,27,4643700,220,105,115
1729,21,27,4643800,58,27,31
1730,21,27,4643900,169,68,101
1731,21,27,4644000,13,6,7
1732,21,27,4644100,261,124,137
1733,21,27,4644200,90,42,48
1734,21,27,4644300,543,250,293
1735,21,27,4644400,269,128,141
1736,21,27,4644500,65,29,36
1737,21,27,4644600,311,143,168
1738,21,27,4644700,35,13,22
1739,21,27,4644800,145,59,86
1740,21,27,4644900,204,91,113
1741,21,27,4645000,369,182,187
1742,21,27,4645100,112,56,56
1743,21,27,4645200,92,43,49
1744,21,27,4645300,340,164,176
1745,21,27,4645400,82,43,39
1746,21,27,4645500,162,76,86
1747,21,27,4645600,85,40,45
1748,21,27,4645700,155,74,81
1749,21,27,4645800,138,62,76
1750,21,27,4645900,189,91,98
1751,21,27,4646000,128,62,66
1752,21,27,4646100,233,108,125
1753,21,27,4646200,235,117,118
1754,21,27,4646300,170,85,85
1755,21,27,4646400,39,20,19
1756,21,27,4646500,82,39,43
1757,21,27,4646600,91,44,47
1758,21,27,4646700,100,49,51
1759,21,27,4646800,116,62,54
1760,21,27,4646900,163,76,87
1761,21,27,4647000,459,224,235
1762,21,27,4647100,366,176,190
1763,21,27,4647200,666,307,359
1764,21,27,4647300,336,159,177
1765,21,27,4647400,216,105,111
1766,21,27,4647500,249,110,139
1767,21,27,4647600,53,26,27
1768,21,27,4647700,187,79,108
1769,21,27,4647800,44,21,23
1770,21,27,4647900,6,3,3
1771,21,27,4648000,44,23,21
1772,21,27,4648100,81,44,37
1773,21,27,4648200,0,0,0
1774,21,27,4648300,0,0,0
1775,21,27,4648400,196,95,101
1776,21,27,4648500,246,99,147
1777,21,27,4648600,792,382,410
1778,21,27,4648700,430,211,219
1779,21,27,4648800,333,169,164
1780,21,27,4648900,110,54,56
1781,21,27,4649000,130,60,70
1782,21,27,4649100,0,0,0
1783,21,27,4649200,122,61,61
1784,21,27,4649300,130,62,68
1785,21,27,4649400,225,105,120
1786,21,27,4649500,229,110,119
1787,21,27,4649600,242,112,130
1788,21,27,4649700,58,26,32
1789,21,27,4649800,82,37,45
1790,21,27,4649900,469,219,250
1791,21,27,4650000,366,182,184
1792,21,27,4650100,908,518,390
1793,21,27,4650200,657,319,338
1794,21,27,4650300,129,71,58
1795,21,27,4650400,101,46,55
1796,21,27,4650500,426,209,217
1797,21,27,4650600,331,161,170
1798,21,27,4650700,59,26,33
1799,21,27,4650800,93,44,49
1800,21,27,4650900,19,10,9
1801,21,27,4651000,0,0,0
1802,21,27,4651100,98,45,53
1803,21,27,4651200,34,20,14
1804,21,27,4651300,103,45,58
1805,21,27,4651400,1083,488,595
1806,21,27,4651500,492,234,258
1807,21,27,4651600,93,41,52
1808,21,27,4651700,314,157,157
1809,21,27,4651800,181,89,92
1810,21,27,4651900,220,99,121
1811,21,27,4652000,137,60,77
1812,21,27,4652100,157,81,76
1813,21,27,4652200,141,69,72
1814,21,27,4652300,235,127,108
1815,21,27,4652400,288,145,143
1816,21,27,4652500,1047,622,425
1817,21,27,4652600,70,37,33
1818,21,27,4652700,74,39,35
1819,21,27,4652800,76,43,33
1820,21,27,4652900,222,109,113
1821,21,27,4653000,91,37,54
1822,21,27,4653100,298,142,156
1823,21,27,4653200,311,135,176
1824,21,27,4653300,166,78,88
1825,21,27,4653400,184,83,101
1826,21,27,4653500,676,386,290
1827,21,27,4653600,282,131,151
1828,21,27,4653700,405,196,209
1829,21,27,4653800,0,0,0
1830,21,27,4653900,51,29,22
1831,21,27,4654000,351,165,186
1832,21,27,4654100,130,55,75
1833,21,27,4654200,30,16,14
1834,21,27,4654300,111,50,61
1835,21,27,4654400,209,94,115
1836,21,27,4654500,239,100,139
1837,21,27,4654600,229,99,130
1838,21,27,4654700,661,303,358
1839,21,27,4654800,597,280,317
1840,21,27,4654900,215,99,116
1841,21,27,4655000,0,0,0
1842,21,27,4655100,52,24,28
1843,21,27,4655200,272,122,150
1844,21,27,4655300,155,75,80
1845,21,27,4655400,501,227,274
1846,21,27,4655500,146,79,67
1847,21,27,4655600,216,112,104
1848,21,27,4655700,224,125,99
1849,21,27,4655800,589,296,293
1850,21,27,4655900,570,264,306
1851,21,27,4656000,0,0,0
1852,21,27,4656100,366,174,192
1853,21,27,4656200,0,0,0
1854,21,27,4656300,771,368,403
1855,21,27,4656400,604,291,313
1856,21,27,4656500,294,147,147
1857,21,27,4656600,271,138,133
1858,21,27,4656700,221,105,116
1859,21,27,4656800,248,114,134
1860,21,27,4656900,197,93,104
1861,21,27,4657000,212,114,98
1862,21,27,4657100,115,60,55
1863,21,27,4657200,203,83,120
1864,21,27,4657300,347,152,195
1865,21,27,4657400,189,85,104
1866,21,27,4657500,19,9,10
1867,21,27,4657600,113,47,66
1868,21,27,4657700,497,225,272
1869,21,27,4657800,135,59,76
1870,21,27,4657900,185,85,100
1871,21,27,4658000,54,25,29
1872,21,27,4658100,170,89,81
1873,21,27,4658200,162,76,86
1874,21,27,4658300,91,42,49
1875,21,27,4658400,194,91,103
1876,21,27,4658500,49,26,23
1877,21,27,4658600,143,72,71
1878,21,27,4658700,268,106,162
1879,21,27,4658800,43,24,19
1880,21,27,4658900,232,101,131
1881,21,27,4659000,133,62,71
1882,21,27,4659100,200,85,115
1883,21,27,4659200,141,64,77
1884,21,27,4659300,170,78,92
1885,21,27,4659400,37,17,20
1886,21,27,4659500,485,222,263
1887,21,27,4659600,315,137,178
1888,21,27,4659700,669,318,351
1889,21,27,4659800,48,23,25
1890,21,27,4659900,237,112,125
1891,21,27,4660000,277,142,135
1892,21,27,4660100,244,114,130
1893,21,27,4660200,237,118,119
1894,21,27,4660300,457,215,242
1895,21,27,4660400,209,102,107
1896,21,27,4660500,178,83,95
1897,21,27,4660600,893,436,457
1898,21,27,4660700,575,260,315
1899,21,27,4660800,170,84,86
1900,21,27,4660900,426,209,217
1901,21,27,4661000,70,35,35
1902,21,27,4661100,330,155,175
1903,21,27,4661200,109,52,57
1904,21,27,4661300,116,64,52
1905,21,27,4661400,479,237,242
1906,21,27,4661500,249,114,135
1907,21,27,4661600,19,11,8
1908,21,27,4661700,652,316,336
1909,21,27,4661800,341,163,178
1910,21,27,4661900,70,30,40
1911,21,27,4662000,222,97,125
1912,21,27,4662100,347,158,189
1913,21,27,4662200,191,91,100
1914,21,27,4662300,19,9,10
1915,21,27,4662400,168,72,96
1916,21,27,4662500,88,39,49
1917,21,27,4662600,0,0,0
1918,21,27,4662700,55,30,25
1919,21,27,4662800,6,4,2
1920,21,27,4662900,510,248,262
1921,21,27,4663000,182,80,102
1922,21,27,4663100,287,125,162
1923,21,27,4663200,366,198,168
1924,21,27,4663300,88,47,41
1925,21,27,4663400,0,0,0
1926,21,27,4663500,43,14,29
1927,21,27,4663600,255,110,145
1928,21,27,4663700,507,239,268
1929,21,27,4663800,89,43,46
1930,21,27,4663900,123,56,67
1931,21,27,4664000,105,53,52
1932,21,27,4664100,1021,491,530
1933,21,27,4664200,255,117,138
1934,21,27,4664300,195,99,96
1935,21,27,4664400,176,78,98
1936,21,27,4664500,670,325,345
1937,21,27,4664600,557,281,276
1938,21,27,4664700,58,26,32
1939,21,27,4664800,65,27,38
1940,21,27,4664900,0,0,0
1941,21,27,4665000,277,132,145
1942,21,27,4665100,841,515,326
1943,21,27,4665200,748,393,355
1944,21,27,4665300,514,249,265
1945,21,27,4665400,354,175,179
1946,21,27,4665500,161,70,91
1947,21,27,4665600,488,274,214
1948,21,27,4665700,546,255,291
1949,21,27,4665800,198,98,100
1950,21,27,4665900,1096,589,507
1951,21,27,4666000,0,0,0
1952,21,27,4666100,711,357,354
1953,21,27,4666200,63,31,32
1954,21,27,4666300,231,113,118
1955,21,27,4666400,43,21,22
1956,21,27,4666500,53,27,26
1957,21,27,4666600,0,0,0
1958,21,27,4666700,78,38,40
1959,21,27,4666800,70,37,33
1960,21,27,4666900,61,32,29
1961,21,27,4667000,25,13,12
1962,21,27,4667100,23,9,14
1963,21,27,4667200,251,92,159
1964,21,27,4667300,83,32,51
1965,21,27,4667400,164,69,95
1966,21,27,4667500,58,27,31
1967,21,27,4667600,71,27,44
1968,21,27,4667700,33,16,17
1969,21,27,4667800,55,29,26
1970,21,27,4667900,59,22,37
1971,21,27,4668000,22,11,11
1972,21,27,4668100,56,26,30
1973,21,27,4668200,16,8,8
1974,21,27,4668300,76,36,40
1975,21,27,4668400,4,0,4
1976,21,27,4668500,49,20,29
1977,21,27,4668600,318,150,168
1978,21,27,4668700,0,0,0
1979,21,27,4668800,193,87,106
1980,21,27,4668900,134,67,67
1981,21,27,4669000,137,60,77
1982,21,27,4669100,20,11,9
1983,21,27,4669200,582,274,308
1984,21,27,4669300,104,50,54
1985,21,27,4669400,97,43,54
1986,21,27,4669500,385,188,197
1987,21,27,4669600,46,24,22
1988,21,27,4669700,137,65,72
1989,21,27,4669800,76,35,41
1990,21,27,4669900,0,0,0
1991,21,27,4670000,151,75,76
1992,21,27,4670100,12,6,6
1993,21,27,4670200,220,103,117
1994,21,27,4670300,124,56,68
1995,21,27,4670400,199,84,115
1996,21,27,4670500,27,15,12
1997,21,27,4670600,189,85,104
1998,21,27,4670700,0,0,0
1999,21,27,4670800,77,34,43
2000,21,27,4670900,63,31,32
2001,21,27,4671000,0,0,0
2002,21,27,4671100,92,39,53
2003,21,27,4671200,32,13,19
2004,21,27,4671300,0,0,0
2005,21,27,4671400,62,28,34
2006,21,27,4671500,41,21,20
2007,21,27,4671600,3,0,3
2008,21,27,4671700,386,184,202
2009,21,27,4671800,65,26,39
2010,21,27,4671900,258,116,142
2011,21,27,4672000,45,16,29
2012,21,27,4672100,61,25,36
2013,21,27,4672200,57,29,28
2014,21,27,4672300,141,67,74
2015,21,27,4672400,0,0,0
2016,21,27,4672500,43,20,23
2017,21,27,4672600,60,26,34
2018,21,27,4672700,54,25,29
2019,21,27,4672800,57,27,30
2020,21,27,4672900,209,91,118
2021,21,27,4673000,0,0,0
2022,21,27,4673100,32,15,17
2023,21,27,4673200,150,71,79
2024,21,27,4673300,146,72,74
2025,21,27,4673400,419,209,210
2026,21,27,4673500,139,65,74
2027,21,27,4673600,100,58,42
2028,21,27,4673700,0,0,0
2029,21,27,4673800,234,111,123
2030,21,27,4673900,531,260,271
2031,21,27,4674000,0,0,0
2032,21,27,4674100,3955,1992,1963
2033,21,27,4674200,104,48,56
2034,21,27,4674300,145,68,77
2035,21,27,4674400,474,229,245
2036,21,27,4674500,245,99,146
2037,21,27,4674600,71,32,39
2038,21,27,4674700,185,98,87
2039,21,27,4674800,85,36,49
2040,21,27,4674900,150,72,78
2041,21,27,4675000,46,25,21
2042,21,27,4675100,66,32,34
2043,21,27,4675200,494,247,247
2044,21,27,4675300,0,0,0
2045,21,27,4675400,0,0,0
2046,21,27,4675500,274,131,143
2047,21,27,4675600,340,158,182
2048,21,27,4675700,144,71,73
2049,21,27,4675800,196,89,107
2050,21,27,4675900,56,27,29
2051,21,27,4676000,452,208,244
2052,21,27,4676100,35,14,21
2053,21,27,4676200,21,11,10
2054,21,27,4676300,222,101,121
2055,21,27,4676400,114,60,54
2056,21,27,4676500,326,158,168
2057,21,27,4676600,134,66,68
2058,21,27,4676700,0,0,0
2059,21,27,4676800,249,118,131
2060,21,27,4676900,92,44,48
2061,21,27,4677000,72,34,38
2062,21,27,4677100,226,110,116
2063,21,27,4677200,148,71,77
2064,21,27,4677300,176,87,89
2065,21,27,4677400,120,57,63
2066,21,27,4677500,392,191,201
2067,21,27,4677600,169,70,99
2068,21,27,4677700,0,0,0
2069,21,27,4677800,68,30,38
2070,21,27,4677900,0,0,0
2071,21,27,4678000,324,153,171
2072,21,27,4678100,53,28,25
2073,21,27,4678200,161,78,83
2074,21,27,4678300,38,20,18
2075,21,27,4678400,199,90,109
2076,21,27,4678500,163,72,91
2077,21,27,4678600,94,41,53
2078,21,27,4678700,671,336,335
2079,21,27,4678800,93,40,53
2080,21,27,4678900,346,165,181
2081,21,27,4679000,124,52,72
2082,21,27,4679100,196,103,93
2083,21,27,4679200,168,78,90
2084,21,27,4679300,290,126,164
2085,21,27,4679400,426,224,202
2086,21,27,4679500,547,253,294
2087,21,27,4679600,74,29,45
2088,21,27,4679700,170,79,91
2089,21,27,4679800,163,77,86
2090,21,27,4679900,137,65,72
2091,21,27,4680000,248,111,137
2092,21,27,4680100,362,164,198
2093,21,27,4680200,188,87,101
2094,21,27,4680300,273,124,149
2095,21,27,4680400,28,11,17
2096,21,27,4680500,122,57,65
2097,21,27,4680600,10,4,6
2098,21,27,4680700,519,261,258
2099,21,27,4680800,270,127,143
2100,21,27,4680900,36,19,17
2101,21,27,4681000,115,56,59
2102,21,27,4681100,42,19,23
2103,21,27,4681200,162,81,81
2104,21,27,4681300,635,327,308
2105,21,27,4681400,198,96,102
2106,21,27,4681500,760,368,392
2107,21,27,4681600,199,95,104
2108,21,27,4681700,140,65,75
2109,21,27,4681800,91,46,45
2110,21,27,4681900,151,73,78
2111,21,27,4682000,115,58,57
2112,21,27,4682100,144,66,78
2113,21,27,4682200,114,62,52
2114,21,27,4682300,71,38,33
2115,21,27,4682400,82,40,42
2116,21,27,4682500,94,45,49
2117,21,27,4682600,88,39,49
2118,21,27,4682700,98,44,54
2119,21,27,4682800,140,62,78
2120,21,27,4682900,418,202,216
2121,21,27,4683000,275,136,139
2122,21,27,4683100,142,65,77
2123,21,27,4683200,687,409,278
2124,21,27,4683300,614,284,330
2125,21,27,4683400,147,67,80
2126,21,27,4683500,193,94,99
2127,21,27,4683600,410,191,219
2128,21,27,4683700,113,47,66
2129,21,27,4683800,899,446,453
2130,21,27,4683900,190,92,98
2131,21,27,4684000,108,60,48
2132,21,27,4684100,193,90,103
2133,21,27,4684200,58,30,28
2134,21,27,4684300,371,174,197
2135,21,27,4684400,100,45,55
2136,21,27,4684500,152,74,78
2137,21,27,4684600,177,78,99
2138,21,27,4684700,693,411,282
2139,21,27,4684800,43,19,24
2140,21,27,4684900,0,0,0
2141,21,27,4685000,419,204,215
2142,21,27,4685100,123,58,65
2143,21,27,4685200,194,94,100
2144,21,27,4685300,210,98,112
2145,21,27,4685400,203,99,104
2146,21,27,4685500,76,35,41
2147,21,27,4685600,463,216,247
2148,21,27,4685700,124,52,72
2149,21,27,4685800,2464,1226,1238
2150,21,27,4685900,87,41,46
2151,21,27,4686000,740,362,378
2152,21,27,4686100,354,184,170
2153,21,27,4686200,256,111,145
2154,21,27,4686300,114,52,62
2155,21,27,4686400,189,91,98
2156,21,27,4686500,160,70,90
2157,21,27,4686600,325,156,169
2158,21,27,4686700,77,38,39
2159,21,27,4686800,53,26,27
2160,21,27,4686900,80,39,41
2161,21,27,4687000,74,35,39
2162,21,27,4687100,646,294,352
2163,21,27,4687200,326,142,184
2164,21,27,4687300,353,169,184
2165,21,27,4687400,151,69,82
2166,21,27,4687500,251,111,140
2167,21,27,4687600,76,37,39
2168,21,27,4687700,273,124,149
2169,21,27,4687800,255,124,131
2170,21,27,4687900,100,50,50
2171,21,27,4688000,46,23,23
2172,21,27,4688100,586,276,310
2173,21,27,4688200,72,34,38
2174,21,27,4688300,106,45,61
2175,21,27,4688400,39,14,25
2176,21,27,4688500,90,39,51
2177,21,27,4688600,118,56,62
2178,21,27,4688700,254,119,135
2179,21,27,4688800,121,58,63
2180,21,27,4688900,87,45,42
2181,21,27,4689000,304,138,166
2182,21,27,4689100,202,94,108
2183,21,27,4689200,143,72,71
2184,21,27,4689300,243,116,127
2185,21,27,4689400,125,62,63
2186,21,27,4689500,233,101,132
2187,21,27,4689600,296,134,162
2188,21,27,4689700,0,0,0
2189,21,27,4689800,57,27,30
2190,21,27,4689900,59,27,32
2191,21,27,4690000,127,58,69
2192,21,27,4690100,86,37,49
2193,21,27,4690200,131,62,69
2194,21,27,4690300,13,6,7
2195,21,27,4690400,455,226,229
2196,21,27,4690500,147,72,75
2197,21,27,4690600,120,54,66
2198,21,27,4690700,157,78,79
2199,21,27,4690800,40,21,19
2200,21,27,4690900,87,41,46
2201,21,27,4691000,85,42,43
2202,21,27,4691100,368,171,197
2203,21,27,4691200,217,104,113
2204,21,27,4691300,379,190,189
2205,21,27,4691400,386,197,189
2206,21,27,4691500,109,44,65
2207,21,27,4691600,287,137,150
2208,21,27,4691700,106,41,65
2209,21,27,4691800,34,15,19
2210,21,27,4691900,352,163,189
2211,21,27,4692000,149,70,79
2212,21,27,4692100,165,71,94
2213,21,27,4692200,45,25,20
2214,21,27,4692300,163,76,87
2215,21,27,4692400,141,71,70
2216,21,27,4692500,181,86,95
2217,21,27,4692600,108,55,53
2218,21,27,4692700,257,134,123
2219,21,27,4692800,234,117,117
2220,21,27,4692900,84,45,39
2221,21,27,4693000,85,34,51
2222,21,27,4693100,183,90,93
2223,21,27,4693200,91,49,42
2224,21,27,4693300,200,91,109
2225,21,27,4693400,426,209,217
2226,21,27,4693500,130,63,67
2227,21,27,4693600,97,51,46
2228,21,27,4693700,178,86,92
2229,21,27,4693800,72,40,32
2230,21,27,4693900,190,85,105
2231,21,27,4694000,0,0,0
2232,21,27,4694100,114,54,60
2233,21,27,4694200,581,291,290
2234,21,27,4694300,5,3,2
2235,21,27,4694400,462,215,247
2236,21,27,4694500,31,19,12
2237,21,27,4694600,71,39,32
2238,21,27,4694700,516,253,263
2239,21,27,4694800,262,137,125
2240,21,27,4694900,177,84,93
2241,21,27,4695000,563,267,296
2242,21,27,4695100,0,0,0
2243,21,27,4695200,230,118,112
2244,21,27,4695300,164,83,81
2245,21,27,4695400,95,49,46
2246,21,27,4695500,26,10,16
2247,21,27,4695600,203,103,100
2248,21,27,4695700,25,13,12
2249,21,27,4695800,235,112,123
2250,21,27,4695900,31,14,17
2251,21,27,4696000,15,6,9
2252,21,27,4696100,0,0,0
2253,21,27,4696200,355,180,175
2254,21,27,4696300,97,41,56
2255,21,27,4696400,116,52,64
2256,21,27,4696500,0,0,0
2257,21,27,4696600,0,0,0
2258,21,27,4696700,167,77,90
2259,21,27,4696800,366,178,188
2260,21,27,4696900,70,34,36
2261,21,27,4697000,412,203,209
2262,21,27,4697100,109,47,62
2263,21,27,4697200,346,172,174
2264,21,27,4697300,432,199,233
2265,21,27,4697400,34,13,21
2266,21,27,4697500,916,456,460
2267,21,27,4697600,749,371,378
2268,21,27,4697700,0,0,0
2269,21,27,4697800,795,399,396
2270,21,27,4697900,71,33,38
2271,21,27,4698000,47,21,26
2272,21,27,4698100,117,58,59
2273,21,27,4698200,175,79,96
2274,21,27,4698300,257,117,140
2275,21,27,4698400,91,43,48
2276,21,27,4698500,361,166,195
2277,21,27,4698600,40,19,21
2278,21,27,4698700,36,16,20
2279,21,27,4698800,144,62,82
2280,21,27,4698900,408,194,214
2281,21,27,4699000,404,189,215
2282,21,27,4699100,198,100,98
2283,21,27,4699200,48,23,25
2284,21,27,4699300,230,111,119
2285,21,27,4699400,185,91,94
2286,21,27,4699500,138,66,72
2287,21,27,4699600,33,20,13
2288,21,27,4699700,155,76,79
2289,21,27,4699800,223,106,117
2290,21,27,4699900,320,173,147
2291,21,27,4700000,157,75,82
2292,21,27,4700100,17,7,10
2293,21,27,4700200,340,156,184
2294,21,27,4700300,208,99,109
2295,21,27,4700400,31,12,19
2296,21,27,4700500,402,189,213
2297,21,27,4700600,310,149,161
2298,21,27,4700700,0,0,0
2299,21,27,4700800,378,185,193
2300,21,27,4700900,0,0,0
2301,21,27,4701000,417,198,219
2302,21,27,4701100,0,0,0
2303,21,27,4701200,436,214,222
2304,21,27,4701300,376,187,189
2305,21,27,4701400,0,0,0
2306,21,27,4701500,176,83,93
2307,21,27,4701600,1001,496,505
2308,21,27,4701700,20,9,11
2309,21,27,4701800,187,92,95
2310,21,27,4701900,129,59,70
2311,21,27,4702000,38,16,22
2312,21,27,4702100,563,279,284
2313,21,27,4702200,0,0,0
2314,21,27,4702300,52,29,23
2315,21,27,4702400,82,36,46
2316,21,27,4702500,0,0,0
2317,21,27,4702600,0,0,0
2318,21,27,4702700,26,13,13
2319,21,27,4702800,5,1,4
2320,21,27,4702900,148,74,74
2321,21,27,4703000,36,14,22
2322,21,27,4703100,64,33,31
2323,21,27,4703200,10,5,5
2324,21,27,4703300,81,42,39
2325,21,27,4703400,24,11,13
2326,21,27,4703500,51,26,25
2327,21,27,4703600,56,24,32
2328,21,27,4703700,294,169,125
2329,21,27,4703800,83,34,49
2330,21,27,4703900,73,34,39
2331,21,27,4704000,79,39,40
2332,21,27,4704100,78,41,37
2333,21,27,4704200,104,51,53
2334,21,27,4704300,274,132,142
2335,21,27,4704400,66,27,39
2336,21,27,4704500,90,41,49
2337,21,27,4704600,45,19,26
2338,21,27,4704700,96,50,46
2339,21,27,4704800,91,41,50
2340,21,27,4704900,183,90,93
2341,21,27,4705000,471,236,235
2342,21,27,4705100,32,15,17
2343,21,27,4705200,226,107,119
2344,21,27,4705300,144,72,72
2345,21,27,4705400,188,99,89
2346,21,27,4705500,134,71,63
2347,21,27,4705600,114,57,57
2348,21,27,4705700,0,0,0
2349,21,27,4705800,278,129,149
2350,21,27,4705900,287,117,170
2351,21,27,4706000,195,98,97
2352,21,27,4706100,32,17,15
2353,21,27,4706200,178,84,94
2354,21,27,4706300,145,72,73
2355,21,27,4706400,342,157,185
2356,21,27,4706500,170,81,89
2357,21,27,4706600,133,68,65
2358,21,27,4706700,485,228,257
2359,21,27,4706800,0,0,0
2360,21,27,4706900,49,23,26
2361,21,27,4707000,360,179,181
2362,21,27,4707100,55,26,29
2363,21,27,4707200,304,150,154
2364,21,27,4707300,117,54,63
2365,21,27,4707400,281,135,146
2366,21,27,4707500,532,275,257
2367,21,27,4707600,172,84,88
2368,21,27,4707700,0,0,0
2369,21,27,4707800,175,91,84
2370,21,27,4707900,321,170,151
2371,21,27,4708000,83,45,38
2372,21,27,4708100,744,385,359
2373,21,27,4708200,22,10,12
2374,21,27,4708300,32,17,15
2375,21,27,4708400,400,200,200
2376,21,27,4708500,270,130,140
2377,21,27,4708600,248,128,120
2378,21,27,4708700,48,25,23
2379,21,27,4708800,23,13,10
2380,21,27,4708900,0,0,0
2381,21,27,4709000,0,0,0
2382,21,27,4709100,549,288,261
2383,21,27,4709200,31,14,17
2384,21,27,4709300,0,0,0
2385,21,27,4709400,74,38,36
2386,21,27,4709500,540,259,281
2387,21,27,4709600,4686,2356,2330
2388,21,27,4709700,51,23,28
2389,21,27,4709800,440,203,237
2390,21,27,4709900,235,113,122
2391,21,27,4710000,68,32,36
2392,21,27,4710100,156,65,91
2393,21,27,4710200,101,47,54
2394,21,27,4710300,0,0,0
2395,21,27,4710400,98,44,54
2396,21,27,4710500,13,6,7
2397,21,27,4710600,733,363,370
2398,21,27,4710700,53,22,31
2399,21,27,4710800,153,78,75
2400,21,27,4710900,88,45,43
2401,21,27,4711000,110,49,61
2402,21,27,4711100,43,17,26
2403,21,27,4711200,121,55,66
2404,21,27,4711300,243,122,121
2405,21,27,4711400,26,10,16
2406,21,27,4711500,39,18,21
2407,21,27,4711600,165,90,75
2408,21,27,4711700,57,27,30
2409,21,27,4711800,71,33,38
2410,21,27,4711900,60,28,32
2411,21,27,4712000,16,9,7
2412,21,27,4712100,149,69,80
2413,21,27,4712200,69,37,32
2414,21,27,4712300,36,17,19
2415,21,27,4712400,129,61,68
2416,21,27,4712500,33,12,21
2417,21,27,4712600,0,0,0
2418,21,27,4712700,19,11,8
2419,21,27,4712800,318,164,154
2420,21,27,4712900,25,13,12
2421,21,27,4713000,272,126,146
2422,21,27,4713100,388,188,200
2423,21,27,4713200,619,313,306
2424,21,27,4713300,290,137,153
2425,21,27,4713400,701,357,344
2426,21,27,4713500,661,307,354
2427,21,27,4713600,39,19,20
2428,21,27,4713700,130,64,66
2429,21,27,4713800,1208,591,617
2430,21,27,4713900,193,89,104
2431,21,27,4714000,688,335,353
2432,21,27,4714100,139,66,73
2433,21,27,4714200,0,0,0
2434,21,27,4714300,84,43,41
2435,21,27,4714400,243,119,124
2436,21,27,4714500,84,42,42
2437,21,27,4714600,286,135,151
2438,21,27,4714700,444,213,231
2439,21,27,4714800,130,61,69
2440,21,27,4714900,631,303,328
2441,21,27,4715000,88,41,47
2442,21,27,4715100,392,189,203
2443,21,27,4715200,248,126,122
2444,21,27,4715300,460,226,234
2445,21,27,4715400,300,135,165
2446,21,27,4715500,934,476,458
2447,21,27,4715600,193,96,97
2448,21,27,4715700,163,78,85
2449,21,27,4715800,141,78,63
2450,21,27,4715900,80,36,44
2451,21,27,4716000,13,5,8
2452,21,27,4716100,38,19,19
2453,21,27,4716200,46,24,22
2454,21,27,4716300,35,15,20
2455,21,27,4716400,21,13,8
2456,21,27,4716500,49,23,26
2457,21,27,4716600,45,20,25
2458,21,27,4716700,0,0,0
2459,21,27,4716800,37,16,21
2460,21,27,4716900,77,38,39
2461,21,27,4717000,300,157,143
2462,21,27,4717100,64,32,32
2463,21,27,4717200,96,49,47
2464,21,27,4717300,0,0,0
2465,21,27,4717400,104,56,48
2466,21,27,4717500,58,29,29
2467,21,27,4717600,0,0,0
2468,21,27,4717700,160,80,80
2469,21,27,4717800,58,27,31
2470,21,27,4717900,235,111,124
2471,21,27,4718000,36,14,22
2472,21,27,4718100,96,42,54
2473,21,27,4718200,104,56,48
2474,21,27,4718300,21,10,11
2475,21,27,4718400,13,3,10
2476,21,27,4718500,111,52,59
2477,21,27,4718600,267,132,135
2478,21,27,4718700,86,39,47
2479,21,27,4718800,27,10,17
2480,21,27,4718900,126,59,67
2481,21,27,4719000,0,0,0
2482,21,27,4719100,37,19,18
2483,21,27,4719200,783,371,412
2484,21,27,4719300,335,163,172
2485,21,27,4719400,196,96,100
2486,21,27,4719500,323,150,173
2487,21,27,4719600,10,6,4
2488,21,27,4719700,106,56,50
2489,21,27,4719800,449,233,216
2490,21,27,4719900,240,114,126
2491,21,27,4720000,496,235,261
2492,21,27,4720100,717,339,378
2493,21,27,4720200,25,11,14
2494,21,27,4720300,243,118,125
2495,21,27,4720400,325,158,167
2496,21,27,4720500,545,270,275
2497,21,27,4720600,0,0,0
2498,21,27,4720700,63,29,34
2499,21,27,4720800,53,26,27
2500,21,27,4720900,331,162,169
2501,21,27,4721000,27,18,9
2502,21,27,4721100,33,17,16
2503,21,27,4721200,45,22,23
2504,21,27,4721300,47,26,21
2505,21,27,4721400,47,19,28
2506,21,27,4721500,85,43,42
2507,21,27,4721600,87,47,40
2508,21,27,4721700,68,31,37
2509,21,27,4721800,114,58,56
2510,21,27,4721900,105,60,45
2511,21,27,4722000,89,49,40
2512,21,27,4722100,176,91,85
2513,21,27,4722200,32,16,16
2514,21,27,4722300,239,123,116
2515,21,27,4722400,204,98,106
2516,21,27,4722500,147,72,75
2517,21,27,4722600,49,26,23
2518,21,27,4722700,119,60,59
2519,21,27,4722800,199,96,103
2520,21,27,4722900,126,65,61
2521,21,27,4723000,33,16,17
2522,21,27,4723100,506,248,258
2523,21,27,4723200,847,438,409
2524,21,27,4723300,164,72,92
2525,21,27,4723400,126,52,74
2526,21,27,4723500,611,323,288
2527,21,27,4723600,235,117,118
2528,21,27,4723700,254,139,115
2529,21,27,4723800,147,66,81
2530,21,27,4723900,256,130,126
2531,21,27,4724000,409,205,204
2532,21,27,4724100,41,19,22
2533,21,27,4724200,382,176,206
2534,21,27,4724300,147,78,69
2535,21,27,4724400,215,110,105
2536,21,27,4724500,155,77,78
2537,21,27,4724600,411,196,215
2538,21,27,4724700,0,0,0
2539,21,27,4724800,66,32,34
2540,21,27,4724900,322,163,159
2541,21,27,4725000,52,22,30
2542,21,27,4725100,111,46,65
2543,21,27,4725200,17,6,11
2544,21,27,4725300,394,198,196
2545,21,27,4725400,50,25,25
2546,21,27,4725500,96,46,50
2547,21,27,4725600,94,47,47
2548,21,27,4725700,52,22,30
2549,21,27,4725800,78,37,41
2550,21,27,4725900,158,82,76
2551,21,27,4726000,1107,496,611
2552,21,27,4726100,157,72,85
2553,21,27,4726200,176,87,89
2554,21,27,4726300,0,0,0
2555,21,27,4726400,211,101,110
2556,21,27,4726500,609,315,294
2557,21,27,4726600,147,71,76
2558,21,27,4726700,639,302,337
2559,21,27,4726800,743,338,405
2560,21,27,4726900,405,201,204
2561,21,27,4727000,982,572,410
2562,21,27,4727100,388,171,217
2563,21,27,4727200,300,145,155
2564,21,27,4727300,479,231,248
2565,21,27,4727400,255,126,129
2566,21,27,4727500,451,241,210
2567,21,27,4727600,157,78,79
2568,21,27,4727700,320,157,163
2569,21,27,4727800,104,55,49
2570,21,27,4727900,13,5,8
2571,21,27,4728000,581,277,304
2572,21,27,4728100,201,90,111
2573,21,27,4728200,173,86,87
2574,21,27,4728300,610,307,303
2575,21,27,4728400,22,10,12
2576,21,27,4728500,528,348,180
2577,21,27,4728600,218,104,114
2578,21,27,4728700,137,71,66
2579,21,27,4728800,257,121,136
2580,21,27,4728900,309,150,159
2581,21,27,4729000,242,117,125
2582,21,27,4729100,65,27,38
2583,21,27,4729200,646,312,334
2584,21,27,4729300,82,35,47
2585,21,27,4729400,0,0,0
2586,21,27,4729500,1030,528,502
2587,21,27,4729600,82,41,41
2588,21,27,4729700,271,123,148
2589,21,27,4729800,154,85,69
2590,21,27,4729900,150,71,79
2591,21,27,4730000,51,24,27
2592,21,27,4730100,178,81,97
2593,21,27,4730200,66,33,33
2594,21,27,4730300,108,53,55
2595,21,27,4730400,52,25,27
2596,21,27,4730500,0,0,0
2597,21,27,4730600,119,60,59
2598,21,27,4730700,0,0,0
2599,21,27,4730800,204,105,99
2600,21,27,4730900,73,40,33
2601,21,27,4731000,3,1,2
2602,21,27,4731100,68,40,28
2603,21,27,4731200,113,56,57
2604,21,27,4731300,49,23,26
2605,21,27,4731400,537,259,278
2606,21,27,4731500,303,169,134
2607,21,27,4731600,276,128,148
2608,21,27,4731700,250,134,116
2609,21,27,4731800,1514,730,784
2610,21,27,4731900,170,82,88
2611,21,27,4732000,0,0,0
2612,21,27,4732100,586,284,302
2613,21,27,4732200,400,192,208
2614,21,27,4732300,440,219,221
2615,21,27,4732400,248,131,117
2616,21,27,4732500,1721,899,822
2617,21,27,4732600,336,168,168
2618,21,27,4732700,161,85,76
2619,21,27,4732800,416,193,223
2620,21,27,4732900,19,10,9
2621,21,27,4733000,94,47,47
2622,21,27,4733100,784,386,398
2623,21,27,4733200,280,138,142
2624,21,27,4733300,734,360,374
2625,21,27,4733400,73,33,40
2626,21,27,4733500,119,58,61
2627,21,27,4733600,72,36,36
2628,21,27,4733700,70,35,35
2629,21,27,4733800,956,483,473
2630,21,27,4733900,190,90,100
2631,21,27,4734000,114,54,60
2632,21,27,4734100,125,58,67
2633,21,27,4734200,100,46,54
2634,21,27,4734300,67,39,28
2635,21,27,4734400,347,170,177
2636,21,27,4734500,301,149,152
2637,21,27,4734600,908,443,465
2638,21,27,4734700,176,76,100
2639,21,27,4734800,213,111,102
2640,21,27,4734900,86,44,42
2641,21,27,4735000,378,183,195
2642,21,27,4735100,176,87,89
2643,21,27,4735200,374,185,189
2644,21,27,4735300,214,101,113
2645,21,27,4735400,622,282,340
2646,21,27,4735500,171,72,99
2647,21,27,4735600,288,137,151
2648,21,27,4735700,349,196,153
2649,21,27,4735800,856,468,388
2650,21,27,4735900,1007,505,502
2651,21,27,4736000,1078,565,513
2652,21,27,4736100,539,259,280
2653,21,27,4736200,196,100,96
2654,21,27,4736300,177,91,86
2655,21,27,4736400,112,55,57
2656,21,27,4736500,269,127,142
2657,21,27,4736600,1353,668,685
2658,21,27,4736700,271,140,131
2659,21,27,4736800,916,487,429
2660,21,27,4736900,116,52,64
2661,21,27,4737000,255,125,130
2662,21,27,4737100,129,66,63
2663,21,27,4737200,242,116,126
2664,21,27,4737300,214,101,113
2665,21,27,4737400,147,65,82
2666,21,27,4737500,784,428,356
