,Statecode,Districtcode,VillageCode,Population,Males,Females
0,21,384,2362300,237,113,124
1,21,384,2362400,258,138,120
2,21,384,2362500,129,61,68
3,21,384,2362600,196,102,94
4,21,384,2362700,221,125,96
5,21,384,2362800,111,61,50
6,21,384,2362900,341,167,174
7,21,384,2363000,283,145,138
8,21,384,2363100,126,56,70
9,21,384,2363200,265,131,134
10,21,384,2363300,141,67,74
11,21,384,2363400,37,22,15
12,21,384,2363500,0,0,0
13,21,384,2363600,448,242,206
14,21,384,2363700,157,81,76
15,21,384,2363800,232,118,114
16,21,384,2363900,343,172,171
17,21,384,2364000,87,42,45
18,21,384,2364100,119,64,55
19,21,384,2364200,35,18,17
20,21,384,2364300,338,103,235
21,21,384,2364400,362,188,174
22,21,384,2364500,598,365,233
23,21,384,2364600,160,86,74
24,21,384,2364700,123,66,57
25,21,384,2364800,134,66,68
26,21,384,2364900,324,149,175
27,21,384,2365000,167,71,96
28,21,384,2365100,572,274,298
29,21,384,2365200,491,248,243
30,21,384,2365300,88,43,45
31,21,384,2365400,205,105,100
32,21,384,2365500,376,181,195
33,21,384,2365600,166,78,88
34,21,384,2365700,29,11,18
35,21,384,2365800,475,222,253
36,21,384,2365900,42,16,26
37,21,384,2366000,535,249,286
38,21,384,2366100,102,47,55
39,21,384,2366200,526,266,260
40,21,384,2366300,181,81,100
41,21,384,2366400,285,149,136
42,21,384,2366500,163,88,75
43,21,384,2366600,139,65,74
44,21,384,2366700,302,150,152
45,21,384,2366800,138,62,76
46,21,384,2366900,359,177,182
47,21,384,2367000,71,37,34
48,21,384,2367100,489,239,250
49,21,384,2367200,268,188,80
50,21,384,2367300,425,202,223
51,21,384,2367400,1067,506,561
52,21,384,2367500,315,163,152
53,21,384,2367600,291,159,132
54,21,384,2367700,266,142,124
55,21,384,2367800,63,32,31
56,21,384,2367900,465,269,196
57,21,384,2368000,44,26,18
58,21,384,2368100,129,72,57
59,21,384,2368200,239,116,123
60,21,384,2368300,111,58,53
61,21,384,2368400,161,84,77
62,21,384,2368500,67,32,35
63,21,384,2368600,477,243,234
64,21,384,2368700,974,499,475
65,21,384,2368800,157,75,82
66,21,384,2368900,32,17,15
67,21,384,2369000,652,332,320
68,21,384,2369100,1735,860,875
69,21,384,2369200,172,86,86
70,21,384,2369300,437,220,217
71,21,384,2369400,231,122,109
72,21,384,2369500,220,114,106
73,21,384,2369600,187,93,94
74,21,384,2369700,80,44,36
75,21,384,2369800,994,506,488
76,21,384,2369900,0,0,0
77,21,384,2370000,548,274,274
78,21,384,2370100,1,1,0
79,21,384,2370200,0,0,0
80,21,384,2370300,0,0,0
81,21,384,2370400,521,246,275
82,21,384,2370500,99,50,49
83,21,384,2370600,173,86,87
84,21,384,2370700,0,0,0
85,21,384,2370800,384,204,180
86,21,384,2370900,86,46,40
87,21,384,2371000,13,8,5
88,21,384,2371100,0,0,0
89,21,384,2371200,0,0,0
90,21,384,2371300,46,23,23
91,21,384,2371400,139,69,70
92,21,384,2371500,75,39,36
93,21,384,2371600,117,60,57
94,21,384,2371700,91,37,54
95,21,384,2371800,65,31,34
96,21,384,2371900,63,31,32
97,21,384,2372000,381,180,201
98,21,384,2372100,97,45,52
99,21,384,2372200,4548,2442,2106
100,21,384,2372300,232,123,109
101,21,384,2372400,235,119,116
102,21,384,2372500,157,81,76
103,21,384,2372600,639,328,311
104,21,384,2372700,451,252,199
105,21,384,2372800,46,23,23
106,21,384,2372900,423,205,218
107,21,384,2373000,341,172,169
108,21,384,2373100,302,145,157
109,21,384,2373200,323,163,160
110,21,384,2373300,123,60,63
111,21,384,2373400,95,47,48
112,21,384,2373500,136,69,67
113,21,384,2373600,288,149,139
114,21,384,2373700,209,102,107
115,21,384,2373800,160,80,80
116,21,384,2373900,388,195,193
117,21,384,2374000,163,75,88
118,21,384,2374100,350,167,183
119,21,384,2374200,263,128,135
120,21,384,2374300,179,85,94
121,21,384,2374400,64,31,33
122,21,384,2374500,462,237,225
123,21,384,2374600,419,215,204
124,21,384,2374700,161,75,86
125,21,384,2374800,186,88,98
126,21,384,2374900,275,143,132
127,21,384,2375000,172,81,91
128,21,384,2375100,586,290,296
129,21,384,2375200,217,103,114
130,21,384,2375300,166,87,79
131,21,384,2375400,568,274,294
132,21,384,2375500,176,82,94
133,21,384,2375600,662,334,328
134,21,384,2375700,326,163,163
135,21,384,2375800,1440,749,691
136,21,384,2375900,0,0,0
137,21,384,2376000,238,130,108
138,21,384,2376100,760,383,377
139,21,384,2376200,0,0,0
140,21,384,2376300,932,481,451
141,21,384,2376400,80,37,43
142,21,384,2376500,100,58,42
143,21,384,2376600,0,0,0
144,21,384,2376700,0,0,0
145,21,384,2376800,0,0,0
146,21,384,2376900,0,0,0
147,21,384,2377000,0,0,0
148,21,384,2377100,0,0,0
149,21,384,2377200,41,19,22
150,21,384,2377300,0,0,0
151,21,384,2377400,0,0,0
152,21,384,2377500,0,0,0
153,21,384,2377600,0,0,0
154,21,384,2377700,0,0,0
155,21,384,2377800,0,0,0
156,21,384,2377900,0,0,0
157,21,384,2378000,121,56,65
158,21,384,2378100,1713,862,851
159,21,384,2378200,140,65,75
160,21,384,2378300,309,150,159
161,21,384,2378400,313,171,142
162,21,384,2378500,1557,787,770
163,21,384,2378600,328,169,159
164,21,384,2378700,296,142,154
165,21,384,2378800,74,38,36
166,21,384,2378900,328,157,171
167,21,384,2379000,132,66,66
168,21,384,2379100,0,0,0
169,21,384,2379200,0,0,0
170,21,384,2379300,0,0,0
171,21,384,2379400,0,0,0
172,21,384,2379500,0,0,0
173,21,384,2379600,0,0,0
174,21,384,2379700,0,0,0
175,21,384,2379800,357,175,182
176,21,384,2379900,371,181,190
177,21,384,2380000,390,194,196
178,21,384,2380100,201,104,97
179,21,384,2380200,334,170,164
180,21,384,2380300,30,19,11
181,21,384,2380400,380,182,198
182,21,384,2380500,32,15,17
183,21,384,2380600,381,185,196
184,21,384,2380700,0,0,0
185,21,384,2380800,592,292,300
186,21,384,2380900,251,129,122
187,21,384,2381000,342,186,156
188,21,384,2381100,255,129,126
189,21,384,2381200,195,86,109
190,21,384,2381300,0,0,0
191,21,384,2381400,16,7,9
192,21,384,2381500,459,229,230
193,21,384,2381600,0,0,0
194,21,384,2381700,144,75,69
195,21,384,2381800,558,283,275
196,21,384,2381900,632,319,313
197,21,384,2382000,465,223,242
198,21,384,2382100,90,48,42
199,21,384,2382200,188,102,86
200,21,384,2382300,16,9,7
201,21,384,2382400,165,75,90
202,21,384,2382500,91,48,43
203,21,384,2382600,0,0,0
204,21,384,2382700,786,399,387
205,21,384,2382800,37,22,15
206,21,384,2382900,162,77,85
207,21,384,2383000,673,331,342
208,21,384,2383100,204,102,102
209,21,384,2383200,740,369,371
210,21,384,2383300,0,0,0
211,21,384,2383400,47,25,22
212,21,384,2383500,1638,781,857
213,21,384,2383600,1226,605,621
214,21,384,2383700,242,121,121
215,21,384,2383800,218,100,118
216,21,384,2383900,376,192,184
217,21,384,2384000,106,48,58
218,21,384,2384100,274,143,131
219,21,384,2384200,559,270,289
220,21,384,2384300,638,318,320
221,21,384,2384400,91,50,41
222,21,384,2384500,137,66,71
223,21,384,2384600,168,86,82
224,21,384,2384700,685,337,348
225,21,384,2384800,0,0,0
226,21,384,2384900,187,91,96
227,21,384,2385000,285,139,146
228,21,384,2385100,333,163,170
229,21,384,2385200,1676,855,821
230,21,384,2385300,97,47,50
231,21,384,2385400,484,242,242
232,21,384,2385500,582,319,263
233,21,384,2385600,129,64,65
234,21,384,2385700,229,114,115
235,21,384,2385800,0,0,0
236,21,384,2385900,48,25,23
237,21,384,2386000,294,148,146
238,21,384,2386100,10,5,5
239,21,384,2386200,652,325,327
240,21,384,2386300,0,0,0
241,21,384,2386400,200,95,105
242,21,384,2386500,13,8,5
243,21,384,2386600,0,0,0
244,21,384,2386700,309,183,126
245,21,384,2386800,70,39,31
246,21,384,2386900,1199,628,571
247,21,384,2387000,0,0,0
248,21,384,2387100,402,213,189
249,21,384,2387200,1724,873,851
250,21,384,2387300,133,70,63
251,21,384,2387400,495,257,238
252,21,384,2387500,1768,898,870
253,21,384,2387600,7,1,6
254,21,384,2387700,229,113,116
255,21,384,2387800,0,0,0
256,21,384,2387900,170,86,84
257,21,384,2388000,496,256,240
258,21,384,2388100,199,97,102
259,21,384,2388200,515,264,251
260,21,384,2388300,52,21,31
261,21,384,2388400,399,200,199
262,21,384,2388500,283,155,128
263,21,384,2388600,0,0,0
264,21,384,2388700,132,72,60
265,21,384,2388800,566,264,302
266,21,384,2388900,262,125,137
267,21,384,2389000,100,51,49
268,21,384,2389100,1031,528,503
269,21,384,2389200,436,218,218
270,21,384,2389300,986,511,475
271,21,384,2389400,159,82,77
272,21,384,2389500,278,140,138
273,21,384,2389600,569,280,289
274,21,384,2389700,291,154,137
275,21,384,2389800,256,121,135
276,21,384,2389900,862,440,422
277,21,384,2390000,388,203,185
278,21,384,2390100,0,0,0
279,21,384,2390200,0,0,0
280,21,384,2390300,400,201,199
281,21,384,2390400,68,40,28
282,21,384,2390500,0,0,0
283,21,384,2390600,0,0,0
284,21,384,2390700,432,218,214
285,21,384,2390800,48,24,24
286,21,384,2390900,239,134,105
287,21,384,2391000,355,177,178
288,21,384,2391100,0,0,0
289,21,384,2391200,344,172,172
290,21,384,2391300,0,0,0
291,21,384,2391400,16,10,6
292,21,384,2391500,249,130,119
293,21,384,2391600,0,0,0
294,21,384,2391700,479,247,232
295,21,384,2391800,11,5,6
296,21,384,2391900,109,50,59
297,21,384,2392000,0,0,0
298,21,384,2392100,381,190,191
299,21,384,2392200,127,70,57
300,21,384,2392300,294,138,156
301,21,384,2392400,86,43,43
302,21,384,2392500,135,66,69
303,21,384,2392600,1284,643,641
304,21,384,2392700,6,4,2
305,21,384,2392800,5,2,3
306,21,384,2392900,301,144,157
307,21,384,2393000,200,106,94
308,21,384,2393100,0,0,0
309,21,384,2393200,844,431,413
310,21,384,2393300,524,267,257
311,21,384,2393400,189,98,91
312,21,384,2393500,387,191,196
313,21,384,2393600,174,91,83
314,21,384,2393700,183,94,89
315,21,384,2393800,253,138,115
316,21,384,2393900,0,0,0
317,21,384,2394000,1224,641,583
318,21,384,2394100,351,177,174
319,21,384,2394200,230,109,121
320,21,384,2394300,474,230,244
321,21,384,2394400,154,79,75
322,21,384,2394500,318,161,157
323,21,384,2394600,48,24,24
324,21,384,2394700,192,97,95
325,21,384,2394800,774,384,390
326,21,384,2394900,0,0,0
327,21,384,2395000,1327,673,654
328,21,384,2395100,2227,1148,1079
329,21,384,2395200,58,31,27
330,21,384,2395300,602,293,309
331,21,384,2395400,969,530,439
332,21,384,2395500,462,240,222
333,21,384,2395600,264,135,129
334,21,384,2395700,0,0,0
335,21,384,2395800,506,255,251
336,21,384,2395900,514,291,223
337,21,384,2396000,226,113,113
338,21,384,2396100,633,389,244
339,21,384,2398900,72,33,39
340,21,384,2396200,44,24,20
341,21,384,2396300,754,396,358
342,21,384,2396400,627,328,299
343,21,384,2396500,740,367,373
344,21,384,2396600,614,318,296
345,21,384,2396700,946,481,465
346,21,384,2396800,232,114,118
347,21,384,2396900,617,306,311
348,21,384,2397000,968,488,480
349,21,384,2397100,0,0,0
350,21,384,2397200,194,96,98
351,21,384,2397300,175,90,85
352,21,384,2397400,253,129,124
353,21,384,2397500,1509,775,734
354,21,384,2397600,69,37,32
355,21,384,2397700,1417,747,670
356,21,384,2397800,0,0,0
357,21,384,2397900,75,40,35
358,21,384,2398000,453,209,244
359,21,384,2398100,1035,533,502
360,21,384,2398200,2643,1355,1288
361,21,384,2398300,384,195,189
362,21,384,2398400,183,89,94
363,21,384,2398500,690,346,344
364,21,384,2398600,0,0,0
365,21,384,2398700,0,0,0
366,21,384,2398800,492,269,223
367,21,384,2399000,93,43,50
368,21,384,2399100,433,210,223
369,21,384,2399200,94,45,49
370,21,384,2399300,0,0,0
371,21,384,2399400,395,197,198
372,21,384,2399500,49,26,23
373,21,384,2399600,75,42,33
374,21,384,2399700,71,37,34
375,21,384,2399800,0,0,0
376,21,384,2399900,94,46,48
377,21,384,2400000,3,2,1
378,21,384,2400100,0,0,0
379,21,384,2400200,438,221,217
380,21,384,2400300,448,221,227
381,21,384,2400400,262,136,126
382,21,384,2400500,75,37,38
383,21,384,2400600,1536,803,733
384,21,384,2400700,914,482,432
385,21,384,2400800,603,307,296
386,21,384,2400900,1006,525,481
387,21,384,2401000,0,0,0
388,21,384,2401100,1329,672,657
389,21,384,2401200,197,100,97
390,21,384,2401300,222,118,104
391,21,384,2401400,253,133,120
392,21,384,2401500,626,328,298
393,21,384,2401600,275,148,127
394,21,384,2401700,0,0,0
395,21,384,2401800,65,29,36
396,21,384,2401900,54,34,20
397,21,384,2402000,380,183,197
398,21,384,2402100,0,0,0
399,21,384,2402200,163,75,88
400,21,384,2402300,474,238,236
401,21,384,2402400,1041,552,489
402,21,384,2402500,0,0,0
403,21,384,2402600,2371,1273,1098
404,21,384,2402700,0,0,0
405,21,384,2402800,409,193,216
406,21,384,2402900,510,268,242
407,21,384,2403000,0,0,0
408,21,384,2403100,152,81,71
409,21,384,2403200,227,120,107
410,21,384,2403300,207,103,104
411,21,384,2403400,0,0,0
412,21,384,2403500,0,0,0
413,21,384,2403600,128,64,64
414,21,384,2403700,357,190,167
415,21,384,2403800,157,78,79
416,21,384,2403900,593,310,283
417,21,384,2404000,0,0,0
418,21,384,2404100,485,260,225
419,21,384,2404200,0,0,0
420,21,384,2404300,586,318,268
421,21,384,2404400,0,0,0
422,21,384,2404500,1545,787,758
423,21,384,2404600,247,134,113
424,21,384,2404700,548,282,266
425,21,384,2404800,511,272,239
426,21,384,2404900,0,0,0
427,21,384,2405000,1576,829,747
428,21,384,2405100,554,283,271
429,21,384,2405200,377,184,193
430,21,384,2405300,0,0,0
431,21,384,2405400,0,0,0
432,21,384,2405500,0,0,0
433,21,384,2405600,952,474,478
434,21,384,2405700,184,100,84
435,21,384,2405800,382,207,175
436,21,384,2405900,139,75,64
437,21,384,2406000,1766,914,852
438,21,384,2406100,109,63,46
439,21,384,2406200,327,173,154
440,21,384,2406300,107,56,51
441,21,384,2406400,171,82,89
442,21,384,2406500,1774,884,890
443,21,384,2406600,1030,516,514
444,21,384,2406700,894,484,410
445,21,384,2406800,99,50,49
446,21,384,2406900,406,211,195
447,21,384,2407000,280,139,141
448,21,384,2407100,167,93,74
449,21,384,2407200,0,0,0
450,21,384,2407300,677,366,311
451,21,384,2407400,0,0,0
452,21,384,2407500,986,508,478
453,21,384,2407600,540,280,260
454,21,384,2407700,307,150,157
455,21,384,2407800,221,109,112
456,21,384,2407900,732,374,358
457,21,384,2408000,290,146,144
458,21,384,2408100,0,0,0
459,21,384,2408200,143,73,70
460,21,384,2408300,264,128,136
461,21,384,2408400,1461,745,716
462,21,384,2408500,278,144,134
463,21,384,2408600,45,25,20
464,21,384,2417300,18,11,7
465,21,384,2408700,1,1,0
466,21,384,2408800,90,43,47
467,21,384,2408900,295,150,145
468,21,384,2409000,0,0,0
469,21,384,2409100,0,0,0
470,21,384,2409200,0,0,0
471,21,384,2409300,0,0,0
472,21,384,2409400,0,0,0
473,21,384,2409500,615,298,317
474,21,384,2409600,1175,614,561
475,21,384,2409700,842,425,417
476,21,384,2409800,49,24,25
477,21,384,2409900,1929,1018,911
478,21,384,2410000,108,60,48
479,21,384,2410100,246,133,113
480,21,384,2410200,1490,762,728
481,21,384,2410300,2058,1062,996
482,21,384,2410400,0,0,0
483,21,384,2410500,448,250,198
484,21,384,2410600,0,0,0
485,21,384,2410700,792,421,371
486,21,384,2410800,190,103,87
487,21,384,2410900,1611,889,722
488,21,384,2411000,2634,1455,1179
489,21,384,2411100,295,162,133
490,21,384,2411200,277,146,131
491,21,384,2411300,31,16,15
492,21,384,2411400,523,274,249
493,21,384,2411500,27,14,13
494,21,384,2411600,1242,634,608
495,21,384,2411700,502,265,237
496,21,384,2411800,3202,1606,1596
497,21,384,2411900,0,0,0
498,21,384,2412000,1314,668,646
499,21,384,2412100,170,78,92
500,21,384,2412200,0,0,0
501,21,384,2412300,32,19,13
502,21,384,2412400,335,161,174
503,21,384,2412500,124,67,57
504,21,384,2412600,263,140,123
505,21,384,2412700,238,123,115
506,21,384,2412800,0,0,0
507,21,384,2412900,594,304,290
508,21,384,2413000,1043,533,510
509,21,384,2413100,397,201,196
510,21,384,2413200,870,442,428
511,21,384,2413300,171,87,84
512,21,384,2413400,0,0,0
513,21,384,2413500,583,289,294
514,21,384,2413600,1626,837,789
515,21,384,2413700,900,459,441
516,21,384,2413800,1347,679,668
517,21,384,2413900,91,47,44
518,21,384,2414000,0,0,0
519,21,384,2414100,40,25,15
520,21,384,2414200,174,91,83
521,21,384,2414300,171,85,86
522,21,384,2414400,14,4,10
523,21,384,2414500,96,49,47
524,21,384,2414600,363,177,186
525,21,384,2414700,1,1,0
526,21,384,2414800,2342,1176,1166
527,21,384,2414900,13,5,8
528,21,384,2415000,615,307,308
529,21,384,2415100,0,0,0
530,21,384,2415200,194,103,91
531,21,384,2415300,0,0,0
532,21,384,2415400,835,421,414
533,21,384,2415500,1154,609,545
534,21,384,2415600,436,218,218
535,21,384,2415700,0,0,0
536,21,384,2415800,1461,717,744
537,21,384,2415900,0,0,0
538,21,384,2416000,474,242,232
539,21,384,2416100,228,116,112
540,21,384,2416200,13,5,8
541,21,384,2416300,667,345,322
542,21,384,2416400,597,319,278
543,21,384,2416500,3486,1890,1596
544,21,384,2416600,0,0,0
545,21,384,2416700,553,278,275
546,21,384,2416800,118,61,57
547,21,384,2416900,24,10,14
548,21,384,2417000,322,165,157
549,21,384,2417100,702,369,333
550,21,384,2417200,427,221,206
551,21,384,2417400,0,0,0
552,21,384,2417500,247,123,124
553,21,384,2417600,434,233,201
554,21,384,2417700,736,369,367
555,21,384,2417800,0,0,0
556,21,384,2417900,463,241,222
557,21,384,2418000,0,0,0
558,21,384,2418100,0,0,0
559,21,384,2418200,2350,1213,1137
560,21,384,2418300,184,96,88
561,21,384,2418400,69,33,36
562,21,384,2418500,298,150,148
563,21,384,2418600,140,78,62
564,21,384,2418700,348,183,165
565,21,384,2418800,70,32,38
566,21,384,2418900,702,366,336
567,21,384,2419000,0,0,0
568,21,384,2419100,0,0,0
569,21,384,2419200,0,0,0
570,21,384,2419300,152,69,83
571,21,384,2419400,741,382,359
572,21,384,2419500,49,23,26
573,21,384,2419600,45,27,18
574,21,384,2419700,482,252,230
575,21,384,2419800,65,30,35
576,21,384,2419900,0,0,0
577,21,384,2420000,0,0,0
578,21,384,2420100,0,0,0
579,21,384,2420200,491,290,201
580,21,384,2420300,231,153,78
581,21,384,2420400,823,528,295
582,21,384,2420500,8,5,3
583,21,384,2420600,0,0,0
584,21,384,2420700,1918,1008,910
585,21,384,2420800,0,0,0
586,21,384,2420900,966,490,476
587,21,384,2421000,43,21,22
588,21,384,2421100,33,16,17
589,21,384,2421200,0,0,0
590,21,384,2421300,469,247,222
591,21,384,2421400,0,0,0
592,21,384,2421500,167,88,79
593,21,384,2421600,416,231,185
594,21,384,2421700,53,26,27
595,21,384,2421800,908,477,431
596,21,384,2421900,4,4,0
597,21,384,2422000,49,25,24
598,21,384,2422100,0,0,0
599,21,384,2422200,877,460,417
600,21,384,2422300,0,0,0
601,21,384,2422400,0,0,0
602,21,384,2422500,0,0,0
603,21,384,2422600,5,5,0
604,21,384,2422700,0,0,0
605,21,384,2422800,0,0,0
606,21,384,2422900,600,319,281
607,21,384,2423000,13,7,6
608,21,384,2423100,21,8,13
609,21,384,2423200,0,0,0
610,21,384,2423300,99,59,40
611,21,384,2423400,100,54,46
612,21,384,2423500,106,54,52
613,21,384,2423600,0,0,0
614,21,384,2423700,253,129,124
615,21,384,2423800,732,371,361
616,21,384,2423900,359,176,183
617,21,384,2424000,9,4,5
618,21,384,2424100,625,327,298
619,21,384,2424200,0,0,0
620,21,384,2424300,0,0,0
621,21,384,2424400,3239,1674,1565
622,21,384,2424500,59,37,22
623,21,384,2424600,21,12,9
624,21,384,2424700,0,0,0
625,21,384,2424800,64,33,31
626,21,384,2424900,333,171,162
627,21,384,2425000,16,8,8
628,21,384,2425100,30,15,15
629,21,384,2425200,0,0,0
630,21,384,2425300,86,44,42
631,21,384,2425400,102,56,46
632,21,384,2425500,80,42,38
633,21,384,2425600,877,433,444
634,21,384,2425700,593,296,297
635,21,384,2425800,235,118,117
636,21,384,2425900,19,10,9
637,21,384,2426000,32,16,16
638,21,384,2426100,96,43,53
639,21,384,2426200,57,22,35
640,21,384,2426300,433,202,231
641,21,384,2426400,0,0,0
642,21,384,2426500,943,503,440
643,21,384,2426600,312,154,158
644,21,384,2426700,80,37,43
645,21,384,2426800,938,492,446
646,21,384,2426900,955,485,470
647,21,384,2427000,217,123,94
648,21,384,2427100,116,59,57
649,21,384,2427200,887,464,423
650,21,384,2427300,0,0,0
651,21,384,2427400,482,250,232
652,21,384,2427500,0,0,0
653,21,384,2427600,1345,691,654
654,21,384,2427700,25,10,15
655,21,384,2427800,1473,775,698
656,21,384,2427900,678,362,316
657,21,384,2428000,43,24,19
658,21,384,2428100,29,14,15
659,21,384,2428200,0,0,0
660,21,384,2428300,261,134,127
661,21,384,2428400,2403,1279,1124
662,21,384,2428500,368,195,173
663,21,384,2428600,429,227,202
664,21,384,2428700,981,506,475
665,21,384,2428800,574,304,270
666,21,384,2428900,375,194,181
667,21,384,2429000,0,0,0
668,21,384,2429100,0,0,0
669,21,384,2429200,941,506,435
670,21,384,2429300,976,555,421
671,21,384,2429400,1011,545,466
672,21,384,2429500,336,172,164
673,21,384,2429600,512,263,249
674,21,384,2429700,356,191,165
675,21,384,2429800,0,0,0
676,21,384,2429900,0,0,0
677,21,384,2430000,0,0,0
678,21,384,2430100,197,91,106
679,21,384,2430200,2650,1373,1277
680,21,384,2430300,136,67,69
681,21,384,2430400,0,0,0
682,21,384,2430500,191,95,96
683,21,384,2430600,9,5,4
684,21,384,2430700,396,204,192
685,21,384,2430800,515,273,242
686,21,384,2430900,377,194,183
687,21,384,2431000,530,273,257
688,21,384,2431100,631,325,306
689,21,384,2431200,0,0,0
690,21,384,2431300,1673,867,806
691,21,384,2431400,0,0,0
692,21,384,2431500,326,161,165
693,21,384,2431600,89,38,51
694,21,384,2431700,137,65,72
695,21,384,2431800,2805,1462,1343
696,21,384,2431900,43,21,22
697,21,384,2432000,64,32,32
698,21,384,2432100,993,512,481
699,21,384,2432200,100,52,48
700,21,384,2432300,90,53,37
701,21,384,2432400,215,113,102
702,21,384,2432500,0,0,0
703,21,384,2432600,1124,572,552
704,21,384,2432700,31,11,20
705,21,384,2432800,714,362,352
706,21,384,2432900,536,284,252
707,21,384,2433000,0,0,0
708,21,384,2433100,0,0,0
709,21,384,2433200,0,0,0
710,21,384,2433300,0,0,0
711,21,384,2433400,0,0,0
712,21,384,2433500,0,0,0
713,21,384,2433600,0,0,0
714,21,384,2433700,0,0,0
715,21,384,2433800,38,38,0
716,21,384,2433900,3390,1742,1648
717,21,384,2434000,0,0,0
718,21,384,2434100,1097,625,472
719,21,384,2434200,70,43,27
720,21,384,2434300,5,5,0
721,21,384,2434400,318,178,140
722,21,384,2434500,2234,1190,1044
723,21,384,2434600,43,18,25
724,21,384,2434700,44,25,19
725,21,384,2434800,210,117,93
726,21,384,2434900,387,212,175
727,21,384,2435000,3675,1975,1700
728,21,384,2435100,851,463,388
729,21,384,2435200,96,53,43
730,21,384,2435300,1962,1003,959
731,21,384,2435400,639,334,305
732,21,384,2435500,2781,1491,1290
733,21,384,2435600,51,32,19
734,21,384,2435700,981,543,438
735,21,384,2435800,0,0,0
736,21,384,2435900,1820,1008,812
737,21,384,2436000,1561,792,769
738,21,384,2436100,400,219,181
739,21,384,2436200,1094,550,544
740,21,384,2436300,1589,819,770
741,21,384,2436400,5,3,2
742,21,384,2436500,6275,3283,2992
743,21,384,2436600,452,247,205
744,21,384,2436700,2427,1331,1096
745,21,384,2436800,0,0,0
746,21,384,2436900,30,13,17
747,21,384,2437000,1189,625,564
748,21,384,2437100,4976,2737,2239
749,21,384,2437200,1634,850,784
750,21,384,2437300,830,441,389
751,21,384,2437400,3529,1978,1551
752,21,384,2437500,664,352,312
753,21,384,2437600,464,252,212
754,21,384,2437700,351,182,169
755,21,384,2437800,0,0,0
756,21,384,2437900,191,90,101
757,21,384,2438000,76,40,36
758,21,384,2438100,501,255,246
759,21,384,2438200,1128,580,548
760,21,384,2438300,0,0,0
761,21,384,2438400,14,7,7
762,21,384,2438500,0,0,0
763,21,384,2438600,468,229,239
764,21,384,2438700,0,0,0
765,21,384,2438800,0,0,0
766,21,384,2438900,106,48,58
767,21,384,2439000,650,345,305
768,21,384,2439100,163,85,78
769,21,384,2439200,243,120,123
770,21,384,2439300,0,0,0
771,21,384,2439400,54,26,28
772,21,384,2439500,554,289,265
773,21,384,2439600,4395,2194,2201
774,21,384,2439700,409,210,199
775,21,384,2439800,5254,2771,2483
776,21,384,2439900,1981,1033,948
777,21,384,2440000,0,0,0
778,21,384,2440100,1222,679,543
779,21,384,2440200,3961,2043,1918
780,21,384,2440300,311,165,146
781,21,384,2440400,245,123,122
782,21,384,2440500,344,172,172
783,21,384,2440600,301,149,152
784,21,384,2440700,280,145,135
785,21,384,2440800,524,281,243
786,21,384,2440900,316,167,149
787,21,384,2441000,688,336,352
788,21,384,2441100,735,367,368
789,21,384,2441200,2932,1523,1409
790,21,384,2441300,0,0,0
791,21,384,2441400,132,75,57
792,21,384,2441500,2304,1187,1117
793,21,384,2441600,0,0,0
794,21,384,2441700,5450,2741,2709
795,21,384,2441800,891,442,449
796,21,384,2441900,226,123,103
797,21,384,2442000,0,0,0
798,21,384,2442100,0,0,0
799,21,384,2442200,910,469,441
800,21,384,2442300,1157,576,581
801,21,384,2442400,1251,621,630
802,21,384,2442500,331,167,164
803,21,384,2442600,197,111,86
804,21,384,2442700,371,180,191
805,21,384,2442800,1562,787,775
806,21,384,2442900,1519,756,763
807,21,384,2443000,30,14,16
808,21,384,2443100,468,245,223
809,21,384,2443200,269,128,141
810,21,384,2443300,416,203,213
811,21,384,2443400,96,48,48
812,21,384,2443500,0,0,0
813,21,384,2443600,0,0,0
814,21,384,2443700,225,116,109
815,21,384,2443800,210,102,108
816,21,384,2443900,280,137,143
817,21,384,2444000,3245,1639,1606
818,21,384,2444100,1317,621,696
819,21,384,2444200,106,43,63
820,21,384,2444300,1387,737,650
821,21,384,2444400,0,0,0
822,21,384,2444500,85,43,42
823,21,384,2444600,0,0,0
824,21,384,2444700,0,0,0
825,21,384,2444800,230,119,111
826,21,384,2444900,971,470,501
827,21,384,2445000,3112,1553,1559
828,21,384,2445100,1252,658,594
829,21,384,2445200,0,0,0
830,21,384,2445300,2017,1069,948
831,21,384,2445400,140,75,65
832,21,384,2445500,100,52,48
833,21,384,2445600,103,52,51
834,21,384,2445700,67,36,31
835,21,384,2445800,0,0,0
836,21,384,2445900,447,223,224
837,21,384,2446000,340,188,152
838,21,384,2446100,2311,1207,1104
839,21,384,2446200,726,371,355
840,21,384,2446300,1579,786,793
841,21,384,2446400,921,464,457
842,21,384,2446500,283,147,136
843,21,384,2446600,157,74,83
844,21,384,2446700,444,232,212
845,21,384,2446800,436,221,215
846,21,384,2446900,2817,1447,1370
847,21,384,2447000,555,285,270
848,21,384,2447100,0,0,0
849,21,384,2447200,556,288,268
850,21,384,2447300,433,212,221
851,21,384,2447400,130,70,60
852,21,384,2447500,1854,961,893
853,21,384,2447600,160,86,74
854,21,384,2447700,48,28,20
855,21,384,2447800,123,64,59
856,21,384,2447900,987,503,484
857,21,384,2448000,7,2,5
858,21,384,2448100,115,56,59
859,21,384,2448200,1474,784,690
860,21,384,2448300,858,452,406
861,21,384,2448400,4263,2210,2053
862,21,384,2448500,4501,2323,2178
863,21,384,2448600,2020,1048,972
864,21,384,2448700,891,479,412
865,21,384,2448800,3333,1734,1599
866,21,384,2448900,706,368,338
867,21,384,2449000,710,369,341
868,21,384,2449100,393,199,194
869,21,384,2449200,640,324,316
870,21,384,2449300,4,2,2
871,21,384,2449400,643,330,313
872,21,384,2449500,641,318,323
873,21,384,2449600,631,304,327
874,21,384,2449700,570,283,287
875,21,384,2449800,647,328,319
876,21,384,2449900,1554,804,750
877,21,384,2450000,3010,1579,1431
878,21,384,2450100,1205,607,598
879,21,384,2450200,279,141,138
880,21,384,2450300,1625,870,755
881,21,384,2450400,1302,655,647
882,21,384,2450500,1259,646,613
883,21,384,2450600,0,0,0
884,21,384,2450700,1838,949,889
885,21,384,2450800,111,64,47
886,21,384,2450900,425,221,204
887,21,384,2451000,161,87,74
888,21,384,2451100,1053,540,513
889,21,384,2451200,944,506,438
890,21,384,2451300,620,303,317
891,21,384,2451400,428,229,199
892,21,384,2451500,1488,757,731
893,21,384,2451600,7,5,2
894,21,384,2451700,658,329,329
895,21,384,2451800,28,13,15
896,21,384,2451900,6,4,2
897,21,384,2452000,312,166,146
898,21,384,2452100,1765,904,861
899,21,384,2452200,335,177,158
900,21,384,2452300,624,309,315
901,21,384,2452400,67,32,35
902,21,384,2452500,2545,1308,1237
903,21,384,2452600,2004,1025,979
904,21,384,2452700,2452,1204,1248
905,21,384,2452800,1102,562,540
906,21,384,2452900,176,74,102
907,21,384,2453000,201,98,103
908,21,384,2453100,248,127,121
909,21,384,2453200,506,266,240
910,21,384,2453300,645,325,320
911,21,384,2453400,302,161,141
912,21,384,2453500,17,10,7
913,21,384,2453600,198,102,96
914,21,384,2453700,26,13,13
915,21,384,2453800,40,21,19
916,21,384,2453900,123,62,61
917,21,384,2454000,2789,1396,1393
918,21,384,2454100,0,0,0
919,21,384,2454200,1006,522,484
920,21,384,2454300,1680,862,818
921,21,384,2454400,0,0,0
922,21,384,2454500,140,71,69
923,21,384,2454600,780,404,376
924,21,384,2454700,914,462,452
925,21,384,2454800,469,237,232
926,21,384,2454900,0,0,0
927,21,384,2455000,34,17,17
928,21,384,2455100,21,10,11
929,21,384,2455200,121,62,59
930,21,384,2455300,322,170,152
931,21,384,2455400,9,3,6
932,21,384,2455500,126,58,68
933,21,384,2455600,0,0,0
934,21,384,2455700,404,193,211
935,21,384,2455800,269,145,124
936,21,384,2455900,581,293,288
937,21,384,2456000,711,375,336
938,21,384,2456100,328,156,172
939,21,384,2456200,806,417,389
940,21,384,2456300,668,357,311
941,21,384,2456400,866,442,424
942,21,384,2456500,255,131,124
943,21,384,2456600,695,363,332
944,21,384,2456700,1235,625,610
945,21,384,2456800,761,392,369
946,21,384,2456900,354,194,160
947,21,384,2457000,761,396,365
948,21,384,2457100,595,317,278
949,21,384,2457200,136,69,67
950,21,384,2457300,719,356,363
951,21,384,2457400,35,19,16
952,21,384,2457500,21,14,7
953,21,384,2457600,481,244,237
954,21,384,2457700,18,10,8
955,21,384,2457800,814,409,405
956,21,384,2457900,855,443,412
957,21,384,2458000,785,404,381
958,21,384,2458100,581,288,293
959,21,384,2458200,58,31,27
960,21,384,2458300,272,123,149
961,21,384,2458400,215,110,105
962,21,384,2458500,421,204,217
963,21,384,2458600,8,3,5
964,21,384,2458700,436,213,223
965,21,384,2458800,1746,856,890
966,21,384,2458900,3221,1651,1570
967,21,384,2459000,4,2,2
968,21,384,2459100,495,264,231
969,21,384,2459200,589,300,289
970,21,384,2459300,481,247,234
971,21,384,2459400,956,521,435
972,21,384,2459500,1821,927,894
973,21,384,2459600,1551,781,770
974,21,384,2459700,2697,1384,1313
975,21,384,2459800,65,32,33
976,21,384,2459900,0,0,0
977,21,384,2460000,165,75,90
978,21,384,2460100,106,57,49
979,21,384,2460200,629,310,319
980,21,384,2460300,1632,807,825
981,21,384,2460400,134,65,69
982,21,384,2460500,1521,767,754
983,21,384,2460600,711,357,354
984,21,384,2460700,292,151,141
985,21,384,2460800,170,91,79
986,21,384,2460900,1453,715,738
987,21,384,2461000,388,198,190
988,21,384,2461100,1689,849,840
989,21,384,2461200,674,339,335
990,21,384,2461300,89,44,45
991,21,384,2461400,779,368,411
992,21,384,2461500,2237,1110,1127
993,21,384,2461600,398,191,207
994,21,384,2461700,270,140,130
995,21,384,2461800,150,75,75
996,21,384,2461900,114,50,64
997,21,384,2462000,258,134,124
998,21,384,2462100,182,87,95
999,21,384,2462200,851,433,418
1000,21,384,2462300,292,138,154
1001,21,384,2462400,345,172,173
1002,21,384,2462500,1539,764,775
1003,21,384,2462600,20,7,13
1004,21,384,2462700,0,0,0
1005,21,384,2462800,616,295,321
1006,21,384,2462900,378,184,194
1007,21,384,2463000,398,204,194
1008,21,384,2463100,697,342,355
1009,21,384,2463200,130,64,66
1010,21,384,2463300,879,429,450
1011,21,384,2463400,767,382,385
1012,21,384,2463500,301,156,145
1013,21,384,2463600,0,0,0
1014,21,384,2463700,271,130,141
1015,21,384,2463800,1195,614,581
1016,21,384,2463900,969,491,478
1017,21,384,2464000,406,211,195
1018,21,384,2464100,159,67,92
1019,21,384,2464200,156,80,76
1020,21,384,2464300,0,0,0
1021,21,384,2464400,54,31,23
1022,21,384,2464500,634,314,320
1023,21,384,2464600,1031,525,506
1024,21,384,2464700,304,159,145
1025,21,384,2464800,108,53,55
1026,21,384,2464900,315,160,155
1027,21,384,2465000,539,286,253
1028,21,384,2465100,578,281,297
1029,21,384,2465200,101,48,53
1030,21,384,2465300,150,80,70
1031,21,384,2465400,0,0,0
1032,21,384,2465500,160,82,78
1033,21,384,2465600,204,107,97
1034,21,384,2465700,253,129,124
1035,21,384,2465800,318,156,162
1036,21,384,2465900,176,80,96
1037,21,384,2466000,0,0,0
1038,21,384,2466100,167,91,76
1039,21,384,2466200,198,102,96
1040,21,384,2466300,469,240,229
1041,21,384,2466400,1454,743,711
1042,21,384,2466500,237,107,130
1043,21,384,2466600,49,25,24
1044,21,384,2466700,386,204,182
1045,21,384,2466800,107,51,56
1046,21,384,2466900,966,485,481
1047,21,384,2467000,338,177,161
1048,21,384,2467100,760,386,374
1049,21,384,2467200,184,96,88
1050,21,384,2467300,491,257,234
1051,21,384,2467400,0,0,0
1052,21,384,2467500,199,96,103
1053,21,384,2467600,347,177,170
1054,21,384,2467700,64,29,35
1055,21,384,2467800,104,55,49
1056,21,384,2467900,104,48,56
1057,21,384,2468000,111,58,53
1058,21,384,2468100,444,229,215
1059,21,384,2468200,489,237,252
1060,21,384,2468300,158,79,79
1061,21,384,2468400,237,114,123
1062,21,384,2468500,0,0,0
1063,21,384,2468600,308,154,154
1064,21,384,2468700,59,25,34
1065,21,384,2468800,687,339,348
1066,21,384,2468900,222,103,119
1067,21,384,2469000,204,98,106
1068,21,384,2469100,45,26,19
1069,21,384,2469200,80,42,38
1070,21,384,2469300,147,67,80
1071,21,384,2469400,200,97,103
1072,21,384,2469500,55,23,32
1073,21,384,2469600,249,133,116
1074,21,384,2469700,41,21,20
1075,21,384,2469800,59,29,30
1076,21,384,2469900,144,79,65
1077,21,384,2470000,226,113,113
1078,21,384,2470100,420,213,207
1079,21,384,2470200,987,526,461
1080,21,384,2470300,0,0,0
1081,21,384,2470400,210,90,120
1082,21,384,2470500,96,46,50
1083,21,384,2470600,1,1,0
1084,21,384,2470700,0,0,0
1085,21,384,2470800,84,46,38
1086,21,384,2470900,75,40,35
1087,21,384,2471000,24,13,11
1088,21,384,2471100,253,125,128
1089,21,384,2471200,62,29,33
1090,21,384,2471300,59,30,29
1091,21,384,2471400,366,187,179
1092,21,384,2471500,266,137,129
1093,21,384,2471600,646,339,307
1094,21,384,2471700,0,0,0
1095,21,384,2471800,373,179,194
1096,21,384,2471900,350,171,179
1097,21,384,2472000,108,50,58
1098,21,384,2472100,50,26,24
1099,21,384,2472200,143,71,72
1100,21,384,2472300,149,66,83
1101,21,384,2472400,0,0,0
1102,21,384,2472500,259,124,135
1103,21,384,2472600,576,297,279
1104,21,384,2472700,0,0,0
1105,21,384,2472800,232,105,127
1106,21,384,2472900,0,0,0
1107,21,384,2473000,2,2,0
1108,21,384,2473100,383,183,200
1109,21,384,2473200,648,333,315
1110,21,384,2473300,19,7,12
1111,21,384,2473400,1710,847,863
1112,21,384,2473500,0,0,0
1113,21,384,2473600,1380,704,676
1114,21,384,2473700,578,291,287
1115,21,384,2473800,1563,792,771
1116,21,384,2473900,1757,871,886
1117,21,384,2474000,281,144,137
1118,21,384,2474100,97,56,41
1119,21,384,2474200,242,121,121
1120,21,384,2474300,1361,695,666
1121,21,384,2474400,221,109,112
1122,21,384,2474500,270,138,132
1123,21,384,2474600,265,151,114
1124,21,384,2474700,915,465,450
1125,21,384,2474800,18,7,11
1126,21,384,2474900,138,64,74
1127,21,384,2475000,894,441,453
1128,21,384,2475100,1186,609,577
1129,21,384,2475200,312,161,151
1130,21,384,2475300,1769,876,893
1131,21,384,2475400,447,230,217
1132,21,384,2475500,188,91,97
1133,21,384,2475600,291,144,147
1134,21,384,2475700,239,124,115
1135,21,384,2475800,148,66,82
1136,21,384,2475900,1446,747,699
1137,21,384,2476000,58,30,28
1138,21,384,2476100,109,55,54
1139,21,384,2476200,706,345,361
1140,21,384,2476300,1730,843,887
1141,21,384,2476400,60,30,30
1142,21,384,2476500,41,25,16
1143,21,384,2476600,47,22,25
1144,21,384,2476700,711,363,348
1145,21,384,2476800,459,243,216
1146,21,384,2476900,1703,862,841
1147,21,384,2477000,69,33,36
1148,21,384,2477100,2942,1487,1455
1149,21,384,2477200,279,140,139
1150,21,384,2477300,2888,1446,1442
1151,21,384,2477400,0,0,0
1152,21,384,2477500,117,65,52
1153,21,384,2477600,2082,1048,1034
1154,21,384,2477700,969,485,484
1155,21,384,2477800,2716,1303,1413
1156,21,384,2477900,19,6,13
1157,21,384,2478000,665,322,343
1158,21,384,2478100,274,134,140
1159,21,384,2478200,303,145,158
1160,21,384,2478300,798,386,412
1161,21,384,2478400,1464,695,769
1162,21,384,2478500,240,123,117
1163,21,384,2478600,2104,1031,1073
1164,21,384,2478700,576,298,278
1165,21,384,2478800,2067,1009,1058
1166,21,384,2478900,182,95,87
1167,21,384,2479000,222,113,109
1168,21,384,2479100,616,302,314
1169,21,384,2479200,422,194,228
1170,21,384,2479300,25,12,13
1171,21,384,2479400,1189,592,597
1172,21,384,2479500,103,53,50
1173,21,384,2479600,440,197,243
1174,21,384,2479700,689,370,319
1175,21,384,2479800,439,221,218
1176,21,384,2479900,0,0,0
1177,21,384,2480000,878,436,442
1178,21,384,2480100,682,339,343
1179,21,384,2480200,1444,718,726
1180,21,384,2480300,244,123,121
1181,21,384,2480400,335,167,168
1182,21,384,2480500,223,111,112
1183,21,384,2480600,1551,769,782
1184,21,384,2480700,233,120,113
1185,21,384,2480800,15,8,7
1186,21,384,2480900,217,107,110
1187,21,384,2481000,906,448,458
1188,21,384,2481100,172,88,84
1189,21,384,2481200,5,3,2
1190,21,384,2481300,3378,1726,1652
1191,21,384,2481400,625,324,301
1192,21,384,2481500,1402,717,685
1193,21,384,2481600,79,45,34
1194,21,384,2481700,649,335,314
1195,21,384,2481800,310,160,150
1196,21,384,2481900,66,37,29
1197,21,384,2482000,693,359,334
1198,21,384,2482100,879,450,429
1199,21,384,2482200,372,196,176
1200,21,384,2482300,250,136,114
1201,21,384,2482400,697,339,358
1202,21,384,2482500,994,501,493
1203,21,384,2482600,58,29,29
1204,21,384,2482700,603,307,296
1205,21,384,2482800,106,51,55
1206,21,384,2482900,323,160,163
1207,21,384,2483000,506,262,244
1208,21,384,2483100,648,337,311
1209,21,384,2483200,179,87,92
1210,21,384,2483300,509,247,262
1211,21,384,2483400,593,288,305
1212,21,384,2483500,40,20,20
1213,21,384,2483600,984,470,514
1214,21,384,2483700,0,0,0
1215,21,384,2483800,460,228,232
1216,21,384,2483900,107,49,58
1217,21,384,2484000,205,105,100
1218,21,384,2484100,356,179,177
1219,21,384,2484200,210,105,105
1220,21,384,2484300,357,180,177
1221,21,384,2484400,690,345,345
1222,21,384,2484500,0,0,0
1223,21,384,2484600,352,172,180
1224,21,384,2484700,63,31,32
1225,21,384,2484800,161,82,79
1226,21,384,2484900,408,213,195
1227,21,384,2485000,625,313,312
1228,21,384,2485100,1158,577,581
1229,21,384,2485200,486,231,255
1230,21,384,2485300,187,99,88
1231,21,384,2485400,456,231,225
1232,21,384,2485500,119,76,43
1233,21,384,2485600,26,14,12
1234,21,384,2485700,1329,695,634
1235,21,384,2485800,200,107,93
1236,21,384,2485900,1068,550,518
1237,21,384,2486000,1129,575,554
1238,21,384,2486100,23,13,10
1239,21,384,2486200,173,87,86
1240,21,384,2486300,4366,2210,2156
1241,21,384,2486400,1109,554,555
1242,21,384,2486500,807,415,392
1243,21,384,2486600,900,464,436
1244,21,384,2486700,724,359,365
1245,21,384,2486800,395,212,183
1246,21,384,2486900,189,92,97
1247,21,384,2487000,749,375,374
1248,21,384,2487100,409,199,210
1249,21,384,2487200,1,1,0
1250,21,384,2487300,67,35,32
1251,21,384,2487400,1652,850,802
1252,21,384,2487500,609,325,284
1253,21,384,2487600,46,25,21
1254,21,384,2487700,716,369,347
1255,21,384,2487800,1647,846,801
1256,21,384,2487900,0,0,0
1257,21,384,2488000,399,201,198
1258,21,384,2488100,2686,1369,1317
1259,21,384,2488200,1283,636,647
1260,21,384,2488300,1571,778,793
1261,21,384,2488400,2292,1185,1107
1262,21,384,2488500,1710,863,847
1263,21,384,2488600,1397,733,664
1264,21,384,2488700,35,16,19
1265,21,384,2488800,1245,657,588
1266,21,384,2488900,177,110,67
1267,21,384,2489000,4136,2110,2026
1268,21,384,2489100,115,65,50
1269,21,384,2489200,0,0,0
1270,21,384,2489300,56,31,25
1271,21,384,2489400,10,5,5
1272,21,384,2489500,0,0,0
1273,21,384,2489600,0,0,0
1274,21,384,2489700,1508,772,736
1275,21,384,2489800,0,0,0
1276,21,384,2489900,700,360,340
1277,21,384,2490000,0,0,0
1278,21,384,2490100,2320,1156,1164
1279,21,384,2490200,986,489,497
1280,21,384,2490300,188,96,92
1281,21,384,2490400,540,279,261
1282,21,384,2490500,140,74,66
1283,21,384,2490600,103,59,44
1284,21,384,2490700,169,97,72
1285,21,384,2490800,649,336,313
1286,21,384,2490900,332,177,155
1287,21,384,2491000,1110,566,544
1288,21,384,2491100,1098,560,538
1289,21,384,2491200,127,59,68
1290,21,384,2491300,681,335,346
1291,21,384,2491400,964,485,479
1292,21,384,2491500,539,267,272
1293,21,384,2491600,102,48,54
1294,21,384,2491700,97,49,48
1295,21,384,2491800,15,5,10
1296,21,384,2491900,516,264,252
1297,21,384,2492000,10,5,5
1298,21,384,2492100,544,289,255
1299,21,384,2492200,236,120,116
1300,21,384,2492300,2989,1503,1486
1301,21,384,2492400,458,233,225
1302,21,384,2492500,1563,802,761
1303,21,384,2492600,0,0,0
1304,21,384,2492700,191,97,94
1305,21,384,2492800,1,1,0
1306,21,384,2492900,444,227,217
1307,21,384,2493000,0,0,0
1308,21,384,2493100,160,80,80
1309,21,384,2493200,1770,931,839
1310,21,384,2493300,611,326,285
1311,21,384,2493400,4080,2109,1971
1312,21,384,2493500,172,83,89
1313,21,384,2493600,888,449,439
1314,21,384,2493700,1333,675,658
1315,21,384,2493800,197,96,101
1316,21,384,2493900,0,0,0
1317,21,384,2494000,0,0,0
1318,21,384,2494100,668,341,327
1319,21,384,2494200,248,120,128
1320,21,384,2494300,255,134,121
1321,21,384,2494400,532,258,274
1322,21,384,2494500,40,18,22
1323,21,384,2494600,142,72,70
1324,21,384,2494700,285,144,141
1325,21,384,2494800,21,10,11
1326,21,384,2494900,86,39,47
1327,21,384,2495000,136,72,64
1328,21,384,2495100,132,68,64
1329,21,384,2495200,123,64,59
1330,21,384,2495300,106,56,50
1331,21,384,2495400,16,6,10
1332,21,384,2495500,0,0,0
1333,21,384,2495600,340,172,168
1334,21,384,2495700,252,118,134
1335,21,384,2495800,427,209,218
1336,21,384,2495900,314,155,159
1337,21,384,2496000,0,0,0
1338,21,384,2496100,49,24,25
1339,21,384,2496200,85,43,42
1340,21,384,2496300,0,0,0
1341,21,384,2496400,47,26,21
1342,21,384,2496500,254,126,128
1343,21,384,2496600,184,90,94
1344,21,384,2496700,799,400,399
1345,21,384,2496800,61,29,32
1346,21,384,2496900,455,236,219
1347,21,384,2497000,727,431,296
1348,21,384,2497100,39,20,19
1349,21,384,2497200,510,258,252
1350,21,384,2497300,0,0,0
1351,21,384,2497400,187,90,97
1352,21,384,2497500,142,70,72
1353,21,384,2497600,166,80,86
1354,21,384,2497700,587,309,278
1355,21,384,2497800,282,140,142
1356,21,384,2497900,390,211,179
1357,21,384,2498000,88,45,43
1358,21,384,2498100,237,118,119
1359,21,384,2498200,70,39,31
1360,21,384,2498300,82,41,41
1361,21,384,2498400,193,103,90
1362,21,384,2498500,161,77,84
1363,21,384,2498600,614,312,302
1364,21,384,2498700,307,153,154
1365,21,384,2498800,88,43,45
1366,21,384,2498900,1460,763,697
1367,21,384,2499000,0,0,0
1368,21,384,2499100,1,0,1
1369,21,384,2499200,43,21,22
1370,21,384,2499300,347,178,169
1371,21,384,2499400,0,0,0
1372,21,384,2499500,1048,548,500
1373,21,384,2499600,86,45,41
1374,21,384,2499700,404,178,226
1375,21,384,2499800,404,191,213
1376,21,384,2499900,332,169,163
1377,21,384,2500000,522,269,253
1378,21,384,2500100,1124,583,541
1379,21,384,2500200,245,129,116
1380,21,384,2500300,1617,898,719
1381,21,384,2500400,280,139,141
1382,21,384,2500500,272,135,137
1383,21,384,2500600,2048,1064,984
1384,21,384,2500700,181,90,91
1385,21,384,2500800,462,236,226
1386,21,384,2500900,246,129,117
1387,21,384,2501000,1718,844,874
1388,21,384,2501100,579,289,290
1389,21,384,2501200,436,212,224
1390,21,384,2501300,279,142,137
1391,21,384,2501400,318,156,162
1392,21,384,2501500,0,0,0
1393,21,384,2501600,582,287,295
1394,21,384,2501700,256,126,130
1395,21,384,2501800,0,0,0
1396,21,384,2501900,699,346,353
1397,21,384,2502000,321,165,156
1398,21,384,2502100,494,247,247
1399,21,384,2502200,403,197,206
1400,21,384,2502300,247,126,121
1401,21,384,2502400,337,178,159
1402,21,384,2502500,926,478,448
1403,21,384,2502600,604,299,305
1404,21,384,2502700,13,6,7
1405,21,384,2502800,0,0,0
1406,21,384,2502900,403,203,200
1407,21,384,2503000,347,164,183
1408,21,384,2503100,112,48,64
1409,21,384,2503200,404,204,200
1410,21,384,2503300,587,274,313
1411,21,384,2503400,380,191,189
1412,21,384,2503500,135,74,61
1413,21,384,2503600,748,372,376
1414,21,384,2503700,761,372,389
1415,21,384,2503800,736,364,372
1416,21,384,2503900,97,46,51
1417,21,384,2504000,55,27,28
1418,21,384,2504100,259,125,134
1419,21,384,2504200,1029,533,496
1420,21,384,2504300,1341,677,664
1421,21,384,2504400,479,245,234
1422,21,384,2504500,869,447,422
1423,21,384,2504600,513,250,263
1424,21,384,2504700,163,78,85
1425,21,384,2504800,35,16,19
1426,21,384,2504900,208,108,100
1427,21,384,2505000,69,39,30
1428,21,384,2505100,292,145,147
1429,21,384,2505200,113,50,63
1430,21,384,2505300,40,17,23
1431,21,384,2505400,126,55,71
1432,21,384,2505500,348,175,173
1433,21,384,2505600,301,138,163
1434,21,384,2505700,326,167,159
1435,21,384,2505800,70,38,32
1436,21,384,2505900,384,184,200
1437,21,384,2506000,285,143,142
1438,21,384,2506100,275,143,132
1439,21,384,2506200,316,150,166
1440,21,384,2506300,262,138,124
1441,21,384,2506400,125,64,61
1442,21,384,2506500,301,154,147
1443,21,384,2506600,81,45,36
1444,21,384,2506700,762,407,355
1445,21,384,2506800,0,0,0
1446,21,384,2506900,122,59,63
1447,21,384,2507000,59,26,33
1448,21,384,2507100,47,25,22
1449,21,384,2507200,0,0,0
1450,21,384,2507300,17,5,12
1451,21,384,2507400,31,21,10
1452,21,384,2507500,157,84,73
1453,21,384,2507600,51,27,24
1454,21,384,2507700,48,24,24
1455,21,384,2507800,117,58,59
1456,21,384,2507900,383,187,196
1457,21,384,2508000,37,20,17
1458,21,384,2508100,53,25,28
1459,21,384,2508200,291,145,146
1460,21,384,2508300,275,133,142
1461,21,384,2508400,668,348,320
1462,21,384,2508500,123,59,64
1463,21,384,2508600,8,1,7
1464,21,384,2508700,8,3,5
1465,21,384,2508800,14,7,7
1466,21,384,2508900,702,353,349
1467,21,384,2509000,181,93,88
1468,21,384,2509100,286,153,133
1469,21,384,2509200,999,514,485
1470,21,384,2509300,31,16,15
1471,21,384,2509400,706,355,351
1472,21,384,2509500,106,53,53
1473,21,384,2509600,150,75,75
1474,21,384,2509700,384,187,197
1475,21,384,2509800,254,138,116
1476,21,384,2509900,0,0,0
1477,21,384,2510000,205,108,97
1478,21,384,2510100,353,166,187
1479,21,384,2510200,242,129,113
1480,21,384,2510300,347,181,166
1481,21,384,2510400,119,63,56
1482,21,384,2510500,129,68,61
1483,21,384,2510600,136,61,75
1484,21,384,2510700,0,0,0
1485,21,384,2510800,576,273,303
1486,21,384,2510900,909,467,442
1487,21,384,2511000,1730,870,860
1488,21,384,2511100,177,92,85
1489,21,384,2511200,490,247,243
1490,21,384,2511300,422,227,195
1491,21,384,2511400,8,1,7
1492,21,384,2511500,38,20,18
1493,21,384,2511600,136,74,62
1494,21,384,2511700,1244,629,615
1495,21,384,2511800,318,157,161
1496,21,384,2511900,339,176,163
1497,21,384,2512000,205,107,98
1498,21,384,2512100,129,69,60
1499,21,384,2512200,90,45,45
1500,21,384,2512300,437,228,209
1501,21,384,2512400,172,78,94
1502,21,384,2512500,657,327,330
1503,21,384,2512600,1601,798,803
1504,21,384,2512700,1138,583,555
1505,21,384,2512800,167,82,85
1506,21,384,2512900,307,150,157
1507,21,384,2513000,708,367,341
1508,21,384,2513100,336,167,169
1509,21,384,2513200,321,165,156
1510,21,384,2513300,91,43,48
1511,21,384,2513400,115,59,56
1512,21,384,2513500,102,51,51
1513,21,384,2513600,170,83,87
1514,21,384,2513700,375,189,186
1515,21,384,2513800,373,186,187
1516,21,384,2513900,1546,762,784
1517,21,384,2514000,0,0,0
1518,21,384,2514100,160,78,82
1519,21,384,2514200,307,157,150
1520,21,384,2514300,129,67,62
1521,21,384,2514400,665,344,321
1522,21,384,2514500,515,264,251
1523,21,384,2514600,250,144,106
1524,21,384,2514700,194,97,97
1525,21,384,2514800,177,80,97
1526,21,384,2514900,74,37,37
1527,21,384,2515000,382,201,181
1528,21,384,2515100,171,92,79
1529,21,384,2515200,1051,515,536
1530,21,384,2515300,309,161,148
1531,21,384,2515400,230,121,109
1532,21,384,2515500,132,69,63
1533,21,384,2515600,200,105,95
1534,21,384,2515700,485,244,241
1535,21,384,2515800,153,83,70
1536,21,384,2515900,149,73,76
1537,21,384,2516000,559,277,282
1538,21,384,2516100,195,91,104
1539,21,384,2516200,485,229,256
1540,21,384,2516300,251,127,124
1541,21,384,2516400,36,17,19
1542,21,384,2516500,0,0,0
1543,21,384,2516600,425,207,218
1544,21,384,2516700,0,0,0
1545,21,384,2516800,40,19,21
1546,21,384,2516900,0,0,0
1547,21,384,2517000,253,121,132
1548,21,384,2517100,199,103,96
1549,21,384,2517200,475,241,234
1550,21,384,2517300,1552,775,777
1551,21,384,2517400,618,304,314
1552,21,384,2517500,43,23,20
1553,21,384,2517600,155,80,75
1554,21,384,2517700,0,0,0
1555,21,384,2517800,523,263,260
1556,21,384,2517900,183,85,98
1557,21,384,2518000,375,183,192
1558,21,384,2518100,525,257,268
1559,21,384,2518200,0,0,0
1560,21,384,2518300,177,85,92
1561,21,384,2518400,67,37,30
1562,21,384,2518500,517,269,248
1563,21,384,2518600,238,126,112
1564,21,384,2518700,102,50,52
1565,21,384,2518800,107,53,54
1566,21,384,2518900,0,0,0
1567,21,384,2519000,135,67,68
1568,21,384,2519100,32,17,15
1569,21,384,2519200,14,7,7
1570,21,384,2519300,0,0,0
1571,21,384,2519400,99,55,44
1572,21,384,2519500,235,111,124
1573,21,384,2519600,176,82,94
1574,21,384,2519700,116,52,64
1575,21,384,2519800,298,149,149
1576,21,384,2519900,665,314,351
1577,21,384,2520000,555,291,264
1578,21,384,2520100,0,0,0
1579,21,384,2520200,296,161,135
1580,21,384,2520300,490,252,238
1581,21,384,2520400,90,41,49
1582,21,384,2520500,58,27,31
1583,21,384,2520600,59,31,28
1584,21,384,2520700,155,80,75
1585,21,384,2520800,305,162,143
1586,21,384,2520900,184,97,87
1587,21,384,2521000,458,223,235
1588,21,384,2521100,246,116,130
1589,21,384,2521200,611,298,313
1590,21,384,2521300,0,0,0
1591,21,384,2521400,378,193,185
1592,21,384,2521500,100,51,49
1593,21,384,2521600,298,145,153
1594,21,384,2521700,514,254,260
1595,21,384,2521800,242,129,113
1596,21,384,2521900,231,112,119
1597,21,384,2522000,361,174,187
1598,21,384,2522100,383,194,189
1599,21,384,2522200,575,289,286
1600,21,384,2522300,204,90,114
1601,21,384,2522400,522,258,264
1602,21,384,2522500,225,113,112
1603,21,384,2522600,582,276,306
1604,21,384,2522700,915,461,454
1605,21,384,2522800,615,311,304
1606,21,384,2522900,397,183,214
1607,21,384,2523000,365,179,186
1608,21,384,2523100,226,109,117
1609,21,384,2523200,123,60,63
1610,21,384,2523300,22,9,13
1611,21,384,2523400,0,0,0
1612,21,384,2523500,315,163,152
1613,21,384,2523600,0,0,0
1614,21,384,2523700,271,129,142
1615,21,384,2523800,322,162,160
1616,21,384,2523900,159,77,82
1617,21,384,2524000,164,71,93
1618,21,384,2524100,43,18,25
1619,21,384,2524200,15,8,7
1620,21,384,2524300,135,63,72
1621,21,384,2524400,362,172,190
1622,21,384,2524500,328,159,169
1623,21,384,2524600,103,57,46
1624,21,384,2524700,1341,662,679
1625,21,384,2524800,242,123,119
1626,21,384,2524900,299,142,157
1627,21,384,2525000,167,78,89
1628,21,384,2525100,317,156,161
1629,21,384,2525200,0,0,0
1630,21,384,2525300,239,120,119
1631,21,384,2525400,301,149,152
1632,21,384,2525500,278,126,152
1633,21,384,2525600,296,161,135
1634,21,384,2525700,267,137,130
1635,21,384,2525800,457,232,225
1636,21,384,2525900,272,134,138
1637,21,384,2526000,455,209,246
1638,21,384,2526100,491,236,255
1639,21,384,2526200,169,78,91
1640,21,384,2526300,47,23,24
1641,21,384,2526400,214,124,90
1642,21,384,2526500,227,102,125
1643,21,384,2526600,397,188,209
1644,21,384,2526700,0,0,0
1645,21,384,2526800,0,0,0
1646,21,384,2526900,111,49,62
1647,21,384,2527000,183,96,87
1648,21,384,2527100,174,83,91
1649,21,384,2527200,121,62,59
1650,21,384,2527300,27,16,11
1651,21,384,2527400,208,97,111
1652,21,384,2527500,114,54,60
1653,21,384,2527600,95,51,44
1654,21,384,2527700,177,91,86
1655,21,384,2527800,217,112,105
1656,21,384,2527900,1707,888,819
1657,21,384,2528000,0,0,0
1658,21,384,2528100,83,47,36
1659,21,384,2528200,219,113,106
1660,21,384,2528300,172,91,81
1661,21,384,2528400,198,102,96
1662,21,384,2528500,211,106,105
1663,21,384,2528600,154,70,84
1664,21,384,2528700,553,267,286
1665,21,384,2528800,428,210,218
1666,21,384,2528900,88,45,43
1667,21,384,2529000,745,345,400
1668,21,384,2529100,88,38,50
1669,21,384,2529200,575,282,293
1670,21,384,2529300,492,252,240
1671,21,384,2529400,96,50,46
1672,21,384,2529500,235,124,111
1673,21,384,2529600,348,173,175
1674,21,384,2529700,47,23,24
1675,21,384,2529800,345,172,173
1676,21,384,2529900,62,33,29
1677,21,384,2530000,1203,592,611
1678,21,384,2530100,257,130,127
1679,21,384,2530200,258,130,128
1680,21,384,2530300,350,179,171
1681,21,384,2530400,266,129,137
1682,21,384,2530500,1123,544,579
1683,21,384,2530600,0,0,0
1684,21,384,2530700,161,76,85
1685,21,384,2530800,164,74,90
1686,21,384,2530900,127,61,66
1687,21,384,2531000,329,156,173
1688,21,384,2531100,439,211,228
1689,21,384,2531200,413,221,192
1690,21,384,2531300,244,127,117
1691,21,384,2531400,292,142,150
1692,21,384,2531500,53,25,28
1693,21,384,2531600,190,99,91
1694,21,384,2531700,38,22,16
1695,21,384,2531800,0,0,0
1696,21,384,2531900,114,64,50
1697,21,384,2532000,223,102,121
1698,21,384,2532100,95,44,51
1699,21,384,2532200,109,56,53
1700,21,384,2532300,118,61,57
1701,21,384,2532400,102,45,57
1702,21,384,2532500,292,140,152
1703,21,384,2532600,231,123,108
1704,21,384,2532700,107,54,53
1705,21,384,2532800,157,80,77
1706,21,384,2532900,215,114,101
1707,21,384,2533000,297,147,150
1708,21,384,2533100,463,222,241
1709,21,384,2533200,140,71,69
1710,21,384,2533300,152,80,72
1711,21,384,2533400,463,233,230
1712,21,384,2533500,167,82,85
1713,21,384,2533600,30,13,17
1714,21,384,2533700,150,70,80
1715,21,384,2533800,248,120,128
1716,21,384,2533900,288,142,146
1717,21,384,2534000,429,213,216
1718,21,384,2534100,251,131,120
1719,21,384,2534200,164,86,78
1720,21,384,2534300,64,36,28
1721,21,384,2534400,104,53,51
1722,21,384,2534500,115,57,58
1723,21,384,2534600,128,58,70
1724,21,384,2534700,28,10,18
1725,21,384,2534800,0,0,0
1726,21,384,2534900,105,51,54
1727,21,384,2535000,1,1,0
1728,21,384,2535100,110,52,58
1729,21,384,2535200,58,25,33
1730,21,384,2535300,33,19,14
1731,21,384,2535400,425,205,220
1732,21,384,2535500,280,140,140
1733,21,384,2535600,338,171,167
1734,21,384,2535700,291,145,146
1735,21,384,2535800,116,59,57
1736,21,384,2535900,172,80,92
1737,21,384,2536000,0,0,0
1738,21,384,2536100,0,0,0
1739,21,384,2536200,0,0,0
1740,21,384,2536300,64,27,37
1741,21,384,2536400,149,75,74
1742,21,384,2536500,114,58,56
1743,21,384,2536600,169,83,86
1744,21,384,2536700,107,58,49
1745,21,384,2536800,80,38,42
1746,21,384,2536900,0,0,0
1747,21,384,2537000,30,10,20
1748,21,384,2537100,0,0,0
1749,21,384,2537200,213,107,106
1750,21,384,2537300,334,195,139
1751,21,384,2537400,466,253,213
1752,21,384,2537500,637,306,331
1753,21,384,2537600,197,84,113
1754,21,384,2537700,258,127,131
1755,21,384,2537800,27,12,15
1756,21,384,2537900,295,155,140
1757,21,384,2538000,249,124,125
1758,21,384,2538100,253,134,119
1759,21,384,2538200,323,163,160
1760,21,384,2538300,122,56,66
1761,21,384,2538400,49,31,18
1762,21,384,2538500,92,47,45
1763,21,384,2538600,0,0,0
1764,21,384,2538700,0,0,0
1765,21,384,2538800,159,78,81
1766,21,384,2538900,0,0,0
1767,21,384,2539000,316,167,149
1768,21,384,2539100,301,152,149
1769,21,384,2539200,21,21,0
1770,21,384,2539300,183,91,92
1771,21,384,2539400,0,0,0
1772,21,384,2539500,103,53,50
1773,21,384,2539600,137,70,67
1774,21,384,2539700,0,0,0
1775,21,384,2539800,0,0,0
1776,21,384,2539900,0,0,0
1777,21,384,2540000,177,88,89
1778,21,384,2540100,0,0,0
1779,21,384,2540200,173,94,79
1780,21,384,2540300,77,42,35
1781,21,384,2540400,258,135,123
1782,21,384,2540500,226,102,124
1783,21,384,2540600,0,0,0
1784,21,384,2540700,347,183,164
1785,21,384,2540800,489,247,242
1786,21,384,2540900,307,140,167
1787,21,384,2541000,477,246,231
1788,21,384,2541100,458,238,220
1789,21,384,2541200,221,105,116
1790,21,384,2541300,394,190,204
1791,21,384,2541400,118,55,63
1792,21,384,2541500,832,430,402
1793,21,384,2541600,302,146,156
1794,21,384,2541700,372,189,183
1795,21,384,2541800,181,91,90
1796,21,384,2541900,46,22,24
1797,21,384,2542000,591,312,279
1798,21,384,2542100,706,355,351
1799,21,384,2542200,729,361,368
1800,21,384,2542300,78,37,41
1801,21,384,2542400,148,79,69
1802,21,384,2542500,301,151,150
1803,21,384,2542600,0,0,0
1804,21,384,2542700,493,240,253
1805,21,384,2542800,135,63,72
1806,21,384,2542900,20,8,12
1807,21,384,2543000,177,85,92
1808,21,384,2543100,107,56,51
1809,21,384,2543200,863,443,420
1810,21,384,2543300,131,72,59
1811,21,384,2543400,275,134,141
1812,21,384,2543500,571,291,280
1813,21,384,2543600,0,0,0
1814,21,384,2543700,221,118,103
1815,21,384,2543800,637,315,322
1816,21,384,2543900,297,151,146
1817,21,384,2544000,196,108,88
1818,21,384,2544100,343,180,163
1819,21,384,2544200,375,183,192
1820,21,384,2544300,128,66,62
1821,21,384,2544400,582,287,295
1822,21,384,2544500,630,324,306
1823,21,384,2544600,677,337,340
1824,21,384,2544700,0,0,0
1825,21,384,2544800,457,221,236
1826,21,384,2544900,26,15,11
1827,21,384,2545000,10,4,6
1828,21,384,2545100,578,295,283
1829,21,384,2545200,250,124,126
1830,21,384,2545300,322,160,162
1831,21,384,2545400,303,156,147
1832,21,384,2545500,537,265,272
1833,21,384,2545600,90,40,50
1834,21,384,2545700,10,5,5
1835,21,384,2545800,0,0,0
1836,21,384,2545900,335,161,174
1837,21,384,2546000,409,207,202
1838,21,384,2546100,0,0,0
1839,21,384,2546200,405,199,206
1840,21,384,2546300,0,0,0
1841,21,384,2546400,639,334,305
1842,21,384,2546500,703,372,331
1843,21,384,2546600,190,99,91
1844,21,384,2546700,72,41,31
1845,21,384,2546800,265,138,127
1846,21,384,2546900,269,129,140
1847,21,384,2547000,109,58,51
1848,21,384,2547100,119,57,62
1849,21,384,2547200,199,95,104
1850,21,384,2547300,145,71,74
1851,21,384,2547400,194,102,92
1852,21,384,2547500,171,86,85
1853,21,384,2547600,65,32,33
1854,21,384,2547700,691,348,343
1855,21,384,2547800,200,102,98
1856,21,384,2547900,130,69,61
1857,21,384,2548000,328,167,161
1858,21,384,2548100,20,11,9
1859,21,384,2548200,172,83,89
1860,21,384,2548300,161,84,77
1861,21,384,2548400,0,0,0
1862,21,384,2548500,15,7,8
1863,21,384,2548600,258,140,118
1864,21,384,2548700,133,62,71
1865,21,384,2548800,151,72,79
1866,21,384,2548900,625,310,315
1867,21,384,2549000,425,210,215
1868,21,384,2549100,46,23,23
1869,21,384,2549200,160,84,76
1870,21,384,2549300,622,325,297
1871,21,384,2549400,186,97,89
1872,21,384,2549500,83,47,36
1873,21,384,2549600,158,81,77
1874,21,384,2549700,598,305,293
1875,21,384,2549800,152,78,74
1876,21,384,2549900,769,371,398
1877,21,384,2550000,117,63,54
1878,21,384,2550100,206,102,104
1879,21,384,2550200,26,10,16
1880,21,384,2550300,129,67,62
1881,21,384,2550400,663,344,319
1882,21,384,2550500,67,32,35
1883,21,384,2550600,687,351,336
1884,21,384,2550700,37,19,18
1885,21,384,2550800,87,43,44
1886,21,384,2550900,36,16,20
1887,21,384,2551000,51,26,25
1888,21,384,2551100,0,0,0
1889,21,384,2551200,121,54,67
1890,21,384,2551300,102,43,59
1891,21,384,2551400,242,122,120
1892,21,384,2551500,650,322,328
1893,21,384,2551600,0,0,0
1894,21,384,2551700,0,0,0
1895,21,384,2551800,665,331,334
1896,21,384,2551900,224,118,106
1897,21,384,2552000,224,109,115
1898,21,384,2552100,119,57,62
1899,21,384,2552200,200,103,97
1900,21,384,2552300,7,3,4
1901,21,384,2552400,64,29,35
1902,21,384,2552500,160,84,76
1903,21,384,2552600,78,37,41
1904,21,384,2552700,225,108,117
1905,21,384,2552800,0,0,0
1906,21,384,2552900,539,245,294
1907,21,384,2553000,169,82,87
1908,21,384,2553100,119,58,61
1909,21,384,2553200,85,43,42
