,Statecode,Districtcode,VillageCode,Population,Males,Females
0,21,379,1585200,8,6,2
1,21,379,1585300,383,188,195
2,21,379,1585400,904,442,462
3,21,379,1585500,815,412,403
4,21,379,1585600,652,300,352
5,21,379,1585700,0,0,0
6,21,379,1585800,149,70,79
7,21,379,1585900,253,123,130
8,21,379,1586000,1197,526,671
9,21,379,1586100,701,306,395
10,21,379,1586200,536,280,256
11,21,379,1586300,573,302,271
12,21,379,1586400,314,152,162
13,21,379,1586500,1340,710,630
14,21,379,1586600,256,120,136
15,21,379,1586700,1298,623,675
16,21,379,1586800,1483,693,790
17,21,379,1586900,405,205,200
18,21,379,1587000,356,148,208
19,21,379,1587100,489,215,274
20,21,379,1587200,448,209,239
21,21,379,1587300,654,301,353
22,21,379,1587400,282,127,155
23,21,379,1587500,720,332,388
24,21,379,1587600,618,288,330
25,21,379,1587700,593,271,322
26,21,379,1587800,390,182,208
27,21,379,1587900,435,218,217
28,21,379,1588000,213,104,109
29,21,379,1588100,99,58,41
30,21,379,1588200,334,162,172
31,21,379,1588300,295,141,154
32,21,379,1588400,1246,611,635
33,21,379,1588500,241,117,124
34,21,379,1588600,699,344,355
35,21,379,1588700,503,252,251
36,21,379,1588800,500,223,277
37,21,379,1588900,1273,633,640
38,21,379,1589000,791,346,445
39,21,379,1589100,0,0,0
40,21,379,1589200,0,0,0
41,21,379,1589300,616,328,288
42,21,379,1589400,765,375,390
43,21,379,1589500,1171,564,607
44,21,379,1589600,1034,514,520
45,21,379,1589700,471,197,274
46,21,379,1589800,1738,802,936
47,21,379,1589900,1335,618,717
48,21,379,1590000,647,292,355
49,21,379,1590100,1237,577,660
50,21,379,1590200,1586,712,874
51,21,379,1590300,572,252,320
52,21,379,1590400,1656,800,856
53,21,379,1590500,383,202,181
54,21,379,1590600,2088,1031,1057
55,21,379,1590700,1214,553,661
56,21,379,1590800,3939,1850,2089
57,21,379,1590900,3313,1556,1757
58,21,379,1591000,2015,913,1102
59,21,379,1591100,578,257,321
60,21,379,1591200,1290,615,675
61,21,379,1591300,0,0,0
62,21,379,1591400,351,158,193
63,21,379,1591500,1787,814,973
64,21,379,1591600,1569,750,819
65,21,379,1591700,2229,1055,1174
66,21,379,1591800,203,91,112
67,21,379,1591900,325,151,174
68,21,379,1592000,2218,1088,1130
69,21,379,1592100,1344,621,723
70,21,379,1592200,265,125,140
71,21,379,1592300,149,74,75
72,21,379,1592400,129,67,62
73,21,379,1592500,441,215,226
74,21,379,1592600,236,118,118
75,21,379,1592700,1430,679,751
76,21,379,1592800,647,306,341
77,21,379,1592900,342,178,164
78,21,379,1593000,367,174,193
79,21,379,1593100,295,143,152
80,21,379,1593200,260,125,135
81,21,379,1593300,922,430,492
82,21,379,1593400,175,80,95
83,21,379,1593500,205,100,105
84,21,379,1593600,981,447,534
85,21,379,1593700,478,237,241
86,21,379,1593800,281,143,138
87,21,379,1593900,612,297,315
88,21,379,1594000,392,192,200
89,21,379,1594100,0,0,0
90,21,379,1594200,447,207,240
91,21,379,1594300,493,244,249
92,21,379,1594400,447,218,229
93,21,379,1594500,906,443,463
94,21,379,1594600,0,0,0
95,21,379,1594700,0,0,0
96,21,379,1594800,0,0,0
97,21,379,1594900,0,0,0
98,21,379,1595000,322,150,172
99,21,379,1595100,754,360,394
100,21,379,1595200,445,213,232
101,21,379,1595300,241,125,116
102,21,379,1595400,80,35,45
103,21,379,1595500,689,332,357
104,21,379,1595600,341,162,179
105,21,379,1595700,309,147,162
106,21,379,1595800,417,196,221
107,21,379,1595900,396,189,207
108,21,379,1596000,694,329,365
109,21,379,1596100,1142,555,587
110,21,379,1596200,505,249,256
111,21,379,1596300,628,286,342
112,21,379,1596400,398,184,214
113,21,379,1596500,894,428,466
114,21,379,1596600,2913,1373,1540
115,21,379,1596700,234,108,126
116,21,379,1596800,1578,684,894
117,21,379,1596900,165,78,87
118,21,379,1597000,1861,900,961
119,21,379,1597100,1230,578,652
120,21,379,1597200,1274,557,717
121,21,379,1597300,495,224,271
122,21,379,1597400,130,59,71
123,21,379,1597500,431,206,225
124,21,379,1597600,598,294,304
125,21,379,1597700,1459,703,756
126,21,379,1597800,1932,929,1003
127,21,379,1597900,406,190,216
128,21,379,1598000,1516,698,818
129,21,379,1598100,740,336,404
130,21,379,1598200,266,124,142
131,21,379,1598300,906,413,493
132,21,379,1598400,609,293,316
133,21,379,1598500,438,203,235
134,21,379,1598600,983,467,516
135,21,379,1598700,290,146,144
136,21,379,1598800,365,166,199
137,21,379,1598900,239,115,124
138,21,379,1599000,394,189,205
139,21,379,1599100,1288,611,677
140,21,379,1599200,650,293,357
141,21,379,1599300,0,0,0
142,21,379,1599400,0,0,0
143,21,379,1599500,212,101,111
144,21,379,1599600,420,205,215
145,21,379,1599700,471,222,249
146,21,379,1599800,260,125,135
147,21,379,1599900,296,144,152
148,21,379,1600000,541,264,277
149,21,379,1600100,308,157,151
150,21,379,1600200,228,99,129
151,21,379,1600300,369,170,199
152,21,379,1600400,640,302,338
153,21,379,1600500,0,0,0
154,21,379,1600600,544,253,291
155,21,379,1600700,444,210,234
156,21,379,1600800,362,175,187
157,21,379,1600900,391,200,191
158,21,379,1601000,694,331,363
159,21,379,1601100,384,181,203
160,21,379,1601200,897,434,463
161,21,379,1601300,454,227,227
162,21,379,1601400,563,279,284
163,21,379,1601500,475,231,244
164,21,379,1601600,280,135,145
165,21,379,1601700,342,172,170
166,21,379,1601800,953,479,474
167,21,379,1601900,617,306,311
168,21,379,1602000,4018,1816,2202
169,21,379,1602100,2978,1429,1549
170,21,379,1602200,3573,1609,1964
171,21,379,1602300,2902,1389,1513
172,21,379,1602400,668,316,352
173,21,379,1602500,674,309,365
174,21,379,1602600,576,279,297
175,21,379,1602700,0,0,0
176,21,379,1602800,1927,950,977
177,21,379,1602900,365,173,192
178,21,379,1603000,372,193,179
179,21,379,1603100,80,43,37
180,21,379,1603200,111,53,58
181,21,379,1603300,954,475,479
182,21,379,1603400,786,387,399
183,21,379,1603500,920,450,470
184,21,379,1603600,471,236,235
185,21,379,1603700,837,405,432
186,21,379,1603800,283,125,158
187,21,379,1603900,422,177,245
188,21,379,1604000,755,332,423
189,21,379,1604100,247,117,130
190,21,379,1604200,2232,1029,1203
191,21,379,1604300,2558,1165,1393
192,21,379,1604400,1666,808,858
193,21,379,1604500,0,0,0
194,21,379,1604600,934,437,497
195,21,379,1604700,2505,1189,1316
196,21,379,1604800,972,487,485
197,21,379,1604900,17,9,8
198,21,379,1605000,590,263,327
199,21,379,1605100,913,421,492
200,21,379,1605200,985,438,547
201,21,379,1605300,974,487,487
202,21,379,1605400,886,436,450
203,21,379,1605500,0,0,0
204,21,379,1605600,1599,814,785
205,21,379,1605700,1715,867,848
206,21,379,1605800,837,404,433
207,21,379,1605900,812,384,428
208,21,379,1606000,583,284,299
209,21,379,1606100,1886,915,971
210,21,379,1606200,1504,732,772
211,21,379,1606300,777,392,385
212,21,379,1606400,1487,771,716
213,21,379,1606500,1572,787,785
214,21,379,1606600,988,467,521
215,21,379,1606700,1031,534,497
216,21,379,1606800,1186,610,576
217,21,379,1606900,1690,874,816
218,21,379,1607000,2291,1095,1196
219,21,379,1607100,924,445,479
220,21,379,1607200,439,223,216
221,21,379,1607300,482,242,240
222,21,379,1607400,2113,979,1134
223,21,379,1607500,785,384,401
224,21,379,1607600,1126,497,629
225,21,379,1607700,1069,515,554
226,21,379,1607800,553,256,297
227,21,379,1607900,1024,468,556
228,21,379,1608000,155,73,82
229,21,379,1608100,1196,603,593
230,21,379,1608200,705,324,381
231,21,379,1608300,0,0,0
232,21,379,1608400,1596,730,866
233,21,379,1608500,716,316,400
234,21,379,1608600,1072,499,573
235,21,379,1608700,548,245,303
236,21,379,1608800,321,143,178
237,21,379,1608900,681,321,360
238,21,379,1609000,2201,1056,1145
239,21,379,1609100,1188,586,602
240,21,379,1609200,1808,808,1000
241,21,379,1609300,1523,692,831
242,21,379,1609400,2520,1192,1328
243,21,379,1609500,592,271,321
244,21,379,1609600,587,284,303
245,21,379,1609700,968,483,485
246,21,379,1609800,285,131,154
247,21,379,1609900,1494,710,784
248,21,379,1610000,2866,1403,1463
249,21,379,1610100,624,313,311
250,21,379,1610200,142,66,76
251,21,379,1610300,1239,610,629
252,21,379,1610400,1113,562,551
253,21,379,1610500,875,411,464
254,21,379,1610600,2749,1290,1459
255,21,379,1610700,581,269,312
256,21,379,1610800,788,369,419
257,21,379,1610900,376,181,195
258,21,379,1611000,902,415,487
259,21,379,1611100,252,111,141
260,21,379,1611200,249,113,136
261,21,379,1611300,0,0,0
262,21,379,1611400,698,320,378
263,21,379,1611500,1012,493,519
264,21,379,1611600,362,183,179
265,21,379,1611700,391,170,221
266,21,379,1611800,484,246,238
267,21,379,1611900,534,265,269
268,21,379,1612000,461,233,228
269,21,379,1612100,168,76,92
270,21,379,1612200,431,196,235
271,21,379,1612300,257,124,133
272,21,379,1612400,1028,477,551
273,21,379,1612500,827,381,446
274,21,379,1612600,461,216,245
275,21,379,1612700,92,42,50
276,21,379,1612800,334,156,178
277,21,379,1612900,256,117,139
278,21,379,1613000,62,23,39
279,21,379,1613100,383,183,200
280,21,379,1613200,269,123,146
281,21,379,1613300,750,362,388
282,21,379,1613400,512,245,267
283,21,379,1613500,760,362,398
284,21,379,1613600,0,0,0
285,21,379,1613700,2693,1312,1381
286,21,379,1613800,79,37,42
287,21,379,1613900,89,40,49
288,21,379,1614000,114,49,65
289,21,379,1614100,743,367,376
290,21,379,1614200,265,106,159
291,21,379,1614300,513,233,280
292,21,379,1614400,238,128,110
293,21,379,1614500,181,92,89
294,21,379,1614600,709,357,352
295,21,379,1614700,0,0,0
296,21,379,1614800,0,0,0
297,21,379,1614900,0,0,0
298,21,379,1615000,766,388,378
299,21,379,1615100,986,488,498
300,21,379,1615200,1187,572,615
301,21,379,1615300,1944,889,1055
302,21,379,1615400,309,135,174
303,21,379,1615500,3437,1607,1830
304,21,379,1615600,3919,1944,1975
305,21,379,1615700,1251,547,704
306,21,379,1615800,631,336,295
307,21,379,1615900,1099,520,579
308,21,379,1616000,3653,1710,1943
309,21,379,1616100,2415,1074,1341
310,21,379,1616200,2551,1185,1366
311,21,379,1616300,1756,821,935
312,21,379,1616400,883,386,497
313,21,379,1616500,1736,855,881
314,21,379,1616600,759,329,430
315,21,379,1616700,2860,1296,1564
316,21,379,1616800,675,286,389
317,21,379,1616900,1427,710,717
318,21,379,1617000,1216,584,632
319,21,379,1617100,603,289,314
320,21,379,1617200,1020,495,525
321,21,379,1617300,790,396,394
322,21,379,1617400,1114,536,578
323,21,379,1617500,608,309,299
324,21,379,1617600,2107,1018,1089
325,21,379,1617700,332,161,171
326,21,379,1617800,1095,547,548
327,21,379,1617900,1968,984,984
328,21,379,1618000,2623,1272,1351
329,21,379,1618100,380,186,194
330,21,379,1618200,981,472,509
331,21,379,1618300,369,170,199
332,21,379,1618400,1494,719,775
333,21,379,1618500,529,260,269
334,21,379,1618600,2516,1255,1261
335,21,379,1618700,1274,638,636
336,21,379,1618800,802,393,409
337,21,379,1618900,413,206,207
338,21,379,1619000,163,78,85
339,21,379,1619100,113,59,54
340,21,379,1619200,829,406,423
341,21,379,1619300,696,332,364
342,21,379,1619400,1092,530,562
343,21,379,1619500,112,50,62
344,21,379,1619600,1874,959,915
345,21,379,1619700,1247,600,647
346,21,379,1619800,326,169,157
347,21,379,1619900,527,241,286
348,21,379,1620000,979,479,500
349,21,379,1620100,1722,823,899
350,21,379,1620200,350,175,175
351,21,379,1620300,312,141,171
352,21,379,1620400,1079,519,560
353,21,379,1620500,559,281,278
354,21,379,1620600,94,45,49
355,21,379,1620700,1497,671,826
356,21,379,1620800,684,328,356
357,21,379,1620900,1719,846,873
358,21,379,1621000,848,421,427
359,21,379,1621100,2202,1083,1119
360,21,379,1621200,0,0,0
361,21,379,1621300,988,463,525
362,21,379,1621400,0,0,0
363,21,379,1621500,2194,1076,1118
364,21,379,1621600,639,307,332
365,21,379,1621700,0,0,0
366,21,379,1621800,1309,658,651
367,21,379,1621900,348,171,177
368,21,379,1622000,2503,1229,1274
369,21,379,1622100,2808,1352,1456
370,21,379,1622200,4153,2047,2106
371,21,379,1622300,2079,958,1121
372,21,379,1622400,1886,947,939
373,21,379,1622500,1116,550,566
374,21,379,1622600,814,392,422
375,21,379,1622700,458,227,231
376,21,379,1622800,247,113,134
377,21,379,1622900,1118,561,557
378,21,379,1623000,140,59,81
379,21,379,1623100,2112,1031,1081
380,21,379,1623200,1237,593,644
381,21,379,1623300,380,189,191
382,21,379,1623400,986,479,507
383,21,379,1623500,313,169,144
384,21,379,1623600,180,91,89
385,21,379,1623700,448,212,236
386,21,379,1623800,275,131,144
387,21,379,1623900,535,271,264
388,21,379,1624000,687,339,348
389,21,379,1624100,550,265,285
390,21,379,1624200,425,198,227
391,21,379,1624300,481,232,249
392,21,379,1624400,364,163,201
393,21,379,1624500,505,264,241
394,21,379,1624600,195,94,101
395,21,379,1624700,242,120,122
396,21,379,1624800,405,197,208
397,21,379,1624900,595,283,312
398,21,379,1625000,1220,607,613
399,21,379,1625100,834,406,428
400,21,379,1625200,395,194,201
401,21,379,1625300,449,238,211
402,21,379,1625400,596,301,295
403,21,379,1625500,1713,817,896
404,21,379,1625600,299,161,138
405,21,379,1625700,1290,642,648
406,21,379,1625800,205,96,109
407,21,379,1625900,247,116,131
408,21,379,1626000,157,68,89
409,21,379,1626100,1464,690,774
410,21,379,1626200,1723,860,863
411,21,379,1626300,749,379,370
412,21,379,1626400,981,499,482
413,21,379,1626500,567,285,282
414,21,379,1626600,817,398,419
415,21,379,1626700,453,231,222
416,21,379,1626800,703,325,378
417,21,379,1626900,778,389,389
418,21,379,1627000,346,167,179
419,21,379,1627100,848,423,425
420,21,379,1627200,1313,659,654
421,21,379,1627300,482,218,264
422,21,379,1627400,1253,602,651
423,21,379,1627500,650,307,343
424,21,379,1627600,405,202,203
425,21,379,1627700,243,119,124
426,21,379,1627800,890,431,459
427,21,379,1627900,570,261,309
428,21,379,1628000,0,0,0
429,21,379,1628100,791,400,391
430,21,379,1628200,0,0,0
431,21,379,1628300,535,264,271
432,21,379,1628400,1285,588,697
433,21,379,1628500,400,183,217
434,21,379,1628600,823,396,427
435,21,379,1628700,232,120,112
436,21,379,1628800,293,151,142
437,21,379,1628900,1517,725,792
438,21,379,1629000,217,93,124
439,21,379,1629100,299,142,157
440,21,379,1629200,885,449,436
441,21,379,1629300,266,130,136
442,21,379,1629400,332,166,166
443,21,379,1629500,369,191,178
444,21,379,1629600,550,276,274
445,21,379,1629700,279,133,146
446,21,379,1629800,1100,569,531
447,21,379,1629900,478,221,257
448,21,379,1630000,1412,722,690
449,21,379,1630100,376,186,190
450,21,379,1630200,680,336,344
451,21,379,1630300,294,131,163
452,21,379,1630400,310,142,168
453,21,379,1630500,641,316,325
454,21,379,1630600,190,96,94
455,21,379,1630700,370,178,192
456,21,379,1630800,445,231,214
457,21,379,1630900,200,101,99
458,21,379,1631000,535,278,257
459,21,379,1631100,738,351,387
460,21,379,1631200,940,468,472
461,21,379,1631300,0,0,0
462,21,379,1631400,170,90,80
463,21,379,1631500,606,288,318
464,21,379,1631600,2041,1049,992
465,21,379,1631700,2391,1201,1190
466,21,379,1631800,1811,933,878
467,21,379,1631900,1684,854,830
468,21,379,1632000,442,210,232
469,21,379,1632100,884,438,446
470,21,379,1632200,4040,2030,2010
471,21,379,1632300,2516,1230,1286
472,21,379,1632400,1696,830,866
473,21,379,1632500,2110,961,1149
474,21,379,1632600,2665,1310,1355
475,21,379,1632700,837,400,437
476,21,379,1632800,183,94,89
477,21,379,1632900,354,181,173
478,21,379,1633000,1811,885,926
479,21,379,1633100,1200,609,591
480,21,379,1633200,116,60,56
481,21,379,1633300,369,194,175
482,21,379,1633400,76,39,37
483,21,379,1633500,1222,611,611
484,21,379,1633600,867,425,442
485,21,379,1633700,0,0,0
486,21,379,1633800,1140,528,612
487,21,379,1633900,1448,707,741
488,21,379,1634000,650,330,320
489,21,379,1634100,505,264,241
490,21,379,1634200,3442,1723,1719
491,21,379,1634300,196,95,101
492,21,379,1634400,290,152,138
493,21,379,1634500,1319,670,649
494,21,379,1634600,929,451,478
495,21,379,1634700,729,369,360
496,21,379,1634800,304,150,154
497,21,379,1634900,279,139,140
498,21,379,1635000,1080,573,507
499,21,379,1635100,632,306,326
500,21,379,1635200,833,412,421
501,21,379,1635300,597,298,299
502,21,379,1635400,269,143,126
503,21,379,1635500,2059,1073,986
504,21,379,1635600,367,193,174
505,21,379,1635700,498,251,247
506,21,379,1635800,293,149,144
507,21,379,1635900,316,158,158
508,21,379,1636000,1685,850,835
509,21,379,1636100,1195,565,630
510,21,379,1636200,1782,906,876
511,21,379,1636300,0,0,0
512,21,379,1636400,354,175,179
513,21,379,1636500,1322,678,644
514,21,379,1636600,701,363,338
515,21,379,1636700,569,292,277
516,21,379,1636800,271,129,142
517,21,379,1636900,286,149,137
518,21,379,1637000,629,334,295
519,21,379,1637100,830,435,395
520,21,379,1637200,901,452,449
521,21,379,1637300,1154,573,581
522,21,379,1637400,528,286,242
523,21,379,1637500,611,295,316
524,21,379,1637600,1028,531,497
525,21,379,1637700,737,363,374
526,21,379,1637800,551,272,279
527,21,379,1637900,56,34,22
528,21,379,1638000,340,164,176
529,21,379,1638100,958,483,475
530,21,379,1638200,430,222,208
531,21,379,1638300,1616,814,802
532,21,379,1638400,571,270,301
533,21,379,1638500,32,14,18
534,21,379,1638600,473,232,241
535,21,379,1638700,174,82,92
536,21,379,1638800,282,135,147
537,21,379,1638900,590,291,299
538,21,379,1639000,198,102,96
539,21,379,1639100,485,252,233
540,21,379,1639200,651,321,330
541,21,379,1639300,469,238,231
542,21,379,1639400,254,128,126
543,21,379,1639500,245,123,122
544,21,379,1639600,405,204,201
545,21,379,1639700,213,113,100
546,21,379,1639800,83,41,42
547,21,379,1639900,1177,568,609
548,21,379,1640000,185,92,93
549,21,379,1640100,119,62,57
550,21,379,1640200,475,245,230
551,21,379,1640300,38,18,20
552,21,379,1640400,478,245,233
553,21,379,1640500,580,294,286
554,21,379,1640600,34,19,15
555,21,379,1640700,500,251,249
556,21,379,1640800,292,147,145
557,21,379,1640900,217,98,119
558,21,379,1641000,1,1,0
559,21,379,1641100,249,125,124
560,21,379,1641200,513,267,246
561,21,379,1641300,1078,550,528
562,21,379,1641400,765,391,374
563,21,379,1641500,1104,543,561
564,21,379,1641600,952,468,484
565,21,379,1641700,188,91,97
566,21,379,1641800,318,166,152
567,21,379,1641900,946,493,453
568,21,379,1642000,3750,1905,1845
569,21,379,1642100,0,0,0
570,21,379,1642200,762,380,382
571,21,379,1642300,625,325,300
572,21,379,1642400,303,145,158
573,21,379,1642500,231,112,119
574,21,379,1642600,571,298,273
575,21,379,1642700,367,188,179
576,21,379,1642800,659,328,331
577,21,379,1642900,430,240,190
578,21,379,1643000,285,150,135
579,21,379,1643100,0,0,0
580,21,379,1643200,600,288,312
581,21,379,1643300,171,83,88
582,21,379,1643400,606,311,295
583,21,379,1643500,354,167,187
584,21,379,1643600,150,70,80
585,21,379,1643700,400,198,202
586,21,379,1643800,1025,507,518
587,21,379,1643900,317,168,149
588,21,379,1644000,449,226,223
589,21,379,1644100,322,164,158
590,21,379,1644200,145,72,73
591,21,379,1644300,1778,896,882
592,21,379,1644400,1300,646,654
593,21,379,1644500,811,383,428
594,21,379,1644600,1124,559,565
595,21,379,1644700,1217,612,605
596,21,379,1644800,2681,1311,1370
597,21,379,1644900,222,113,109
598,21,379,1645000,309,151,158
599,21,379,1645100,656,316,340
600,21,379,1645200,640,317,323
601,21,379,1645300,773,376,397
602,21,379,1645400,372,176,196
603,21,379,1645500,277,138,139
604,21,379,1645600,0,0,0
605,21,379,1645700,688,332,356
606,21,379,1645800,317,151,166
607,21,379,1645900,338,175,163
608,21,379,1646000,1509,732,777
609,21,379,1646100,837,445,392
610,21,379,1646200,260,131,129
611,21,379,1646300,1064,539,525
612,21,379,1646400,428,208,220
613,21,379,1646500,784,387,397
614,21,379,1646600,1330,670,660
615,21,379,1646700,315,151,164
616,21,379,1646800,564,274,290
617,21,379,1646900,319,165,154
618,21,379,1647000,166,84,82
619,21,379,1647100,512,261,251
620,21,379,1647200,113,51,62
621,21,379,1647300,1607,825,782
622,21,379,1647400,1888,968,920
623,21,379,1647500,286,152,134
624,21,379,1647600,905,471,434
625,21,379,1647700,1766,881,885
626,21,379,1647800,336,166,170
627,21,379,1647900,110,60,50
628,21,379,1648000,815,414,401
629,21,379,1648100,3056,1571,1485
630,21,379,1648200,252,136,116
631,21,379,1648300,895,452,443
632,21,379,1648400,1424,736,688
633,21,379,1648500,2431,1256,1175
634,21,379,1648600,1625,834,791
635,21,379,1648700,372,193,179
636,21,379,1648800,1713,873,840
637,21,379,1648900,504,276,228
638,21,379,1649000,93,41,52
639,21,379,1649100,71,32,39
640,21,379,1649200,389,199,190
641,21,379,1649300,292,147,145
642,21,379,1649400,181,90,91
643,21,379,1649500,268,142,126
644,21,379,1649600,977,483,494
645,21,379,1649700,262,133,129
646,21,379,1649800,503,256,247
647,21,379,1649900,381,207,174
648,21,379,1650000,275,132,143
649,21,379,1650100,340,168,172
650,21,379,1650200,483,254,229
651,21,379,1650300,2216,1148,1068
652,21,379,1650400,1063,518,545
653,21,379,1650500,171,88,83
654,21,379,1650600,316,149,167
655,21,379,1650700,713,364,349
656,21,379,1650800,104,52,52
657,21,379,1650900,610,309,301
658,21,379,1651000,972,484,488
659,21,379,1651100,705,364,341
660,21,379,1651200,160,78,82
661,21,379,1651300,436,231,205
662,21,379,1651400,1334,686,648
663,21,379,1651500,0,0,0
664,21,379,1651600,564,291,273
665,21,379,1651700,629,313,316
666,21,379,1651800,203,101,102
667,21,379,1651900,427,214,213
668,21,379,1652000,151,75,76
669,21,379,1652100,238,113,125
670,21,379,1652200,1077,561,516
671,21,379,1652300,279,145,134
672,21,379,1652400,465,228,237
673,21,379,1652500,372,192,180
674,21,379,1652600,321,163,158
675,21,379,1652700,272,137,135
676,21,379,1652800,2096,1085,1011
677,21,379,1652900,1747,880,867
678,21,379,1653000,529,267,262
679,21,379,1653100,1556,773,783
680,21,379,1653200,324,176,148
681,21,379,1653300,1334,686,648
682,21,379,1653400,407,212,195
683,21,379,1653500,642,324,318
684,21,379,1653600,636,342,294
685,21,379,1653700,270,131,139
686,21,379,1653800,497,246,251
687,21,379,1653900,82,52,30
688,21,379,1654000,103,54,49
689,21,379,1654100,182,97,85
690,21,379,1654200,587,302,285
691,21,379,1654300,421,197,224
692,21,379,1654400,1257,638,619
693,21,379,1654500,1329,658,671
694,21,379,1654600,195,90,105
695,21,379,1654700,1079,541,538
696,21,379,1654800,332,176,156
697,21,379,1654900,22,13,9
698,21,379,1655000,490,264,226
699,21,379,1655100,501,255,246
700,21,379,1655200,1426,724,702
701,21,379,1655300,446,233,213
702,21,379,1655400,914,453,461
703,21,379,1655500,407,209,198
704,21,379,1655600,953,464,489
705,21,379,1655700,37,13,24
706,21,379,1655800,296,154,142
707,21,379,1655900,1952,988,964
708,21,379,1656000,486,243,243
709,21,379,1656100,539,261,278
710,21,379,1656200,1395,738,657
711,21,379,1656300,415,207,208
712,21,379,1656400,602,298,304
713,21,379,1656500,358,181,177
714,21,379,1656600,2838,1422,1416
715,21,379,1656700,445,247,198
716,21,379,1656800,151,82,69
717,21,379,1656900,419,207,212
718,21,379,1657000,510,264,246
719,21,379,1657100,0,0,0
720,21,379,1657200,106,60,46
721,21,379,1657300,19,11,8
722,21,379,1657400,560,290,270
723,21,379,1657500,878,437,441
724,21,379,1657600,453,225,228
725,21,379,1657700,1103,543,560
726,21,379,1657800,901,452,449
727,21,379,1657900,271,136,135
728,21,379,1658000,200,102,98
729,21,379,1658100,930,475,455
730,21,379,1658200,444,227,217
731,21,379,1658300,185,98,87
732,21,379,1658400,1286,624,662
733,21,379,1658500,1464,747,717
734,21,379,1658600,745,353,392
735,21,379,1658700,2476,1222,1254
736,21,379,1658800,741,386,355
737,21,379,1658900,1414,698,716
738,21,379,1659000,3103,1582,1521
739,21,379,1659100,1187,617,570
740,21,379,1659200,0,0,0
741,21,379,1659300,0,0,0
742,21,379,1659400,0,0,0
743,21,379,1659500,0,0,0
744,21,379,1659600,25,13,12
745,21,379,1659700,133,75,58
746,21,379,1659800,1184,609,575
747,21,379,1659900,330,172,158
748,21,379,1660000,250,127,123
749,21,379,1660100,3108,1548,1560
750,21,379,1660200,1341,726,615
751,21,379,1660300,2120,1080,1040
752,21,379,1660400,1778,921,857
753,21,379,1660500,45,23,22
754,21,379,1660600,441,208,233
755,21,379,1660700,0,0,0
756,21,379,1660800,1585,772,813
757,21,379,1660900,401,179,222
758,21,379,1661000,26,15,11
759,21,379,1661100,108,55,53
760,21,379,1661200,301,155,146
761,21,379,1661300,348,173,175
762,21,379,1661400,1698,886,812
763,21,379,1661500,247,136,111
764,21,379,1661600,883,459,424
765,21,379,1661700,517,286,231
766,21,379,1661800,61,33,28
767,21,379,1661900,910,445,465
768,21,379,1662000,399,216,183
769,21,379,1662100,396,203,193
770,21,379,1662200,286,133,153
771,21,379,1662300,319,150,169
772,21,379,1662400,436,210,226
773,21,379,1662500,219,106,113
774,21,379,1662600,942,460,482
775,21,379,1662700,646,316,330
776,21,379,1662800,398,190,208
777,21,379,1662900,930,440,490
778,21,379,1663000,305,154,151
779,21,379,1663100,1074,513,561
780,21,379,1663200,512,271,241
781,21,379,1663300,751,361,390
782,21,379,1663400,219,101,118
783,21,379,1663500,177,88,89
784,21,379,1663600,1452,719,733
785,21,379,1663700,210,93,117
786,21,379,1663800,921,458,463
787,21,379,1663900,1509,736,773
788,21,379,1664000,168,86,82
789,21,379,1664100,377,183,194
790,21,379,1664200,1578,762,816
791,21,379,1664300,632,320,312
792,21,379,1664400,401,192,209
793,21,379,1664500,1108,550,558
794,21,379,1664600,2381,1190,1191
795,21,379,1664700,712,365,347
796,21,379,1664800,1939,971,968
797,21,379,1664900,1084,571,513
798,21,379,1665000,1280,636,644
799,21,379,1665100,889,453,436
800,21,379,1665200,1898,983,915
801,21,379,1665300,2404,1213,1191
802,21,379,1665400,806,402,404
803,21,379,1665500,980,487,493
804,21,379,1665600,831,416,415
805,21,379,1665700,1028,527,501
806,21,379,1665800,967,473,494
807,21,379,1665900,1513,785,728
808,21,379,1666000,836,432,404
809,21,379,1666100,1052,546,506
810,21,379,1666200,3349,1669,1680
811,21,379,1666300,869,421,448
812,21,379,1666400,1192,596,596
813,21,379,1666500,1005,532,473
814,21,379,1666600,347,179,168
815,21,379,1666700,945,479,466
816,21,379,1666800,1068,533,535
817,21,379,1666900,1259,630,629
818,21,379,1667000,841,424,417
819,21,379,1667100,3607,1843,1764
820,21,379,1667200,1404,733,671
821,21,379,1667300,520,278,242
822,21,379,1667400,1651,828,823
823,21,379,1667500,1885,949,936
824,21,379,1667600,238,118,120
825,21,379,1667700,1613,807,806
826,21,379,1667800,1894,984,910
827,21,379,1667900,682,340,342
828,21,379,1668000,380,193,187
829,21,379,1668100,1358,670,688
830,21,379,1668200,290,156,134
831,21,379,1668300,1373,705,668
832,21,379,1668400,782,390,392
833,21,379,1668500,1187,577,610
834,21,379,1668600,359,164,195
835,21,379,1668700,403,184,219
836,21,379,1668800,538,258,280
837,21,379,1668900,1388,702,686
838,21,379,1669000,248,108,140
839,21,379,1669100,627,317,310
840,21,379,1669200,334,173,161
841,21,379,1669300,482,245,237
842,21,379,1669400,1026,510,516
843,21,379,1669500,284,135,149
844,21,379,1669600,590,314,276
845,21,379,1669700,813,417,396
846,21,379,1669800,866,442,424
847,21,379,1669900,333,158,175
848,21,379,1670000,741,371,370
849,21,379,1670100,2075,1033,1042
850,21,379,1670200,161,82,79
851,21,379,1670300,637,322,315
852,21,379,1670400,561,271,290
853,21,379,1670500,92,45,47
854,21,379,1670600,567,271,296
855,21,379,1670700,8,4,4
856,21,379,1670800,771,394,377
857,21,379,1670900,0,0,0
858,21,379,1671000,375,181,194
859,21,379,1671100,211,98,113
860,21,379,1671200,795,406,389
861,21,379,1671300,0,0,0
862,21,379,1671400,1123,560,563
863,21,379,1671500,1365,608,757
864,21,379,1671600,230,116,114
865,21,379,1671700,943,492,451
866,21,379,1671800,2626,1308,1318
867,21,379,1671900,443,203,240
868,21,379,1672000,0,0,0
869,21,379,1672100,438,218,220
870,21,379,1672200,999,501,498
871,21,379,1672300,321,157,164
872,21,379,1672400,401,204,197
873,21,379,1672500,803,411,392
874,21,379,1672600,813,403,410
875,21,379,1672700,564,297,267
876,21,379,1672800,934,496,438
877,21,379,1672900,59,34,25
878,21,379,1673000,844,422,422
879,21,379,1673100,456,226,230
880,21,379,1673200,296,151,145
881,21,379,1673300,515,270,245
882,21,379,1673400,840,413,427
883,21,379,1673500,846,416,430
884,21,379,1673600,1534,783,751
885,21,379,1673700,0,0,0
886,21,379,1673800,145,69,76
887,21,379,1673900,1123,559,564
888,21,379,1674000,1439,732,707
889,21,379,1674100,1609,826,783
890,21,379,1674200,406,201,205
891,21,379,1674300,1012,510,502
892,21,379,1674400,1016,500,516
893,21,379,1674500,865,427,438
894,21,379,1674600,693,334,359
895,21,379,1674700,1382,737,645
896,21,379,1674800,505,243,262
897,21,379,1674900,1722,901,821
898,21,379,1675000,775,369,406
899,21,379,1675100,1167,599,568
900,21,379,1675200,494,252,242
901,21,379,1675300,2660,1329,1331
902,21,379,1675400,426,218,208
903,21,379,1675500,2270,1123,1147
904,21,379,1675600,883,432,451
905,21,379,1675700,821,408,413
906,21,379,1675800,0,0,0
907,21,379,1675900,0,0,0
908,21,379,1676000,1547,768,779
909,21,379,1676100,738,366,372
910,21,379,1676200,2579,1327,1252
911,21,379,1676300,2253,1160,1093
912,21,379,1676400,1606,831,775
913,21,379,1676500,1634,845,789
914,21,379,1676600,1082,531,551
915,21,379,1676700,1433,769,664
916,21,379,1676800,1660,820,840
917,21,379,1676900,1116,555,561
918,21,379,1677000,1586,792,794
919,21,379,1677100,2173,1124,1049
920,21,379,1677200,633,314,319
921,21,379,1677300,612,306,306
922,21,379,1677400,1170,594,576
923,21,379,1677500,1122,544,578
924,21,379,1677600,234,108,126
925,21,379,1677700,844,416,428
926,21,379,1677800,458,216,242
927,21,379,1677900,886,455,431
928,21,379,1678000,1504,759,745
929,21,379,1678100,1424,711,713
930,21,379,1678200,563,283,280
931,21,379,1678300,674,340,334
932,21,379,1678400,727,379,348
933,21,379,1678500,333,153,180
934,21,379,1678600,300,135,165
935,21,379,1678700,215,102,113
936,21,379,1678800,1758,881,877
937,21,379,1678900,239,128,111
938,21,379,1679000,1575,801,774
939,21,379,1679100,300,150,150
940,21,379,1679200,1077,541,536
941,21,379,1679300,377,188,189
942,21,379,1679400,1007,516,491
943,21,379,1679500,1748,858,890
944,21,379,1679600,1050,528,522
945,21,379,1679700,178,89,89
946,21,379,1679800,479,244,235
947,21,379,1679900,1188,608,580
948,21,379,1680000,516,256,260
949,21,379,1680100,740,383,357
950,21,379,1680200,117,55,62
951,21,379,1680300,460,219,241
952,21,379,1680400,739,369,370
953,21,379,1680500,452,229,223
954,21,379,1680600,123,57,66
955,21,379,1680700,575,267,308
956,21,379,1680800,403,213,190
957,21,379,1680900,209,110,99
958,21,379,1681000,426,207,219
959,21,379,1681100,272,131,141
960,21,379,1681200,392,204,188
961,21,379,1681300,231,110,121
962,21,379,1681400,404,191,213
963,21,379,1681500,469,231,238
964,21,379,1681600,214,104,110
965,21,379,1681700,347,171,176
966,21,379,1681800,2894,1448,1446
967,21,379,1681900,344,169,175
968,21,379,1682000,175,80,95
969,21,379,1682100,283,128,155
970,21,379,1682200,275,133,142
971,21,379,1682300,755,356,399
972,21,379,1682400,189,93,96
973,21,379,1682500,233,120,113
974,21,379,1682600,341,161,180
975,21,379,1682700,421,197,224
976,21,379,1682800,485,257,228
977,21,379,1682900,1397,694,703
978,21,379,1683000,421,212,209
979,21,379,1683100,255,126,129
980,21,379,1683200,1225,579,646
981,21,379,1683300,568,277,291
982,21,379,1683400,143,71,72
983,21,379,1683500,577,305,272
984,21,379,1683600,253,125,128
985,21,379,1683700,1079,520,559
986,21,379,1683800,617,312,305
987,21,379,1683900,595,292,303
988,21,379,1684000,1600,799,801
989,21,379,1684100,557,270,287
990,21,379,1684200,508,250,258
991,21,379,1684300,286,146,140
992,21,379,1684400,392,197,195
993,21,379,1684500,14,8,6
994,21,379,1684600,249,114,135
995,21,379,1684700,75,43,32
996,21,379,1684800,1018,483,535
997,21,379,1684900,269,132,137
998,21,379,1685000,270,120,150
999,21,379,1685100,1191,572,619
1000,21,379,1685200,1195,613,582
1001,21,379,1685300,210,102,108
1002,21,379,1685400,1353,665,688
1003,21,379,1685500,677,321,356
1004,21,379,1685600,211,102,109
1005,21,379,1685700,644,321,323
1006,21,379,1685800,545,255,290
1007,21,379,1685900,830,395,435
1008,21,379,1686000,655,334,321
1009,21,379,1686100,786,385,401
1010,21,379,1686200,547,268,279
1011,21,379,1686300,883,456,427
1012,21,379,1686400,1116,562,554
1013,21,379,1686500,186,93,93
1014,21,379,1686600,996,475,521
1015,21,379,1686700,427,209,218
1016,21,379,1686800,613,281,332
1017,21,379,1686900,1037,541,496
1018,21,379,1687000,844,430,414
1019,21,379,1687100,594,287,307
1020,21,379,1687200,482,241,241
1021,21,379,1687300,1685,845,840
1022,21,379,1687400,543,278,265
1023,21,379,1687500,0,0,0
1024,21,379,1687600,685,342,343
1025,21,379,1687700,573,281,292
1026,21,379,1687800,403,200,203
1027,21,379,1687900,519,267,252
1028,21,379,1688000,1136,566,570
1029,21,379,1688100,739,350,389
1030,21,379,1688200,3484,1803,1681
1031,21,379,1688300,713,362,351
1032,21,379,1688400,83,42,41
1033,21,379,1688500,755,377,378
1034,21,379,1688600,0,0,0
1035,21,379,1688700,351,170,181
1036,21,379,1688800,1087,526,561
1037,21,379,1688900,916,454,462
1038,21,379,1689000,973,490,483
1039,21,379,1689100,543,260,283
1040,21,379,1689200,495,249,246
1041,21,379,1689300,820,423,397
1042,21,379,1689400,282,133,149
1043,21,379,1689500,1015,523,492
1044,21,379,1689600,0,0,0
1045,21,379,1689700,674,334,340
1046,21,379,1689800,1006,528,478
1047,21,379,1689900,399,202,197
1048,21,379,1690000,382,182,200
1049,21,379,1690100,961,491,470
1050,21,379,1690200,1183,614,569
1051,21,379,1690300,535,280,255
1052,21,379,1690400,1154,601,553
1053,21,379,1690500,575,301,274
1054,21,379,1690600,2611,1272,1339
1055,21,379,1690700,0,0,0
1056,21,379,1690800,475,248,227
1057,21,379,1690900,489,243,246
1058,21,379,1691000,7,5,2
1059,21,379,1691100,0,0,0
1060,21,379,1691200,739,384,355
1061,21,379,1691300,79,40,39
1062,21,379,1691400,0,0,0
1063,21,379,1691500,307,153,154
1064,21,379,1691600,0,0,0
1065,21,379,1691700,0,0,0
1066,21,379,1691800,0,0,0
1067,21,379,1691900,1651,849,802
1068,21,379,1692000,492,251,241
1069,21,379,1692100,0,0,0
1070,21,379,1692200,589,305,284
1071,21,379,1692300,620,300,320
1072,21,379,1692400,600,297,303
1073,21,379,1692500,461,224,237
1074,21,379,1692600,351,160,191
1075,21,379,1692700,992,483,509
1076,21,379,1692800,344,167,177
1077,21,379,1692900,328,163,165
1078,21,379,1693000,241,126,115
1079,21,379,1693100,860,434,426
1080,21,379,1693200,1245,597,648
1081,21,379,1693300,847,410,437
1082,21,379,1693400,496,235,261
1083,21,379,1693500,1323,649,674
1084,21,379,1693600,152,87,65
1085,21,379,1693700,6,2,4
1086,21,379,1693800,0,0,0
1087,21,379,1693900,40,22,18
1088,21,379,1694000,0,0,0
1089,21,379,1694100,1174,618,556
1090,21,379,1694200,438,225,213
1091,21,379,1694300,0,0,0
1092,21,379,1694400,297,150,147
1093,21,379,1694500,0,0,0
1094,21,379,1694600,0,0,0
1095,21,379,1694700,0,0,0
1096,21,379,1694800,0,0,0
1097,21,379,1694900,0,0,0
1098,21,379,1695000,108,52,56
1099,21,379,1695100,346,192,154
1100,21,379,1695200,187,95,92
1101,21,379,1695300,23,10,13
1102,21,379,1695400,227,109,118
1103,21,379,1695500,5539,2842,2697
1104,21,379,1695600,3625,1890,1735
1105,21,379,1695700,257,135,122
1106,21,379,1695800,528,267,261
1107,21,379,1695900,363,188,175
1108,21,379,1696000,487,233,254
1109,21,379,1696100,405,220,185
1110,21,379,1696200,629,303,326
1111,21,379,1696300,645,305,340
1112,21,379,1696400,210,114,96
1113,21,379,1696500,913,454,459
1114,21,379,1696600,456,225,231
1115,21,379,1696700,799,397,402
1116,21,379,1696800,973,484,489
1117,21,379,1696900,911,467,444
1118,21,379,1697000,316,163,153
1119,21,379,1697100,257,131,126
1120,21,379,1697200,349,175,174
1121,21,379,1697300,2955,1479,1476
1122,21,379,1697400,541,275,266
1123,21,379,1697500,1038,484,554
1124,21,379,1697600,1254,656,598
1125,21,379,1697700,764,383,381
1126,21,379,1697800,711,329,382
1127,21,379,1697900,787,374,413
1128,21,379,1698000,688,316,372
1129,21,379,1698100,656,316,340
1130,21,379,1698200,96,47,49
1131,21,379,1698300,113,48,65
1132,21,379,1698400,550,276,274
1133,21,379,1698500,997,505,492
1134,21,379,1698600,1922,950,972
1135,21,379,1698700,298,151,147
1136,21,379,1698800,1003,469,534
1137,21,379,1698900,652,332,320
1138,21,379,1699000,253,125,128
1139,21,379,1699100,300,135,165
1140,21,379,1699200,2197,1087,1110
1141,21,379,1699300,1652,836,816
1142,21,379,1699400,443,229,214
1143,21,379,1699500,349,165,184
1144,21,379,1699600,431,203,228
1145,21,379,1699700,1029,528,501
1146,21,379,1699800,1068,516,552
1147,21,379,1699900,322,153,169
1148,21,379,1700000,550,272,278
1149,21,379,1700100,647,322,325
1150,21,379,1700200,2118,1099,1019
1151,21,379,1700300,429,189,240
1152,21,379,1700400,354,181,173
1153,21,379,1700500,296,163,133
1154,21,379,1700600,1343,635,708
1155,21,379,1700700,37,21,16
1156,21,379,1700800,6,2,4
1157,21,379,1700900,407,213,194
1158,21,379,1701000,641,333,308
1159,21,379,1701100,728,369,359
1160,21,379,1701200,341,170,171
1161,21,379,1701300,786,414,372
1162,21,379,1701400,1111,573,538
1163,21,379,1701500,251,128,123
1164,21,379,1701600,1840,908,932
1165,21,379,1701700,484,254,230
1166,21,379,1701800,774,393,381
1167,21,379,1701900,688,339,349
1168,21,379,1702000,490,263,227
1169,21,379,1702100,1084,543,541
1170,21,379,1702200,534,256,278
1171,21,379,1702300,0,0,0
1172,21,379,1702400,356,182,174
1173,21,379,1702500,1703,881,822
1174,21,379,1702600,293,136,157
1175,21,379,1702700,1540,787,753
1176,21,379,1702800,366,181,185
1177,21,379,1702900,607,305,302
1178,21,379,1703000,1056,499,557
1179,21,379,1703100,396,196,200
1180,21,379,1703200,377,193,184
1181,21,379,1703300,0,0,0
1182,21,379,1703400,230,108,122
1183,21,379,1703500,0,0,0
1184,21,379,1703600,783,384,399
1185,21,379,1703700,990,505,485
1186,21,379,1703800,0,0,0
1187,21,379,1703900,0,0,0
1188,21,379,1704000,948,488,460
1189,21,379,1704100,799,410,389
1190,21,379,1704200,1058,545,513
1191,21,379,1704300,976,484,492
1192,21,379,1704400,0,0,0
1193,21,379,1704500,1366,672,694
1194,21,379,1704600,905,474,431
1195,21,379,1704700,0,0,0
1196,21,379,1704800,0,0,0
1197,21,379,1704900,489,237,252
1198,21,379,1705000,0,0,0
1199,21,379,1705100,3521,1844,1677
1200,21,379,1705200,3888,2035,1853
1201,21,379,1705300,333,174,159
1202,21,379,1705400,456,235,221
1203,21,379,1705500,826,420,406
1204,21,379,1705600,0,0,0
1205,21,379,1705700,127,61,66
1206,21,379,1705800,566,286,280
1207,21,379,1705900,0,0,0
1208,21,379,1706000,48,22,26
1209,21,379,1706100,124,61,63
1210,21,379,1706200,0,0,0
1211,21,379,1706300,534,277,257
1212,21,379,1706400,1563,794,769
1213,21,379,1706500,1199,610,589
1214,21,379,1706600,16,11,5
1215,21,379,1706700,817,412,405
1216,21,379,1706800,4965,2549,2416
1217,21,379,1706900,4415,2284,2131
1218,21,379,1707000,1475,747,728
1219,21,379,1707100,0,0,0
1220,21,379,1707200,0,0,0
1221,21,379,1707300,246,243,3
1222,21,379,1707400,190,135,55
1223,21,379,1707500,445,299,146
1224,21,379,1707600,203,203,0
1225,21,379,1707700,228,228,0
1226,21,379,1707800,3025,1572,1453
1227,21,379,1707900,2777,1444,1333
1228,21,379,1708000,574,561,13
1229,21,379,1708100,0,0,0
1230,21,379,1708200,633,293,340
1231,21,379,1708300,654,304,350
1232,21,379,1708400,70,37,33
1233,21,379,1708500,960,471,489
1234,21,379,1708600,14,9,5
1235,21,379,1708700,258,130,128
1236,21,379,1708800,1164,566,598
1237,21,379,1708900,194,91,103
1238,21,379,1709000,324,172,152
1239,21,379,1709100,608,325,283
1240,21,379,1709200,721,359,362
1241,21,379,1709300,461,235,226
1242,21,379,1709400,509,263,246
1243,21,379,1709500,337,171,166
1244,21,379,1709600,882,439,443
1245,21,379,1709700,716,373,343
1246,21,379,1709800,742,374,368
1247,21,379,1709900,384,198,186
1248,21,379,1710000,257,134,123
1249,21,379,1710100,197,97,100
1250,21,379,1710200,331,171,160
1251,21,379,1710300,0,0,0
1252,21,379,1710400,0,0,0
1253,21,379,1710500,655,333,322
1254,21,379,1710600,501,271,230
1255,21,379,1710700,453,243,210
1256,21,379,1710800,505,263,242
1257,21,379,1710900,353,182,171
1258,21,379,1711000,649,354,295
1259,21,379,1711100,572,296,276
1260,21,379,1711200,542,282,260
1261,21,379,1711300,497,254,243
1262,21,379,1711400,615,311,304
1263,21,379,1711500,850,447,403
1264,21,379,1711600,588,295,293
1265,21,379,1711700,503,247,256
1266,21,379,1711800,791,421,370
1267,21,379,1711900,599,310,289
1268,21,379,1712000,767,400,367
1269,21,379,1712100,751,379,372
1270,21,379,1712200,403,209,194
1271,21,379,1712300,528,278,250
1272,21,379,1712400,294,154,140
1273,21,379,1712500,158,80,78
1274,21,379,1712600,655,342,313
1275,21,379,1712700,1100,541,559
1276,21,379,1712800,188,90,98
1277,21,379,1712900,339,167,172
1278,21,379,1713000,37,21,16
1279,21,379,1713100,39,15,24
1280,21,379,1713200,83,37,46
1281,21,379,1713300,170,89,81
1282,21,379,1713400,486,245,241
1283,21,379,1713500,0,0,0
1284,21,379,1713600,1086,572,514
1285,21,379,1713700,87,44,43
1286,21,379,1713800,145,77,68
1287,21,379,1713900,173,98,75
1288,21,379,1714000,279,150,129
1289,21,379,1714100,733,348,385
1290,21,379,1714200,590,271,319
1291,21,379,1714300,911,449,462
1292,21,379,1714400,505,257,248
1293,21,379,1714500,236,113,123
1294,21,379,1714600,773,369,404
1295,21,379,1714700,186,90,96
1296,21,379,1714800,156,81,75
1297,21,379,1714900,0,0,0
1298,21,379,1715000,62,34,28
1299,21,379,1715100,269,146,123
1300,21,379,1715200,570,285,285
1301,21,379,1715300,338,169,169
1302,21,379,1715400,46,22,24
1303,21,379,1715500,126,66,60
1304,21,379,1715600,43,20,23
1305,21,379,1715700,0,0,0
1306,21,379,1715800,1,1,0
1307,21,379,1715900,18,8,10
1308,21,379,1716000,0,0,0
1309,21,379,1716100,20,11,9
1310,21,379,1716200,1095,527,568
1311,21,379,1716300,33,15,18
1312,21,379,1716400,0,0,0
1313,21,379,1716500,0,0,0
1314,21,379,1716600,421,210,211
1315,21,379,1716700,655,320,335
1316,21,379,1716800,141,75,66
1317,21,379,1716900,574,306,268
1318,21,379,1717000,5,1,4
1319,21,379,1717100,858,423,435
1320,21,379,1717200,9,2,7
1321,21,379,1717300,0,0,0
1322,21,379,1717400,124,55,69
1323,21,379,1717500,14,9,5
1324,21,379,1717600,273,136,137
1325,21,379,1717700,1358,694,664
1326,21,379,1717800,426,196,230
1327,21,379,1717900,867,407,460
1328,21,379,1718000,0,0,0
1329,21,379,1718100,0,0,0
1330,21,379,1718200,8,5,3
1331,21,379,1718300,169,85,84
1332,21,379,1718400,0,0,0
1333,21,379,1718500,724,375,349
1334,21,379,1718600,332,166,166
1335,21,379,1718700,0,0,0
1336,21,379,1718800,618,304,314
1337,21,379,1718900,289,137,152
1338,21,379,1719000,335,179,156
1339,21,379,1719100,181,92,89
1340,21,379,1719200,239,117,122
1341,21,379,1719300,511,273,238
1342,21,379,1719400,47,22,25
1343,21,379,1719500,220,101,119
1344,21,379,1719600,519,270,249
1345,21,379,1719700,301,143,158
1346,21,379,1719800,1,0,1
1347,21,379,1719900,597,297,300
1348,21,379,1720000,214,108,106
1349,21,379,1720100,258,128,130
1350,21,379,1720200,118,63,55
1351,21,379,1720300,28,12,16
1352,21,379,1720400,11,7,4
1353,21,379,1720500,194,105,89
1354,21,379,1720600,466,233,233
1355,21,379,1720700,790,398,392
1356,21,379,1720800,1777,903,874
1357,21,379,1720900,0,0,0
1358,21,379,1721000,0,0,0
1359,21,379,1721100,583,282,301
1360,21,379,1721200,0,0,0
1361,21,379,1721300,0,0,0
1362,21,379,1721400,0,0,0
1363,21,379,1721500,0,0,0
1364,21,379,1721600,434,223,211
1365,21,379,1721700,0,0,0
1366,21,379,1721800,152,83,69
1367,21,379,1721900,365,188,177
1368,21,379,1722000,257,123,134
1369,21,379,1722100,50,28,22
1370,21,379,1722200,0,0,0
1371,21,379,1722300,0,0,0
1372,21,379,1722400,8,3,5
1373,21,379,1722500,0,0,0
1374,21,379,1722600,528,265,263
1375,21,379,1722700,759,380,379
1376,21,379,1722800,112,58,54
1377,21,379,1722900,309,166,143
1378,21,379,1723000,272,129,143
1379,21,379,1723100,760,369,391
1380,21,379,1723200,528,255,273
1381,21,379,1723300,980,472,508
1382,21,379,1723400,1007,510,497
1383,21,379,1723500,230,122,108
1384,21,379,1723600,475,233,242
1385,21,379,1723700,800,385,415
1386,21,379,1723800,187,92,95
1387,21,379,1723900,0,0,0
1388,21,379,1724000,0,0,0
1389,21,379,1724100,380,186,194
1390,21,379,1724200,217,100,117
1391,21,379,1724300,0,0,0
1392,21,379,1724400,0,0,0
1393,21,379,1724500,217,104,113
1394,21,379,1724600,1417,706,711
1395,21,379,1724700,0,0,0
1396,21,379,1724800,2414,1176,1238
1397,21,379,1724900,627,293,334
1398,21,379,1725000,1840,878,962
1399,21,379,1725100,460,217,243
1400,21,379,1725200,739,354,385
1401,21,379,1725300,0,0,0
1402,21,379,1725400,400,198,202
1403,21,379,1725500,265,129,136
1404,21,379,1725600,324,170,154
1405,21,379,1725700,649,313,336
1406,21,379,1725800,1283,617,666
1407,21,379,1725900,2835,1451,1384
1408,21,379,1726000,0,0,0
1409,21,379,1726100,767,392,375
1410,21,379,1726200,1035,546,489
1411,21,379,1726300,1655,836,819
1412,21,379,1726400,616,310,306
1413,21,379,1726500,267,129,138
1414,21,379,1726600,386,178,208
1415,21,379,1726700,802,374,428
1416,21,379,1726800,1293,669,624
1417,21,379,1726900,0,0,0
1418,21,379,1727000,482,239,243
1419,21,379,1727100,1437,708,729
1420,21,379,1727200,780,400,380
1421,21,379,1727300,1169,573,596
1422,21,379,1727400,626,323,303
1423,21,379,1727500,583,308,275
1424,21,379,1727600,497,247,250
1425,21,379,1727700,497,247,250
1426,21,379,1727800,1004,504,500
1427,21,379,1727900,288,149,139
1428,21,379,1728000,51,29,22
1429,21,379,1728100,862,437,425
1430,21,379,1728200,1118,579,539
1431,21,379,1728300,413,212,201
1432,21,379,1728400,630,323,307
1433,21,379,1728500,40,20,20
1434,21,379,1728600,780,383,397
1435,21,379,1728700,757,385,372
1436,21,379,1728800,410,191,219
1437,21,379,1728900,269,128,141
1438,21,379,1729000,732,351,381
1439,21,379,1729100,467,214,253
1440,21,379,1729200,249,132,117
1441,21,379,1729300,319,166,153
1442,21,379,1729400,492,241,251
1443,21,379,1729500,416,218,198
1444,21,379,1729600,556,269,287
1445,21,379,1729700,504,254,250
1446,21,379,1729800,392,203,189
1447,21,379,1729900,29,17,12
1448,21,379,1730000,0,0,0
1449,21,379,1730100,0,0,0
1450,21,379,1730200,19,9,10
1451,21,379,1730300,0,0,0
1452,21,379,1730400,399,200,199
1453,21,379,1730500,804,407,397
1454,21,379,1730600,349,173,176
1455,21,379,1730700,387,201,186
1456,21,379,1730800,275,139,136
1457,21,379,1730900,171,85,86
1458,21,379,1731000,494,239,255
1459,21,379,1731100,240,109,131
1460,21,379,1731200,20,10,10
1461,21,379,1731300,182,90,92
1462,21,379,1731400,622,294,328
1463,21,379,1731500,0,0,0
1464,21,379,1731600,225,118,107
1465,21,379,1731700,235,120,115
1466,21,379,1731800,735,379,356
1467,21,379,1731900,0,0,0
1468,21,379,1732000,847,429,418
1469,21,379,1732100,661,320,341
1470,21,379,1732200,1366,681,685
1471,21,379,1732300,319,179,140
1472,21,379,1732400,1314,664,650
1473,21,379,1732500,95,43,52
1474,21,379,1732600,241,124,117
1475,21,379,1732700,184,88,96
1476,21,379,1732800,478,221,257
1477,21,379,1732900,1210,626,584
1478,21,379,1733000,885,443,442
1479,21,379,1733100,429,226,203
1480,21,379,1733200,3683,1886,1797
1481,21,379,1733300,302,150,152
1482,21,379,1733400,940,487,453
1483,21,379,1733500,652,339,313
1484,21,379,1733600,452,223,229
1485,21,379,1733700,0,0,0
1486,21,379,1733800,311,162,149
1487,21,379,1733900,242,125,117
1488,21,379,1734000,0,0,0
1489,21,379,1734100,551,279,272
1490,21,379,1734200,0,0,0
1491,21,379,1734300,983,501,482
1492,21,379,1734400,722,362,360
1493,21,379,1734500,40,16,24
1494,21,379,1734600,656,329,327
1495,21,379,1734700,361,194,167
1496,21,379,1734800,0,0,0
1497,21,379,1734900,0,0,0
1498,21,379,1735000,0,0,0
1499,21,379,1735100,0,0,0
1500,21,379,1735200,0,0,0
1501,21,379,1735300,0,0,0
1502,21,379,1735400,0,0,0
1503,21,379,1735500,326,158,168
1504,21,379,1735600,1252,661,591
1505,21,379,1735700,837,442,395
1506,21,379,1735800,339,173,166
1507,21,379,1735900,1003,507,496
1508,21,379,1736000,42,21,21
1509,21,379,1736100,428,205,223
1510,21,379,1736200,727,371,356
1511,21,379,1736300,325,145,180
1512,21,379,1736400,161,82,79
1513,21,379,1736500,0,0,0
1514,21,379,1736600,314,147,167
1515,21,379,1736700,13,6,7
1516,21,379,1736800,826,419,407
1517,21,379,1736900,373,191,182
1518,21,379,1737000,241,113,128
1519,21,379,1737100,432,221,211
1520,21,379,1737200,199,103,96
1521,21,379,1737300,760,381,379
1522,21,379,1737400,20,9,11
1523,21,379,1737500,55,22,33
1524,21,379,1737600,246,122,124
1525,21,379,1737700,667,354,313
1526,21,379,1737800,332,165,167
1527,21,379,1737900,0,0,0
1528,21,379,1738000,0,0,0
1529,21,379,1738100,222,114,108
1530,21,379,1738200,3,1,2
1531,21,379,1738300,0,0,0
1532,21,379,1738400,0,0,0
1533,21,379,1738500,10,10,0
1534,21,379,1738600,0,0,0
1535,21,379,1738700,0,0,0
1536,21,379,1738800,83,39,44
1537,21,379,1738900,0,0,0
1538,21,379,1739000,0,0,0
1539,21,379,1739100,90,47,43
