,Statecode,Districtcode,VillageCode,Population,Males,Females
0,21,381,1868000,900,464,436
1,21,381,1868100,995,521,474
2,21,381,1868200,834,436,398
3,21,381,1868300,767,396,371
4,21,381,1868400,134,73,61
5,21,381,1868500,664,320,344
6,21,381,1868600,334,165,169
7,21,381,1868700,759,370,389
8,21,381,1868800,971,470,501
9,21,381,1868900,1119,555,564
10,21,381,1869000,2407,1221,1186
11,21,381,1869100,0,0,0
12,21,381,1869200,1137,560,577
13,21,381,1869300,392,193,199
14,21,381,1869400,417,209,208
15,21,381,1869500,49,32,17
16,21,381,1869600,148,72,76
17,21,381,1869700,190,97,93
18,21,381,1869800,1730,854,876
19,21,381,1869900,757,383,374
20,21,381,1870000,875,440,435
21,21,381,1870100,2293,1183,1110
22,21,381,1870200,1532,766,766
23,21,381,1870300,637,317,320
24,21,381,1870400,801,399,402
25,21,381,1870500,372,187,185
26,21,381,1870600,1270,644,626
27,21,381,1870700,664,325,339
28,21,381,1870800,99,51,48
29,21,381,1870900,2171,1088,1083
30,21,381,1871000,341,184,157
31,21,381,1871100,370,194,176
32,21,381,1871200,523,267,256
33,21,381,1871300,771,401,370
34,21,381,1871400,682,374,308
35,21,381,1871500,585,280,305
36,21,381,1871600,699,368,331
37,21,381,1871700,201,96,105
38,21,381,1871800,941,466,475
39,21,381,1871900,991,498,493
40,21,381,1872000,1322,672,650
41,21,381,1872100,329,160,169
42,21,381,1872200,600,306,294
43,21,381,1872300,972,499,473
44,21,381,1872400,474,242,232
45,21,381,1872500,2272,1164,1108
46,21,381,1872600,107,62,45
47,21,381,1872700,407,219,188
48,21,381,1872800,356,178,178
49,21,381,1872900,769,378,391
50,21,381,1873000,1849,936,913
51,21,381,1873100,336,169,167
52,21,381,1873200,332,166,166
53,21,381,1873300,142,76,66
54,21,381,1873400,1044,534,510
55,21,381,1873500,643,334,309
56,21,381,1873600,2680,1396,1284
57,21,381,1873700,341,178,163
58,21,381,1873800,1807,961,846
59,21,381,1873900,17,10,7
60,21,381,1874000,1343,702,641
61,21,381,1874100,578,291,287
62,21,381,1874200,871,439,432
63,21,381,1874300,735,364,371
64,21,381,1874400,1272,655,617
65,21,381,1874500,646,323,323
66,21,381,1874600,251,124,127
67,21,381,1874700,1919,972,947
68,21,381,1874800,452,248,204
69,21,381,1874900,707,360,347
70,21,381,1875000,373,198,175
71,21,381,1875100,625,330,295
72,21,381,1875200,491,238,253
73,21,381,1875300,171,81,90
74,21,381,1875400,429,224,205
75,21,381,1875500,1200,612,588
76,21,381,1875600,824,429,395
77,21,381,1875700,385,192,193
78,21,381,1875800,550,271,279
79,21,381,1875900,413,211,202
80,21,381,1876000,220,109,111
81,21,381,1876100,521,264,257
82,21,381,1876200,181,95,86
83,21,381,1876300,675,327,348
84,21,381,1876400,224,118,106
85,21,381,1876500,744,375,369
86,21,381,1876600,206,105,101
87,21,381,1876700,414,209,205
88,21,381,1876800,235,114,121
89,21,381,1876900,782,400,382
90,21,381,1877000,0,0,0
91,21,381,1877100,446,228,218
92,21,381,1877200,1238,634,604
93,21,381,1877300,944,480,464
94,21,381,1877400,1157,577,580
95,21,381,1877500,1371,699,672
96,21,381,1877600,1110,562,548
97,21,381,1877700,538,271,267
98,21,381,1877800,480,242,238
99,21,381,1877900,625,318,307
100,21,381,1878000,372,199,173
101,21,381,1878100,422,217,205
102,21,381,1878200,897,474,423
103,21,381,1878300,1181,605,576
104,21,381,1878400,558,276,282
105,21,381,1878500,1353,696,657
106,21,381,1878600,790,403,387
107,21,381,1878700,565,279,286
108,21,381,1878800,675,345,330
109,21,381,1878900,607,305,302
110,21,381,1879000,429,204,225
111,21,381,1879100,561,281,280
112,21,381,1879200,571,294,277
113,21,381,1879300,257,128,129
114,21,381,1879400,684,359,325
115,21,381,1879500,517,267,250
116,21,381,1879600,321,171,150
117,21,381,1879700,405,197,208
118,21,381,1879800,2349,1164,1185
119,21,381,1879900,1768,903,865
120,21,381,1880000,1989,968,1021
121,21,381,1880100,807,405,402
122,21,381,1880200,474,243,231
123,21,381,1880300,1241,635,606
124,21,381,1880400,492,248,244
125,21,381,1880500,778,387,391
126,21,381,1880600,2846,1457,1389
127,21,381,1880700,323,152,171
128,21,381,1880800,153,76,77
129,21,381,1880900,301,165,136
130,21,381,1881000,135,64,71
131,21,381,1881100,158,78,80
132,21,381,1881200,1318,649,669
133,21,381,1881300,224,120,104
134,21,381,1881400,732,371,361
135,21,381,1881500,356,174,182
136,21,381,1881600,342,170,172
137,21,381,1881700,664,352,312
138,21,381,1881800,113,49,64
139,21,381,1881900,145,71,74
140,21,381,1882000,113,58,55
141,21,381,1882100,968,499,469
142,21,381,1882200,294,153,141
143,21,381,1882300,481,261,220
144,21,381,1882400,407,200,207
145,21,381,1882500,1033,514,519
146,21,381,1882600,54,28,26
147,21,381,1882700,400,201,199
148,21,381,1882800,1150,596,554
149,21,381,1882900,307,157,150
150,21,381,1883000,81,46,35
151,21,381,1883100,655,335,320
152,21,381,1883200,144,65,79
153,21,381,1883300,558,292,266
154,21,381,1883400,324,170,154
155,21,381,1883500,569,298,271
156,21,381,1883600,175,89,86
157,21,381,1883700,171,85,86
158,21,381,1883800,268,135,133
159,21,381,1883900,910,455,455
160,21,381,1884000,1349,659,690
161,21,381,1884100,824,399,425
162,21,381,1884200,388,190,198
163,21,381,1884300,292,142,150
164,21,381,1884400,249,118,131
165,21,381,1884500,1466,724,742
166,21,381,1884600,1227,569,658
167,21,381,1884700,1354,679,675
168,21,381,1884800,415,214,201
169,21,381,1884900,998,509,489
170,21,381,1885000,453,229,224
171,21,381,1885100,239,118,121
172,21,381,1885200,1216,628,588
173,21,381,1885300,244,128,116
174,21,381,1885400,484,251,233
175,21,381,1885500,214,101,113
176,21,381,1885600,432,221,211
177,21,381,1885700,1141,562,579
178,21,381,1885800,1326,665,661
179,21,381,1885900,2325,1159,1166
180,21,381,1886000,1890,984,906
181,21,381,1886100,1849,922,927
182,21,381,1886200,146,74,72
183,21,381,1886300,1318,671,647
184,21,381,1886400,693,347,346
185,21,381,1886500,1092,557,535
186,21,381,1886600,1554,800,754
187,21,381,1886700,2380,1148,1232
188,21,381,1886800,556,276,280
189,21,381,1886900,435,223,212
190,21,381,1887000,649,328,321
191,21,381,1887100,1045,512,533
192,21,381,1887200,325,165,160
193,21,381,1887300,1798,885,913
194,21,381,1887400,1035,519,516
195,21,381,1887500,523,252,271
196,21,381,1887600,257,130,127
197,21,381,1887700,440,230,210
198,21,381,1887800,133,72,61
199,21,381,1887900,1036,533,503
200,21,381,1888000,1699,863,836
201,21,381,1888100,0,0,0
202,21,381,1888200,488,252,236
203,21,381,1888300,2214,1107,1107
204,21,381,1888400,584,289,295
205,21,381,1888500,1621,796,825
206,21,381,1888600,1149,571,578
207,21,381,1888700,243,111,132
208,21,381,1888800,565,272,293
209,21,381,1888900,206,101,105
210,21,381,1889000,335,179,156
211,21,381,1889100,672,335,337
212,21,381,1889200,561,271,290
213,21,381,1889300,449,236,213
214,21,381,1889400,623,320,303
215,21,381,1889500,186,82,104
216,21,381,1889600,548,269,279
217,21,381,1889700,706,378,328
218,21,381,1889800,943,462,481
219,21,381,1889900,886,451,435
220,21,381,1890000,907,454,453
221,21,381,1890100,2114,1070,1044
222,21,381,1890200,690,355,335
223,21,381,1890300,415,221,194
224,21,381,1890400,2232,1121,1111
225,21,381,1890500,792,388,404
226,21,381,1890600,1094,565,529
227,21,381,1890700,365,186,179
228,21,381,1890800,762,371,391
229,21,381,1890900,577,283,294
230,21,381,1891000,608,304,304
231,21,381,1891100,274,139,135
232,21,381,1891200,460,224,236
233,21,381,1891300,217,116,101
234,21,381,1891400,1458,760,698
235,21,381,1891500,923,451,472
236,21,381,1891600,633,337,296
237,21,381,1891700,999,511,488
238,21,381,1891800,373,185,188
239,21,381,1891900,400,189,211
240,21,381,1892000,564,284,280
241,21,381,1892100,541,275,266
242,21,381,1892200,614,313,301
243,21,381,1892300,137,69,68
244,21,381,1892400,784,413,371
245,21,381,1892500,390,203,187
246,21,381,1892600,729,349,380
247,21,381,1892700,493,264,229
248,21,381,1892800,728,365,363
249,21,381,1892900,778,398,380
250,21,381,1893000,1042,513,529
251,21,381,1893100,1178,573,605
252,21,381,1893200,779,396,383
253,21,381,1893300,1635,831,804
254,21,381,1893400,758,371,387
255,21,381,1893500,78,35,43
256,21,381,1893600,561,264,297
257,21,381,1893700,551,297,254
258,21,381,1893800,815,435,380
259,21,381,1893900,455,234,221
260,21,381,1894000,535,279,256
261,21,381,1894100,2660,1336,1324
262,21,381,1894200,683,341,342
263,21,381,1894300,694,354,340
264,21,381,1894400,2604,1283,1321
265,21,381,1894500,1364,716,648
266,21,381,1894600,147,73,74
267,21,381,1894700,660,349,311
268,21,381,1894800,2196,1169,1027
269,21,381,1894900,849,437,412
270,21,381,1895000,1089,569,520
271,21,381,1895100,978,468,510
272,21,381,1895200,2314,1187,1127
273,21,381,1895300,2038,1006,1032
274,21,381,1895400,1947,1011,936
275,21,381,1895500,2263,1167,1096
276,21,381,1895600,966,488,478
277,21,381,1895700,1956,1037,919
278,21,381,1895800,825,407,418
279,21,381,1895900,1501,741,760
280,21,381,1896000,1867,915,952
281,21,381,1896100,172,83,89
282,21,381,1896200,1958,988,970
283,21,381,1896300,974,512,462
284,21,381,1896400,1170,605,565
285,21,381,1896500,240,114,126
286,21,381,1896600,568,282,286
287,21,381,1896700,2244,1115,1129
288,21,381,1896800,1466,735,731
289,21,381,1896900,1071,548,523
290,21,381,1897000,688,353,335
291,21,381,1897100,477,242,235
292,21,381,1897200,961,480,481
293,21,381,1897300,794,380,414
294,21,381,1897400,367,191,176
295,21,381,1897500,258,139,119
296,21,381,1897600,805,396,409
297,21,381,1897700,3507,1794,1713
298,21,381,1897800,1830,937,893
299,21,381,1897900,1578,808,770
300,21,381,1898000,442,226,216
301,21,381,1898100,2287,1149,1138
302,21,381,1898200,1088,563,525
303,21,381,1898300,764,386,378
304,21,381,1898400,473,244,229
305,21,381,1898500,568,292,276
306,21,381,1898600,655,331,324
307,21,381,1898700,3438,1817,1621
308,21,381,1898800,3746,1956,1790
309,21,381,1898900,598,283,315
310,21,381,1899000,252,129,123
311,21,381,1899100,503,242,261
312,21,381,1899200,772,386,386
313,21,381,1899300,592,294,298
314,21,381,1899400,1514,796,718
315,21,381,1899500,171,89,82
316,21,381,1899600,439,220,219
317,21,381,1899700,164,90,74
318,21,381,1899800,1122,577,545
319,21,381,1899900,244,125,119
320,21,381,1900000,413,207,206
321,21,381,1900100,823,404,419
322,21,381,1900200,1630,833,797
323,21,381,1900300,709,364,345
324,21,381,1900400,189,98,91
325,21,381,1900500,510,253,257
326,21,381,1900600,1280,650,630
327,21,381,1900700,793,386,407
328,21,381,1900800,852,413,439
329,21,381,1900900,358,186,172
330,21,381,1901000,521,264,257
331,21,381,1901100,203,110,93
332,21,381,1901200,702,357,345
333,21,381,1901300,377,208,169
334,21,381,1901400,237,119,118
335,21,381,1901500,547,288,259
336,21,381,1901600,714,374,340
337,21,381,1901700,507,253,254
338,21,381,1901800,738,378,360
339,21,381,1901900,416,221,195
340,21,381,1902000,2464,1198,1266
341,21,381,1902100,1241,618,623
342,21,381,1902200,317,163,154
343,21,381,1902300,1233,632,601
344,21,381,1902400,281,157,124
345,21,381,1902500,331,167,164
346,21,381,1902600,812,435,377
347,21,381,1902700,567,294,273
348,21,381,1902800,724,359,365
349,21,381,1902900,339,179,160
350,21,381,1903000,536,277,259
351,21,381,1903100,821,449,372
352,21,381,1903200,2744,1379,1365
353,21,381,1903300,453,240,213
354,21,381,1903400,39,24,15
355,21,381,1903500,140,70,70
356,21,381,1903600,207,113,94
357,21,381,1903700,644,330,314
358,21,381,1903800,538,282,256
359,21,381,1903900,392,199,193
360,21,381,1904000,900,474,426
361,21,381,1904100,286,146,140
362,21,381,1904200,1810,942,868
363,21,381,1904300,350,183,167
364,21,381,1904400,593,298,295
365,21,381,1904500,858,429,429
366,21,381,1904600,217,101,116
367,21,381,1904700,371,188,183
368,21,381,1904800,455,232,223
369,21,381,1904900,842,427,415
370,21,381,1905000,496,254,242
371,21,381,1905100,633,308,325
372,21,381,1905200,630,308,322
373,21,381,1905300,205,99,106
374,21,381,1905400,599,298,301
375,21,381,1905500,211,109,102
376,21,381,1905600,2505,1269,1236
377,21,381,1905700,72,36,36
378,21,381,1905800,464,228,236
379,21,381,1905900,134,69,65
380,21,381,1906000,221,104,117
381,21,381,1906100,293,145,148
382,21,381,1906200,576,301,275
383,21,381,1906300,378,194,184
384,21,381,1906400,24,16,8
385,21,381,1906500,678,343,335
386,21,381,1906600,0,0,0
387,21,381,1906700,1736,893,843
388,21,381,1906800,119,62,57
389,21,381,1906900,292,143,149
390,21,381,1907000,1453,748,705
391,21,381,1907100,960,491,469
392,21,381,1907200,463,231,232
393,21,381,1907300,384,186,198
394,21,381,1907400,228,114,114
395,21,381,1907500,295,151,144
396,21,381,1907600,849,435,414
397,21,381,1907700,0,0,0
398,21,381,1907800,137,65,72
399,21,381,1907900,1185,593,592
400,21,381,1908000,707,355,352
401,21,381,1908100,670,354,316
402,21,381,1908200,541,271,270
403,21,381,1908300,139,73,66
404,21,381,1908400,243,130,113
405,21,381,1908500,600,322,278
406,21,381,1908600,1622,832,790
407,21,381,1908700,0,0,0
408,21,381,1908800,0,0,0
409,21,381,1908900,905,472,433
410,21,381,1909000,338,171,167
411,21,381,1909100,322,169,153
412,21,381,1909200,227,122,105
413,21,381,1909300,1389,710,679
414,21,381,1909400,97,49,48
415,21,381,1909500,901,432,469
416,21,381,1909600,218,106,112
417,21,381,1909700,645,321,324
418,21,381,1909800,207,109,98
419,21,381,1909900,216,106,110
420,21,381,1910000,291,152,139
421,21,381,1910100,1619,793,826
422,21,381,1910200,719,373,346
423,21,381,1910300,201,101,100
424,21,381,1910400,290,145,145
425,21,381,1910500,353,174,179
426,21,381,1910600,636,330,306
427,21,381,1910700,462,236,226
428,21,381,1910800,113,50,63
429,21,381,1910900,1042,515,527
430,21,381,1911000,674,333,341
431,21,381,1911100,806,409,397
432,21,381,1911200,1016,518,498
433,21,381,1911300,552,291,261
434,21,381,1911400,64,35,29
435,21,381,1911500,144,75,69
436,21,381,1911600,204,98,106
437,21,381,1911700,96,46,50
438,21,381,1911800,281,149,132
439,21,381,1911900,89,49,40
440,21,381,1912000,225,121,104
441,21,381,1912100,708,374,334
442,21,381,1912200,502,256,246
443,21,381,1912300,177,82,95
444,21,381,1912400,1488,723,765
445,21,381,1912500,272,135,137
446,21,381,1912600,1853,928,925
447,21,381,1912700,933,462,471
448,21,381,1912800,108,57,51
449,21,381,1912900,305,149,156
450,21,381,1913000,862,441,421
451,21,381,1913100,283,142,141
452,21,381,1913200,522,273,249
453,21,381,1913300,0,0,0
454,21,381,1913400,1478,766,712
455,21,381,1913500,260,133,127
456,21,381,1913600,163,84,79
457,21,381,1913700,387,201,186
458,21,381,1913800,798,347,451
459,21,381,1913900,751,369,382
460,21,381,1914000,1029,485,544
461,21,381,1914100,427,217,210
462,21,381,1914200,481,238,243
463,21,381,1914300,327,158,169
464,21,381,1914400,328,164,164
465,21,381,1914500,902,415,487
466,21,381,1914600,827,389,438
467,21,381,1914700,1092,521,571
468,21,381,1914800,1190,583,607
469,21,381,1914900,441,205,236
470,21,381,1915000,924,482,442
471,21,381,1915100,358,195,163
472,21,381,1915200,1574,802,772
473,21,381,1915300,115,59,56
474,21,381,1915400,1364,675,689
475,21,381,1915500,1894,977,917
476,21,381,1915600,1031,518,513
477,21,381,1915700,173,93,80
478,21,381,1915800,429,220,209
479,21,381,1915900,225,103,122
480,21,381,1916000,470,242,228
481,21,381,1916100,412,211,201
482,21,381,1916200,1799,914,885
483,21,381,1916300,362,186,176
484,21,381,1916400,1049,542,507
485,21,381,1916500,2233,1147,1086
486,21,381,1916600,272,146,126
487,21,381,1916700,941,481,460
488,21,381,1916800,1690,848,842
489,21,381,1916900,1892,974,918
490,21,381,1917000,1698,864,834
491,21,381,1917100,586,310,276
492,21,381,1917200,1216,621,595
493,21,381,1917300,2467,1271,1196
494,21,381,1917400,2398,1221,1177
495,21,381,1917500,1269,650,619
496,21,381,1917600,1853,930,923
497,21,381,1917700,770,427,343
498,21,381,1917800,2385,1200,1185
499,21,381,1917900,1657,844,813
500,21,381,1918000,3234,1633,1601
501,21,381,1918100,1511,786,725
502,21,381,1918200,1388,713,675
503,21,381,1918300,2467,1274,1193
504,21,381,1918400,1821,918,903
505,21,381,1918500,1745,906,839
506,21,381,1918600,456,236,220
507,21,381,1918700,1283,659,624
508,21,381,1918800,1172,610,562
509,21,381,1918900,1331,677,654
510,21,381,1919000,267,140,127
511,21,381,1919100,352,165,187
512,21,381,1919200,848,432,416
513,21,381,1919300,378,192,186
514,21,381,1919400,330,181,149
515,21,381,1919500,928,479,449
516,21,381,1919600,1123,559,564
517,21,381,1919700,589,288,301
518,21,381,1919800,64,35,29
519,21,381,1919900,623,314,309
520,21,381,1920000,433,204,229
521,21,381,1920100,480,232,248
522,21,381,1920200,0,0,0
523,21,381,1920300,507,264,243
524,21,381,1920400,284,142,142
525,21,381,1920500,521,261,260
526,21,381,1920600,642,319,323
527,21,381,1920700,373,192,181
528,21,381,1920800,149,73,76
529,21,381,1920900,271,125,146
530,21,381,1921000,510,251,259
531,21,381,1921100,243,118,125
532,21,381,1921200,225,115,110
533,21,381,1921300,435,229,206
534,21,381,1921400,884,426,458
535,21,381,1921500,864,432,432
536,21,381,1921600,218,110,108
537,21,381,1921700,183,101,82
538,21,381,1921800,355,181,174
539,21,381,1921900,301,152,149
540,21,381,1922000,876,453,423
541,21,381,1922100,3292,1649,1643
542,21,381,1922200,991,524,467
543,21,381,1922300,675,334,341
544,21,381,1922400,258,133,125
545,21,381,1922500,1145,578,567
546,21,381,1922600,393,199,194
547,21,381,1922700,49,24,25
548,21,381,1922800,331,171,160
549,21,381,1922900,1779,908,871
550,21,381,1923000,486,243,243
551,21,381,1923100,1064,574,490
552,21,381,1923200,721,371,350
553,21,381,1923300,1601,800,801
554,21,381,1923400,720,361,359
555,21,381,1923500,665,337,328
556,21,381,1923600,1933,1013,920
557,21,381,1923700,688,359,329
558,21,381,1923800,307,161,146
559,21,381,1923900,599,305,294
560,21,381,1924000,428,220,208
561,21,381,1924100,499,264,235
562,21,381,1924200,1721,875,846
563,21,381,1924300,1770,928,842
564,21,381,1924400,1314,673,641
565,21,381,1924500,710,369,341
566,21,381,1924600,421,217,204
567,21,381,1924700,69,34,35
568,21,381,1924800,1044,527,517
569,21,381,1924900,823,410,413
570,21,381,1925000,750,386,364
571,21,381,1925100,1452,709,743
572,21,381,1925200,676,345,331
573,21,381,1925300,211,105,106
574,21,381,1925400,283,151,132
575,21,381,1925500,145,71,74
576,21,381,1925600,633,345,288
577,21,381,1925700,257,127,130
578,21,381,1925800,1714,860,854
579,21,381,1925900,761,394,367
580,21,381,1926000,576,290,286
581,21,381,1926100,1778,885,893
582,21,381,1926200,76,31,45
583,21,381,1926300,101,52,49
584,21,381,1926400,200,106,94
585,21,381,1926500,434,235,199
586,21,381,1926600,1184,613,571
587,21,381,1926700,264,137,127
588,21,381,1926800,756,401,355
589,21,381,1926900,267,124,143
590,21,381,1927000,352,183,169
591,21,381,1927100,644,335,309
592,21,381,1927200,407,191,216
593,21,381,1927300,1152,578,574
594,21,381,1927400,889,436,453
595,21,381,1927500,1849,942,907
596,21,381,1927600,385,188,197
597,21,381,1927700,241,128,113
598,21,381,1927800,647,326,321
599,21,381,1927900,0,0,0
600,21,381,1928000,2082,1019,1063
601,21,381,1928100,50,21,29
602,21,381,1928200,1045,528,517
603,21,381,1928300,31,15,16
604,21,381,1928400,895,450,445
605,21,381,1928500,298,146,152
606,21,381,1928600,409,202,207
607,21,381,1928700,765,391,374
608,21,381,1928800,795,426,369
609,21,381,1928900,309,162,147
610,21,381,1929000,499,260,239
611,21,381,1929100,148,76,72
612,21,381,1929200,585,278,307
613,21,381,1929300,412,197,215
614,21,381,1929400,492,215,277
615,21,381,1929500,2119,1085,1034
616,21,381,1929600,3088,1615,1473
617,21,381,1929700,847,426,421
618,21,381,1929800,133,73,60
619,21,381,1929900,753,360,393
620,21,381,1930000,2412,1177,1235
621,21,381,1930100,2071,1016,1055
622,21,381,1930200,1642,820,822
623,21,381,1930300,1061,528,533
624,21,381,1930400,709,352,357
625,21,381,1930500,0,0,0
626,21,381,1930600,2255,1145,1110
627,21,381,1930700,1592,791,801
628,21,381,1930800,1009,498,511
629,21,381,1930900,1055,519,536
630,21,381,1931000,2258,1148,1110
631,21,381,1931100,680,321,359
632,21,381,1931200,566,291,275
633,21,381,1931300,0,0,0
634,21,381,1931400,606,303,303
635,21,381,1931500,524,268,256
636,21,381,1931600,1756,854,902
637,21,381,1931700,683,336,347
638,21,381,1931800,710,346,364
639,21,381,1931900,635,321,314
640,21,381,1932000,479,237,242
641,21,381,1932100,1095,558,537
642,21,381,1932200,299,139,160
643,21,381,1932300,996,495,501
644,21,381,1932400,392,200,192
645,21,381,1932500,2251,1174,1077
646,21,381,1932600,1099,558,541
647,21,381,1932700,656,355,301
648,21,381,1932800,283,138,145
649,21,381,1932900,801,392,409
650,21,381,1933000,640,344,296
651,21,381,1933100,489,242,247
652,21,381,1933200,683,353,330
653,21,381,1933300,663,344,319
654,21,381,1933400,550,268,282
655,21,381,1933500,650,327,323
656,21,381,1933600,249,130,119
657,21,381,1933700,1227,608,619
658,21,381,1933800,928,469,459
659,21,381,1933900,1980,1026,954
660,21,381,1934000,369,177,192
661,21,381,1934100,688,334,354
662,21,381,1934200,480,244,236
663,21,381,1934300,303,147,156
664,21,381,1934400,884,441,443
665,21,381,1934500,856,433,423
666,21,381,1934600,675,328,347
667,21,381,1934700,1413,707,706
668,21,381,1934800,566,282,284
669,21,381,1934900,270,141,129
670,21,381,1935000,1728,873,855
671,21,381,1935100,805,404,401
672,21,381,1935200,351,177,174
673,21,381,1935300,671,342,329
674,21,381,1935400,323,164,159
675,21,381,1935500,27,15,12
676,21,381,1935600,3114,1578,1536
677,21,381,1935700,407,197,210
678,21,381,1935800,208,97,111
679,21,381,1935900,35,17,18
680,21,381,1936000,191,102,89
681,21,381,1936100,566,299,267
682,21,381,1936200,224,103,121
683,21,381,1936300,124,57,67
684,21,381,1936400,687,341,346
685,21,381,1936500,2152,1071,1081
686,21,381,1936600,463,240,223
687,21,381,1936700,742,385,357
688,21,381,1936800,2517,1275,1242
689,21,381,1936900,542,271,271
690,21,381,1937000,364,187,177
691,21,381,1937100,1437,722,715
692,21,381,1937200,301,143,158
693,21,381,1937300,1305,636,669
694,21,381,1937400,174,83,91
695,21,381,1937500,392,205,187
696,21,381,1937600,596,306,290
697,21,381,1937700,1316,671,645
698,21,381,1937800,91,52,39
699,21,381,1937900,898,444,454
700,21,381,1938000,2307,1165,1142
701,21,381,1938100,365,171,194
702,21,381,1938200,4598,2336,2262
703,21,381,1938300,503,254,249
704,21,381,1938400,2292,1172,1120
705,21,381,1938500,385,194,191
706,21,381,1938600,138,69,69
707,21,381,1938700,496,256,240
708,21,381,1938800,699,364,335
709,21,381,1938900,2038,1034,1004
710,21,381,1939000,1540,768,772
711,21,381,1939100,1734,899,835
712,21,381,1939200,951,478,473
713,21,381,1939300,1711,903,808
714,21,381,1939400,947,472,475
715,21,381,1939500,679,349,330
716,21,381,1939600,753,382,371
717,21,381,1939700,1014,522,492
718,21,381,1939800,1207,607,600
719,21,381,1939900,1495,757,738
720,21,381,1940000,0,0,0
721,21,381,1940100,1770,907,863
722,21,381,1940200,1599,803,796
723,21,381,1940300,2776,1425,1351
724,21,381,1940400,930,457,473
725,21,381,1940500,1366,696,670
726,21,381,1940600,379,194,185
727,21,381,1940700,0,0,0
728,21,381,1940800,148,71,77
729,21,381,1940900,526,261,265
730,21,381,1941000,405,197,208
731,21,381,1941100,939,457,482
732,21,381,1941200,204,107,97
733,21,381,1941300,703,341,362
734,21,381,1941400,50,31,19
735,21,381,1941500,158,85,73
736,21,381,1941600,305,157,148
737,21,381,1941700,1222,641,581
738,21,381,1941800,953,492,461
739,21,381,1941900,265,139,126
740,21,381,1942000,1250,627,623
741,21,381,1942100,92,40,52
742,21,381,1942200,2859,1412,1447
743,21,381,1942300,926,476,450
744,21,381,1942400,1215,607,608
745,21,381,1942500,133,63,70
746,21,381,1942600,585,295,290
747,21,381,1942700,305,147,158
748,21,381,1942800,854,421,433
749,21,381,1942900,188,94,94
750,21,381,1943000,611,311,300
751,21,381,1943100,69,35,34
752,21,381,1943200,211,107,104
753,21,381,1943300,346,182,164
754,21,381,1943400,1538,780,758
755,21,381,1943500,398,188,210
756,21,381,1943600,642,307,335
757,21,381,1943700,1490,759,731
758,21,381,1943800,1293,642,651
759,21,381,1943900,141,58,83
760,21,381,1944000,837,428,409
761,21,381,1944100,796,399,397
762,21,381,1944200,276,137,139
763,21,381,1944300,1086,565,521
764,21,381,1944400,720,360,360
765,21,381,1944500,229,122,107
766,21,381,1944600,800,414,386
767,21,381,1944700,1951,981,970
768,21,381,1944800,120,59,61
769,21,381,1944900,303,157,146
770,21,381,1945000,1091,537,554
771,21,381,1945100,585,280,305
772,21,381,1945200,147,75,72
773,21,381,1945300,666,333,333
774,21,381,1945400,242,120,122
775,21,381,1945500,182,94,88
776,21,381,1945600,2475,1251,1224
777,21,381,1945700,1039,515,524
778,21,381,1945800,0,0,0
779,21,381,1945900,191,94,97
780,21,381,1946000,638,314,324
781,21,381,1946100,442,230,212
782,21,381,1946200,663,330,333
783,21,381,1946300,924,461,463
784,21,381,1946400,1481,754,727
785,21,381,1946500,431,220,211
786,21,381,1946600,895,454,441
787,21,381,1946700,221,106,115
788,21,381,1946800,417,197,220
789,21,381,1946900,525,254,271
790,21,381,1947000,1539,778,761
791,21,381,1947100,523,262,261
792,21,381,1947200,442,226,216
793,21,381,1947300,963,486,477
794,21,381,1947400,728,378,350
795,21,381,1947500,928,443,485
796,21,381,1947600,1946,972,974
797,21,381,1947700,1833,932,901
798,21,381,1947800,620,313,307
799,21,381,1947900,35,17,18
800,21,381,1948000,948,477,471
801,21,381,1948100,1417,723,694
802,21,381,1948200,995,505,490
803,21,381,1948300,1170,595,575
804,21,381,1948400,468,228,240
805,21,381,1948500,1042,504,538
806,21,381,1948600,633,330,303
807,21,381,1948700,2737,1421,1316
808,21,381,1948800,942,476,466
809,21,381,1948900,1185,628,557
810,21,381,1949000,164,87,77
811,21,381,1949100,1819,921,898
812,21,381,1949200,6,3,3
813,21,381,1949300,0,0,0
814,21,381,1949400,149,77,72
815,21,381,1949500,139,59,80
816,21,381,1949600,647,335,312
817,21,381,1949700,896,442,454
818,21,381,1949800,2792,1422,1370
819,21,381,1949900,1102,548,554
820,21,381,1950000,226,107,119
821,21,381,1950100,839,425,414
822,21,381,1950200,392,200,192
823,21,381,1950300,1720,885,835
824,21,381,1950400,1132,593,539
825,21,381,1950500,412,199,213
826,21,381,1950600,449,224,225
827,21,381,1950700,131,72,59
828,21,381,1950800,751,381,370
829,21,381,1950900,3153,1654,1499
830,21,381,1951000,1521,805,716
831,21,381,1951100,16,6,10
832,21,381,1951200,821,421,400
833,21,381,1951300,764,390,374
834,21,381,1951400,802,412,390
835,21,381,1951500,346,182,164
836,21,381,1951600,749,371,378
837,21,381,1951700,13,7,6
838,21,381,1951800,2769,1441,1328
839,21,381,1951900,991,497,494
840,21,381,1952000,1539,792,747
841,21,381,1952100,1860,951,909
842,21,381,1952200,249,126,123
843,21,381,1952300,2336,1199,1137
844,21,381,1952400,295,155,140
845,21,381,1952500,483,248,235
846,21,381,1952600,106,58,48
847,21,381,1952700,257,131,126
848,21,381,1952800,530,275,255
849,21,381,1952900,557,285,272
850,21,381,1953000,1152,596,556
851,21,381,1953100,3464,1893,1571
852,21,381,1953200,450,222,228
853,21,381,1953300,1866,977,889
854,21,381,1953400,740,385,355
855,21,381,1953500,1235,641,594
856,21,381,1953600,985,493,492
857,21,381,1953700,1078,558,520
858,21,381,1953800,535,273,262
859,21,381,1953900,762,387,375
860,21,381,1954000,217,110,107
861,21,381,1954100,772,402,370
862,21,381,1954200,696,370,326
863,21,381,1954300,717,374,343
864,21,381,1954400,1092,535,557
865,21,381,1954500,1007,496,511
866,21,381,1954600,456,241,215
867,21,381,1954700,942,468,474
868,21,381,1954800,2448,1240,1208
869,21,381,1954900,1714,843,871
870,21,381,1955000,2034,1045,989
871,21,381,1955100,1193,606,587
872,21,381,1955200,14,9,5
873,21,381,1955300,631,314,317
874,21,381,1955400,1814,912,902
875,21,381,1955500,179,92,87
876,21,381,1955600,1552,751,801
877,21,381,1955700,739,357,382
878,21,381,1955800,1317,687,630
879,21,381,1955900,862,442,420
880,21,381,1956000,1371,684,687
881,21,381,1956100,1701,886,815
882,21,381,1956200,853,446,407
883,21,381,1956300,813,416,397
884,21,381,1956400,1557,813,744
885,21,381,1956500,1324,666,658
886,21,381,1956600,1846,956,890
887,21,381,1956700,1516,786,730
888,21,381,1956800,929,485,444
889,21,381,1956900,0,0,0
890,21,381,1957000,1485,771,714
891,21,381,1957100,552,281,271
892,21,381,1957200,364,183,181
893,21,381,1957300,512,259,253
894,21,381,1957400,164,91,73
895,21,381,1957500,412,199,213
896,21,381,1957600,648,349,299
897,21,381,1957700,2057,1035,1022
898,21,381,1957800,1081,548,533
899,21,381,1957900,947,492,455
900,21,381,1958000,609,300,309
901,21,381,1958100,1862,942,920
902,21,381,1958200,320,164,156
903,21,381,1958300,1016,485,531
904,21,381,1958400,1835,893,942
905,21,381,1958500,1555,778,777
906,21,381,1958600,746,362,384
907,21,381,1958700,1629,796,833
908,21,381,1958800,494,235,259
909,21,381,1958900,2073,1040,1033
910,21,381,1959000,114,61,53
911,21,381,1959100,3090,1552,1538
912,21,381,1959200,1092,558,534
913,21,381,1959300,213,100,113
914,21,381,1959400,212,112,100
915,21,381,1959500,1064,527,537
916,21,381,1959600,275,134,141
917,21,381,1959700,753,392,361
918,21,381,1959800,970,489,481
919,21,381,1959900,828,424,404
920,21,381,1960000,2542,1274,1268
921,21,381,1960100,502,252,250
922,21,381,1960200,333,161,172
923,21,381,1960300,1257,636,621
924,21,381,1960400,1107,555,552
925,21,381,1960500,157,76,81
926,21,381,1960600,522,254,268
927,21,381,1960700,133,67,66
928,21,381,1960800,619,319,300
929,21,381,1960900,581,292,289
930,21,381,1961000,2043,1029,1014
931,21,381,1961100,1489,765,724
932,21,381,1961200,1211,607,604
933,21,381,1961300,873,444,429
934,21,381,1961400,782,378,404
935,21,381,1961500,615,312,303
936,21,381,1961600,517,251,266
937,21,381,1961700,421,208,213
938,21,381,1961800,415,207,208
939,21,381,1961900,416,203,213
940,21,381,1962000,917,458,459
941,21,381,1962100,779,392,387
942,21,381,1962200,187,89,98
943,21,381,1962300,264,135,129
944,21,381,1962400,97,54,43
945,21,381,1962500,531,255,276
946,21,381,1962600,158,85,73
947,21,381,1962700,343,176,167
948,21,381,1962800,2020,963,1057
949,21,381,1962900,495,263,232
950,21,381,1963000,135,66,69
951,21,381,1963100,1725,873,852
952,21,381,1963200,961,492,469
953,21,381,1963300,1357,712,645
954,21,381,1963400,216,115,101
955,21,381,1963500,307,151,156
956,21,381,1963600,1942,993,949
957,21,381,1963700,287,146,141
958,21,381,1963800,219,106,113
959,21,381,1963900,0,0,0
960,21,381,1964000,612,319,293
961,21,381,1964100,1218,613,605
962,21,381,1964200,1844,943,901
963,21,381,1964300,210,108,102
964,21,381,1964400,92,50,42
965,21,381,1964500,336,164,172
966,21,381,1964600,833,406,427
967,21,381,1964700,207,99,108
968,21,381,1964800,115,57,58
969,21,381,1964900,576,292,284
970,21,381,1965000,483,241,242
971,21,381,1965100,642,314,328
972,21,381,1965200,2591,1295,1296
973,21,381,1965300,377,192,185
974,21,381,1965400,870,451,419
975,21,381,1965500,449,229,220
976,21,381,1965600,191,89,102
977,21,381,1965700,328,170,158
978,21,381,1965800,1006,480,526
979,21,381,1965900,463,236,227
980,21,381,1966000,250,124,126
981,21,381,1966100,829,477,352
982,21,381,1966200,1033,535,498
983,21,381,1966300,374,228,146
984,21,381,1966400,478,225,253
985,21,381,1966500,270,133,137
986,21,381,1966600,0,0,0
987,21,381,1966700,267,145,122
988,21,381,1966800,0,0,0
989,21,381,1966900,612,314,298
990,21,381,1967000,354,181,173
991,21,381,1967100,316,164,152
992,21,381,1967200,638,310,328
993,21,381,1967300,0,0,0
994,21,381,1967400,388,201,187
995,21,381,1967500,405,197,208
996,21,381,1967600,142,71,71
997,21,381,1967700,0,0,0
998,21,381,1967800,3672,1864,1808
999,21,381,1967900,269,137,132
1000,21,381,1968000,161,96,65
1001,21,381,1968100,811,420,391
1002,21,381,1968200,345,185,160
1003,21,381,1968300,407,212,195
1004,21,381,1968400,0,0,0
1005,21,381,1968500,48,23,25
1006,21,381,1968600,184,95,89
1007,21,381,1968700,1548,785,763
1008,21,381,1968800,1084,555,529
1009,21,381,1968900,11,7,4
1010,21,381,1969000,206,108,98
1011,21,381,1969100,1971,992,979
1012,21,381,1969200,1124,575,549
1013,21,381,1969300,299,146,153
1014,21,381,1969400,1216,626,590
1015,21,381,1969500,427,219,208
1016,21,381,1969600,1130,546,584
1017,21,381,1969700,626,324,302
1018,21,381,1969800,113,58,55
1019,21,381,1969900,1968,997,971
1020,21,381,1970000,1814,928,886
1021,21,381,1970100,128,68,60
1022,21,381,1970200,367,193,174
1023,21,381,1970300,790,396,394
1024,21,381,1970400,127,67,60
1025,21,381,1970500,381,196,185
1026,21,381,1970600,955,486,469
1027,21,381,1970700,401,197,204
1028,21,381,1970800,209,114,95
1029,21,381,1970900,545,283,262
1030,21,381,1971000,649,332,317
1031,21,381,1971100,0,0,0
1032,21,381,1971200,563,281,282
1033,21,381,1971300,42,28,14
1034,21,381,1971400,837,434,403
1035,21,381,1971500,0,0,0
1036,21,381,1971600,746,392,354
1037,21,381,1971700,702,349,353
1038,21,381,1971800,1270,650,620
1039,21,381,1971900,353,183,170
1040,21,381,1972000,3621,1798,1823
1041,21,381,1972100,706,368,338
1042,21,381,1972200,100,48,52
1043,21,381,1972300,737,404,333
1044,21,381,1972400,287,153,134
1045,21,381,1972500,115,51,64
1046,21,381,1972600,251,122,129
1047,21,381,1972700,128,68,60
1048,21,381,1972800,0,0,0
1049,21,381,1972900,572,298,274
1050,21,381,1973000,22,11,11
1051,21,381,1973100,994,508,486
1052,21,381,1973200,440,227,213
1053,21,381,1973300,600,310,290
1054,21,381,1973400,624,295,329
1055,21,381,1973500,238,124,114
1056,21,381,1973600,601,305,296
1057,21,381,1973700,436,228,208
1058,21,381,1973800,108,51,57
1059,21,381,1973900,408,215,193
1060,21,381,1974000,1068,539,529
1061,21,381,1974100,655,348,307
1062,21,381,1974200,457,230,227
1063,21,381,1974300,1107,541,566
1064,21,381,1974400,0,0,0
1065,21,381,1974500,989,513,476
1066,21,381,1974600,1553,796,757
1067,21,381,1974700,2605,1330,1275
1068,21,381,1974800,665,341,324
1069,21,381,1974900,448,231,217
1070,21,381,1975000,164,92,72
1071,21,381,1975100,1079,521,558
1072,21,381,1975200,562,303,259
1073,21,381,1975300,453,222,231
1074,21,381,1975400,300,149,151
1075,21,381,1975500,1729,874,855
1076,21,381,1975600,2410,1217,1193
1077,21,381,1975700,800,407,393
1078,21,381,1975800,1819,922,897
1079,21,381,1975900,189,93,96
1080,21,381,1976000,213,110,103
1081,21,381,1976100,218,94,124
1082,21,381,1976200,898,458,440
1083,21,381,1976300,878,446,432
1084,21,381,1976400,0,0,0
1085,21,381,1976500,0,0,0
1086,21,381,1976600,3317,1716,1601
1087,21,381,1976700,1227,622,605
1088,21,381,1976800,119,56,63
1089,21,381,1976900,145,75,70
1090,21,381,1977000,0,0,0
1091,21,381,1977100,0,0,0
1092,21,381,1977200,1951,984,967
1093,21,381,1977300,0,0,0
1094,21,381,1977400,486,237,249
1095,21,381,1977500,1557,788,769
1096,21,381,1977600,0,0,0
1097,21,381,1977700,149,76,73
1098,21,381,1977800,3416,1778,1638
1099,21,381,1977900,353,178,175
1100,21,381,1978000,31,15,16
1101,21,381,1978100,85,42,43
1102,21,381,1978200,242,128,114
1103,21,381,1978300,458,218,240
1104,21,381,1978400,113,58,55
1105,21,381,1978500,511,249,262
1106,21,381,1978600,297,145,152
1107,21,381,1978700,2023,1050,973
1108,21,381,1978800,249,125,124
1109,21,381,1978900,194,88,106
1110,21,381,1979000,886,459,427
1111,21,381,1979100,846,438,408
1112,21,381,1979200,1353,685,668
1113,21,381,1979300,849,427,422
1114,21,381,1979400,570,296,274
1115,21,381,1979500,1298,682,616
1116,21,381,1979600,1666,845,821
1117,21,381,1979700,0,0,0
1118,21,381,1979800,0,0,0
1119,21,381,1979900,0,0,0
1120,21,381,1980000,35,19,16
1121,21,381,1980100,0,0,0
1122,21,381,1980200,174,98,76
1123,21,381,1980300,1228,627,601
1124,21,381,1980400,1029,526,503
1125,21,381,1980500,2768,1428,1340
1126,21,381,1980600,157,82,75
1127,21,381,1980700,1619,807,812
1128,21,381,1980800,2056,1024,1032
1129,21,381,1980900,0,0,0
1130,21,381,1981000,1040,525,515
1131,21,381,1981100,699,364,335
1132,21,381,1981200,251,123,128
1133,21,381,1981300,673,338,335
1134,21,381,1981400,205,105,100
1135,21,381,1981500,1023,536,487
1136,21,381,1981600,678,415,263
1137,21,381,1981700,722,367,355
1138,21,381,1981800,166,90,76
1139,21,381,1981900,1474,749,725
1140,21,381,1982000,904,456,448
1141,21,381,1982100,699,343,356
1142,21,381,1982200,969,488,481
1143,21,381,1982300,324,154,170
1144,21,381,1982400,340,183,157
1145,21,381,1982500,223,119,104
1146,21,381,1982600,122,64,58
1147,21,381,1982700,85,41,44
1148,21,381,1982800,3043,1532,1511
1149,21,381,1982900,573,286,287
1150,21,381,1983000,244,128,116
1151,21,381,1983100,417,202,215
1152,21,381,1983200,0,0,0
1153,21,381,1983300,64,33,31
1154,21,381,1983400,1616,812,804
1155,21,381,1983500,1537,787,750
1156,21,381,1983600,961,493,468
1157,21,381,1983700,367,186,181
1158,21,381,1983800,349,177,172
1159,21,381,1983900,940,473,467
1160,21,381,1984000,565,297,268
1161,21,381,1984100,157,82,75
1162,21,381,1984200,0,0,0
1163,21,381,1984300,239,120,119
1164,21,381,1984400,323,167,156
1165,21,381,1984500,1018,540,478
1166,21,381,1984600,1199,576,623
1167,21,381,1984700,977,482,495
1168,21,381,1984800,329,166,163
1169,21,381,1984900,0,0,0
1170,21,381,1985000,42,19,23
1171,21,381,1985100,228,121,107
1172,21,381,1985200,1623,828,795
1173,21,381,1985300,195,98,97
1174,21,381,1985400,630,327,303
1175,21,381,1985500,776,418,358
1176,21,381,1985600,148,72,76
1177,21,381,1985700,63,35,28
1178,21,381,1985800,271,134,137
1179,21,381,1985900,200,106,94
1180,21,381,1986000,104,56,48
1181,21,381,1986100,576,297,279
1182,21,381,1986200,992,521,471
1183,21,381,1986300,102,53,49
1184,21,381,1986400,0,0,0
1185,21,381,1986500,78,40,38
1186,21,381,1986600,964,486,478
1187,21,381,1986700,651,332,319
1188,21,381,1986800,771,404,367
1189,21,381,1986900,475,233,242
1190,21,381,1987000,1207,624,583
1191,21,381,1987100,160,78,82
1192,21,381,1987200,291,156,135
1193,21,381,1987300,805,397,408
1194,21,381,1987400,2924,1506,1418
1195,21,381,1987500,1025,513,512
1196,21,381,1987600,399,205,194
1197,21,381,1987700,257,120,137
1198,21,381,1987800,789,406,383
1199,21,381,1987900,372,176,196
1200,21,381,1988000,892,457,435
1201,21,381,1988100,365,191,174
1202,21,381,1988200,340,180,160
1203,21,381,1988300,16,9,7
1204,21,381,1988400,975,483,492
1205,21,381,1988500,168,81,87
1206,21,381,1988600,140,71,69
1207,21,381,1988700,877,454,423
1208,21,381,1988800,460,238,222
1209,21,381,1988900,160,82,78
1210,21,381,1989000,231,120,111
1211,21,381,1989100,0,0,0
1212,21,381,1989200,350,178,172
1213,21,381,1989300,1453,740,713
1214,21,381,1989400,173,92,81
1215,21,381,1989500,132,67,65
1216,21,381,1989600,14,6,8
1217,21,381,1989700,1067,542,525
1218,21,381,1989800,801,396,405
1219,21,381,1989900,1044,534,510
1220,21,381,1990000,923,466,457
1221,21,381,1990100,3334,1688,1646
1222,21,381,1990200,861,436,425
1223,21,381,1990300,0,0,0
1224,21,381,1990400,3362,1746,1616
1225,21,381,1990500,421,214,207
1226,21,381,1990600,1953,1018,935
1227,21,381,1990700,125,67,58
1228,21,381,1990800,1577,782,795
1229,21,381,1990900,589,292,297
1230,21,381,1991000,709,378,331
1231,21,381,1991100,978,524,454
1232,21,381,1991200,541,275,266
1233,21,381,1991300,1550,756,794
1234,21,381,1991400,631,342,289
1235,21,381,1991500,257,126,131
1236,21,381,1991600,614,309,305
1237,21,381,1991700,876,448,428
1238,21,381,1991800,1673,858,815
1239,21,381,1991900,1132,586,546
1240,21,381,1992000,2329,1168,1161
1241,21,381,1992100,558,279,279
1242,21,381,1992200,1063,524,539
1243,21,381,1992300,300,154,146
1244,21,381,1992400,674,351,323
1245,21,381,1992500,757,389,368
1246,21,381,1992600,579,306,273
1247,21,381,1992700,443,222,221
1248,21,381,1992800,85,44,41
1249,21,381,1992900,397,210,187
1250,21,381,1993000,1840,947,893
1251,21,381,1993100,1193,624,569
1252,21,381,1993200,771,383,388
1253,21,381,1993300,808,428,380
1254,21,381,1993400,169,94,75
1255,21,381,1993500,470,254,216
1256,21,381,1993600,292,155,137
1257,21,381,1993700,2028,1046,982
1258,21,381,1993800,658,320,338
1259,21,381,1993900,368,185,183
1260,21,381,1994000,2050,1056,994
1261,21,381,1994100,280,150,130
1262,21,381,1994200,1181,614,567
1263,21,381,1994300,235,121,114
1264,21,381,1994400,1722,877,845
1265,21,381,1994500,1125,592,533
1266,21,381,1994600,0,0,0
1267,21,381,1994700,1357,672,685
1268,21,381,1994800,785,393,392
1269,21,381,1994900,949,483,466
1270,21,381,1995000,758,384,374
1271,21,381,1995100,648,306,342
1272,21,381,1995200,179,94,85
1273,21,381,1995300,0,0,0
1274,21,381,1995400,511,265,246
1275,21,381,1995500,326,170,156
1276,21,381,1995600,4,2,2
1277,21,381,1995700,92,49,43
1278,21,381,1995800,386,203,183
1279,21,381,1995900,245,128,117
1280,21,381,1996000,610,323,287
1281,21,381,1996100,1748,875,873
1282,21,381,1996200,249,134,115
1283,21,381,1996300,106,49,57
1284,21,381,1996400,306,159,147
1285,21,381,1996500,1112,563,549
1286,21,381,1996600,0,0,0
1287,21,381,1996700,393,203,190
1288,21,381,1996800,0,0,0
1289,21,381,1996900,0,0,0
1290,21,381,1997000,207,110,97
1291,21,381,1997100,173,87,86
1292,21,381,1997200,1556,785,771
1293,21,381,1997300,182,89,93
1294,21,381,1997400,678,341,337
1295,21,381,1997500,856,442,414
1296,21,381,1997600,991,499,492
1297,21,381,1997700,175,85,90
1298,21,381,1997800,452,235,217
1299,21,381,1997900,556,283,273
1300,21,381,1998000,424,210,214
1301,21,381,1998100,913,462,451
1302,21,381,1998200,277,146,131
1303,21,381,1998300,345,170,175
1304,21,381,1998400,513,257,256
1305,21,381,1998500,222,121,101
1306,21,381,1998600,189,101,88
1307,21,381,1998700,273,147,126
1308,21,381,1998800,196,109,87
1309,21,381,1998900,132,63,69
1310,21,381,1999000,764,393,371
1311,21,381,1999100,1152,574,578
1312,21,381,1999200,564,289,275
1313,21,381,1999300,413,197,216
1314,21,381,1999400,162,82,80
1315,21,381,1999500,332,166,166
1316,21,381,1999600,269,137,132
1317,21,381,1999700,138,77,61
1318,21,381,1999800,257,135,122
1319,21,381,1999900,193,99,94
1320,21,381,2000000,122,63,59
1321,21,381,2000100,7,3,4
1322,21,381,2000200,0,0,0
1323,21,381,2000300,164,84,80
1324,21,381,2000400,577,302,275
1325,21,381,2000500,1189,585,604
1326,21,381,2000600,328,172,156
1327,21,381,2000700,254,131,123
1328,21,381,2000800,801,406,395
1329,21,381,2000900,840,432,408
1330,21,381,2001000,764,328,436
1331,21,381,2001100,307,155,152
1332,21,381,2001200,0,0,0
1333,21,381,2001300,0,0,0
1334,21,381,2001400,243,119,124
1335,21,381,2001500,293,145,148
1336,21,381,2001600,1767,913,854
1337,21,381,2001700,210,113,97
1338,21,381,2001800,142,72,70
1339,21,381,2001900,0,0,0
1340,21,381,2002000,0,0,0
1341,21,381,2002100,972,492,480
1342,21,381,2002200,48,29,19
1343,21,381,2002300,0,0,0
1344,21,381,2002400,253,131,122
1345,21,381,2002500,801,403,398
1346,21,381,2002600,546,281,265
1347,21,381,2002700,1197,597,600
1348,21,381,2002800,488,257,231
1349,21,381,2002900,800,396,404
1350,21,381,2003000,1168,594,574
1351,21,381,2003100,1982,992,990
1352,21,381,2003200,288,158,130
1353,21,381,2003300,221,121,100
1354,21,381,2003400,63,34,29
1355,21,381,2003500,1131,578,553
1356,21,381,2003600,1840,922,918
1357,21,381,2003700,2802,1458,1344
1358,21,381,2003800,1873,957,916
1359,21,381,2003900,1792,921,871
1360,21,381,2004000,0,0,0
1361,21,381,2004100,0,0,0
1362,21,381,2004200,153,75,78
1363,21,381,2004300,4005,2076,1929
1364,21,381,2004400,310,165,145
1365,21,381,2004500,621,318,303
1366,21,381,2004600,624,321,303
1367,21,381,2004700,2676,1401,1275
1368,21,381,2004800,798,384,414
1369,21,381,2004900,283,139,144
1370,21,381,2005000,845,439,406
1371,21,381,2005100,545,291,254
1372,21,381,2005200,1207,592,615
1373,21,381,2005300,2473,1248,1225
1374,21,381,2005400,1220,624,596
1375,21,381,2005500,754,385,369
1376,21,381,2005600,420,220,200
1377,21,381,2005700,423,225,198
1378,21,381,2005800,1745,882,863
1379,21,381,2005900,668,328,340
1380,21,381,2006000,1519,775,744
1381,21,381,2006100,2921,1500,1421
1382,21,381,2006200,349,177,172
1383,21,381,2006300,526,279,247
1384,21,381,2006400,421,223,198
1385,21,381,2006500,1360,668,692
1386,21,381,2006600,4269,2169,2100
1387,21,381,2006700,1528,803,725
1388,21,381,2006800,925,492,433
1389,21,381,2006900,744,386,358
1390,21,381,2007000,796,395,401
1391,21,381,2007100,607,314,293
1392,21,381,2007200,564,295,269
1393,21,381,2007300,611,316,295
1394,21,381,2007400,1042,523,519
1395,21,381,2007500,290,149,141
1396,21,381,2007600,970,519,451
1397,21,381,2007700,1083,553,530
1398,21,381,2007800,996,521,475
1399,21,381,2007900,388,202,186
1400,21,381,2008000,133,72,61
1401,21,381,2008100,954,494,460
1402,21,381,2008200,404,199,205
1403,21,381,2008300,868,442,426
1404,21,381,2008400,721,366,355
1405,21,381,2008500,617,315,302
1406,21,381,2008600,2408,1202,1206
1407,21,381,2008700,1726,877,849
1408,21,381,2008800,112,49,63
1409,21,381,2008900,3631,1842,1789
1410,21,381,2009000,1406,737,669
1411,21,381,2009100,748,385,363
1412,21,381,2009200,0,0,0
1413,21,381,2009300,986,514,472
1414,21,381,2009400,616,321,295
1415,21,381,2009500,362,191,171
1416,21,381,2009600,1896,971,925
1417,21,381,2009700,33,16,17
1418,21,381,2009800,1373,692,681
1419,21,381,2009900,217,104,113
1420,21,381,2010000,281,145,136
1421,21,381,2010100,281,140,141
1422,21,381,2010200,1768,863,905
1423,21,381,2010300,1412,707,705
1424,21,381,2010400,1230,621,609
1425,21,381,2010500,2997,1562,1435
1426,21,381,2010600,3320,1801,1519
1427,21,381,2010700,1016,532,484
1428,21,381,2010800,0,0,0
1429,21,381,2010900,3869,1931,1938
1430,21,381,2011000,1187,593,594
1431,21,381,2011100,2157,1103,1054
1432,21,381,2011200,4420,2282,2138
1433,21,381,2011300,2224,1125,1099
1434,21,381,2011400,731,397,334
1435,21,381,2011500,1164,591,573
1436,21,381,2011600,1428,743,685
1437,21,381,2011700,866,435,431
1438,21,381,2011800,0,0,0
1439,21,381,2011900,1570,799,771
1440,21,381,2012000,1516,797,719
1441,21,381,2012100,405,215,190
1442,21,381,2012200,353,190,163
1443,21,381,2012300,171,84,87
1444,21,381,2012400,3141,1649,1492
1445,21,381,2012500,88,45,43
1446,21,381,2012600,3651,1886,1765
1447,21,381,2012700,514,258,256
1448,21,381,2012800,358,185,173
1449,21,381,2012900,2587,1347,1240
1450,21,381,2013000,2124,1099,1025
1451,21,381,2013100,864,442,422
1452,21,381,2013200,1819,939,880
1453,21,381,2013300,342,181,161
1454,21,381,2013400,146,82,64
1455,21,381,2013500,154,92,62
1456,21,381,2013600,2289,1138,1151
1457,21,381,2013700,179,88,91
1458,21,381,2013800,3078,1574,1504
1459,21,381,2013900,2804,1392,1412
1460,21,381,2014000,459,237,222
1461,21,381,2014100,1324,682,642
1462,21,381,2014200,2169,1110,1059
1463,21,381,2014300,0,0,0
1464,21,381,2014400,2472,1228,1244
1465,21,381,2014500,0,0,0
1466,21,381,2014600,0,0,0
1467,21,381,2014700,0,0,0
1468,21,381,2014800,795,399,396
1469,21,381,2014900,320,171,149
1470,21,381,2015000,246,119,127
1471,21,381,2015100,0,0,0
1472,21,381,2015200,311,145,166
1473,21,381,2015300,1096,566,530
1474,21,381,2015400,234,115,119
1475,21,381,2015500,290,150,140
1476,21,381,2015600,802,413,389
1477,21,381,2015700,628,324,304
1478,21,381,2015800,619,326,293
1479,21,381,2015900,1757,913,844
1480,21,381,2016000,199,91,108
1481,21,381,2016100,1866,942,924
1482,21,381,2016200,1701,885,816
1483,21,381,2016300,1102,570,532
1484,21,381,2016400,399,200,199
1485,21,381,2016500,1228,621,607
1486,21,381,2016600,542,287,255
1487,21,381,2016700,410,201,209
1488,21,381,2016800,2842,1453,1389
1489,21,381,2016900,1051,531,520
1490,21,381,2017000,1083,571,512
1491,21,381,2017100,3906,2048,1858
1492,21,381,2017200,1784,888,896
1493,21,381,2017300,266,142,124
1494,21,381,2017400,890,467,423
1495,21,381,2017500,1351,681,670
1496,21,381,2017600,449,223,226
1497,21,381,2017700,1324,668,656
1498,21,381,2017800,955,507,448
1499,21,381,2017900,634,310,324
1500,21,381,2018000,0,0,0
1501,21,381,2018100,1143,577,566
1502,21,381,2018200,8502,4310,4192
1503,21,381,2018300,2313,1166,1147
1504,21,381,2018400,449,233,216
1505,21,381,2018500,1231,625,606
1506,21,381,2018600,339,166,173
1507,21,381,2018700,1,1,0
1508,21,381,2018800,1494,785,709
1509,21,381,2018900,174,86,88
1510,21,381,2019000,316,158,158
1511,21,381,2019100,400,186,214
1512,21,381,2019200,780,401,379
1513,21,381,2019300,716,358,358
1514,21,381,2019400,535,264,271
1515,21,381,2019500,335,176,159
1516,21,381,2019600,358,167,191
1517,21,381,2019700,252,122,130
1518,21,381,2019800,2735,1311,1424
1519,21,381,2019900,0,0,0
1520,21,381,2020000,330,164,166
1521,21,381,2020100,16,7,9
1522,21,381,2020200,248,121,127
1523,21,381,2020300,650,340,310
1524,21,381,2020400,469,235,234
1525,21,381,2020500,335,153,182
1526,21,381,2020600,1213,584,629
1527,21,381,2020700,0,0,0
1528,21,381,2020800,915,439,476
1529,21,381,2020900,1281,637,644
1530,21,381,2021000,1325,686,639
1531,21,381,2021100,254,120,134
1532,21,381,2021200,228,121,107
1533,21,381,2021300,385,179,206
1534,21,381,2021400,464,214,250
1535,21,381,2021500,1119,584,535
1536,21,381,2021600,481,233,248
1537,21,381,2021700,1488,757,731
1538,21,381,2021800,602,303,299
1539,21,381,2021900,145,74,71
1540,21,381,2022000,900,462,438
1541,21,381,2022100,813,426,387
1542,21,381,2022200,370,192,178
1543,21,381,2022300,397,197,200
1544,21,381,2022400,2058,1059,999
1545,21,381,2022500,141,66,75
1546,21,381,2022600,0,0,0
1547,21,381,2022700,1096,558,538
1548,21,381,2022800,528,260,268
1549,21,381,2022900,549,266,283
1550,21,381,2023000,1840,960,880
1551,21,381,2023100,0,0,0
1552,21,381,2023200,189,99,90
1553,21,381,2023300,285,148,137
1554,21,381,2023400,290,151,139
1555,21,381,2023500,68,37,31
1556,21,381,2023600,2028,1045,983
1557,21,381,2023700,2,1,1
1558,21,381,2023800,1030,537,493
1559,21,381,2023900,1192,614,578
1560,21,381,2024000,203,108,95
1561,21,381,2024100,642,328,314
1562,21,381,2024200,371,204,167
1563,21,381,2024300,1485,728,757
1564,21,381,2024400,351,165,186
1565,21,381,2024500,29,13,16
1566,21,381,2024600,31,15,16
1567,21,381,2024700,321,163,158
1568,21,381,2024800,360,177,183
1569,21,381,2024900,133,60,73
1570,21,381,2025000,13,6,7
1571,21,381,2025100,25,11,14
1572,21,381,2025200,407,206,201
1573,21,381,2025300,90,45,45
1574,21,381,2025400,109,49,60
1575,21,381,2025500,698,362,336
1576,21,381,2025600,503,255,248
1577,21,381,2025700,268,145,123
1578,21,381,2025800,576,301,275
1579,21,381,2025900,799,392,407
1580,21,381,2026000,1459,742,717
1581,21,381,2026100,1013,528,485
1582,21,381,2026200,315,152,163
1583,21,381,2026300,3495,1808,1687
1584,21,381,2026400,540,267,273
1585,21,381,2026500,2374,1235,1139
1586,21,381,2026600,0,0,0
1587,21,381,2026700,297,159,138
1588,21,381,2026800,27,14,13
1589,21,381,2026900,0,0,0
1590,21,381,2027000,583,292,291
1591,21,381,2027100,442,225,217
1592,21,381,2027200,136,69,67
1593,21,381,2027300,14,6,8
1594,21,381,2027400,32,14,18
1595,21,381,2027500,157,82,75
1596,21,381,2027600,96,43,53
1597,21,381,2027700,152,82,70
1598,21,381,2027800,314,171,143
1599,21,381,2027900,127,70,57
1600,21,381,2028000,17,10,7
1601,21,381,2028100,191,99,92
1602,21,381,2028200,96,52,44
1603,21,381,2028300,0,0,0
1604,21,381,2028400,1431,769,662
1605,21,381,2028500,139,71,68
1606,21,381,2028600,179,96,83
1607,21,381,2028700,621,326,295
1608,21,381,2028800,540,270,270
1609,21,381,2028900,103,49,54
1610,21,381,2029000,528,293,235
1611,21,381,2029100,447,239,208
1612,21,381,2029200,87,45,42
1613,21,381,2029300,33,16,17
1614,21,381,2029400,1131,573,558
1615,21,381,2029500,1193,627,566
1616,21,381,2029600,0,0,0
1617,21,381,2029700,255,133,122
1618,21,381,2029800,684,346,338
1619,21,381,2029900,429,224,205
1620,21,381,2030000,705,370,335
1621,21,381,2030100,234,116,118
1622,21,381,2030200,75,41,34
1623,21,381,2030300,160,76,84
1624,21,381,2030400,5137,2700,2437
1625,21,381,2030500,196,104,92
1626,21,381,2030600,208,103,105
1627,21,381,2030700,317,169,148
1628,21,381,2030800,224,119,105
1629,21,381,2030900,1363,713,650
1630,21,381,2031000,984,515,469
1631,21,381,2031100,541,278,263
1632,21,381,2031200,258,134,124
1633,21,381,2031300,672,347,325
1634,21,381,2031400,558,292,266
1635,21,381,2031500,2663,1371,1292
1636,21,381,2031600,521,262,259
1637,21,381,2031700,1689,874,815
1638,21,381,2031800,2370,1261,1109
1639,21,381,2031900,1243,621,622
1640,21,381,2032000,838,444,394
1641,21,381,2032100,2007,1021,986
1642,21,381,2032200,3097,1587,1510
1643,21,381,2032300,1198,609,589
1644,21,381,2032400,543,278,265
1645,21,381,2032500,1802,886,916
1646,21,381,2032600,655,341,314
1647,21,381,2032700,129,63,66
1648,21,381,2032800,437,210,227
1649,21,381,2032900,977,507,470
1650,21,381,2033000,1235,635,600
1651,21,381,2033100,3008,1556,1452
1652,21,381,2033200,852,414,438
1653,21,381,2033300,916,481,435
1654,21,381,2033400,649,341,308
1655,21,381,2033500,485,241,244
1656,21,381,2033600,214,121,93
1657,21,381,2033700,636,349,287
1658,21,381,2033800,672,358,314
1659,21,381,2033900,1337,721,616
1660,21,381,2034000,931,474,457
1661,21,381,2034100,399,214,185
1662,21,381,2034200,681,356,325
1663,21,381,2034300,816,418,398
1664,21,381,2034400,991,533,458
1665,21,381,2034500,785,408,377
1666,21,381,2034600,355,176,179
1667,21,381,2034700,1135,591,544
1668,21,381,2034800,803,424,379
1669,21,381,2034900,1164,615,549
1670,21,381,2035000,315,147,168
1671,21,381,2035100,820,431,389
1672,21,381,2035200,1052,549,503
1673,21,381,2035300,845,442,403
1674,21,381,2035400,415,235,180
1675,21,381,2035500,1556,791,765
1676,21,381,2035600,286,145,141
1677,21,381,2035700,481,241,240
1678,21,381,2035800,4857,2529,2328
1679,21,381,2035900,564,297,267
1680,21,381,2036000,506,274,232
1681,21,381,2036100,1364,714,650
1682,21,381,2036200,957,498,459
1683,21,381,2036300,1955,1006,949
1684,21,381,2036400,494,260,234
1685,21,381,2036500,2057,1078,979
1686,21,381,2036600,180,103,77
1687,21,381,2036700,2907,1546,1361
1688,21,381,2036800,1580,793,787
1689,21,381,2036900,737,381,356
1690,21,381,2037000,1885,986,899
1691,21,381,2037100,2386,1228,1158
1692,21,381,2037200,1613,842,771
1693,21,381,2037300,4550,2265,2285
1694,21,381,2037400,198,99,99
1695,21,381,2037500,1562,757,805
1696,21,381,2037600,1269,646,623
1697,21,381,2037700,1189,626,563
1698,21,381,2037800,417,203,214
1699,21,381,2037900,571,296,275
1700,21,381,2038000,2721,1396,1325
1701,21,381,2038100,1164,615,549
1702,21,381,2038200,193,90,103
1703,21,381,2038300,268,142,126
1704,21,381,2038400,64,31,33
1705,21,381,2038500,104,57,47
1706,21,381,2038600,311,155,156
1707,21,381,2038700,192,85,107
1708,21,381,2038800,51,25,26
1709,21,381,2038900,78,37,41
1710,21,381,2039000,28,11,17
1711,21,381,2039100,178,97,81
1712,21,381,2039200,34,18,16
1713,21,381,2039300,1113,564,549
1714,21,381,2039400,730,380,350
1715,21,381,2039500,729,374,355
1716,21,381,2039600,831,423,408
1717,21,381,2039700,464,236,228
1718,21,381,2039800,249,123,126
1719,21,381,2039900,804,418,386
1720,21,381,2040000,0,0,0
1721,21,381,2040100,320,178,142
1722,21,381,2040200,384,184,200
1723,21,381,2040300,1650,857,793
1724,21,381,2040400,564,312,252
1725,21,381,2040500,40,25,15
1726,21,381,2040600,66,34,32
1727,21,381,2040700,0,0,0
1728,21,381,2040800,395,191,204
1729,21,381,2040900,711,380,331
1730,21,381,2041000,332,162,170
1731,21,381,2041100,1398,725,673
1732,21,381,2041200,1081,573,508
1733,21,381,2041300,0,0,0
1734,21,381,2041400,896,464,432
1735,21,381,2041500,435,222,213
1736,21,381,2041600,1962,1035,927
1737,21,381,2041700,397,214,183
1738,21,381,2041800,613,313,300
1739,21,381,2041900,998,506,492
1740,21,381,2042000,455,240,215
1741,21,381,2042100,641,327,314
1742,21,381,2042200,121,57,64
1743,21,381,2042300,1038,526,512
1744,21,381,2042400,216,113,103
1745,21,381,2042500,290,157,133
1746,21,381,2042600,2102,1106,996
1747,21,381,2042700,952,493,459
1748,21,381,2042800,135,69,66
1749,21,381,2042900,1303,683,620
1750,21,381,2043000,0,0,0
1751,21,381,2043100,328,168,160
1752,21,381,2043200,633,330,303
1753,21,381,2043300,155,74,81
1754,21,381,2043400,613,315,298
1755,21,381,2043500,182,97,85
1756,21,381,2043600,478,242,236
1757,21,381,2043700,1424,734,690
1758,21,381,2043800,871,455,416
1759,21,381,2043900,231,156,75
1760,21,381,2044000,0,0,0
1761,21,381,2044100,626,331,295
1762,21,381,2044200,629,339,290
1763,21,381,2044300,2221,1121,1100
1764,21,381,2044400,0,0,0
1765,21,381,2044500,2176,1135,1041
1766,21,381,2044600,712,376,336
1767,21,381,2044700,1231,657,574
1768,21,381,2044800,757,384,373
1769,21,381,2044900,0,0,0
1770,21,381,2045000,92,48,44
1771,21,381,2045100,271,135,136
1772,21,381,2045200,805,414,391
1773,21,381,2045300,287,143,144
1774,21,381,2045400,1735,860,875
1775,21,381,2045500,758,385,373
1776,21,381,2045600,1920,980,940
1777,21,381,2045700,449,220,229
1778,21,381,2045800,0,0,0
1779,21,381,2045900,0,0,0
1780,21,381,2046000,188,96,92
1781,21,381,2046100,232,113,119
1782,21,381,2046200,366,173,193
1783,21,381,2046300,464,243,221
1784,21,381,2046400,361,175,186
1785,21,381,2046500,0,0,0
1786,21,381,2046600,168,82,86
1787,21,381,2046700,1326,594,732
1788,21,381,2046800,625,317,308
1789,21,381,2046900,1913,976,937
1790,21,381,2047000,249,125,124
1791,21,381,2047100,448,235,213
1792,21,381,2047200,491,251,240
1793,21,381,2047300,689,323,366
1794,21,381,2047400,607,307,300
1795,21,381,2047500,355,171,184
1796,21,381,2047600,1007,525,482
1797,21,381,2047700,0,0,0
1798,21,381,2047800,114,63,51
1799,21,381,2047900,478,237,241
1800,21,381,2048000,1113,592,521
1801,21,381,2048100,63,36,27
1802,21,381,2048200,180,90,90
1803,21,381,2048300,399,192,207
1804,21,381,2048400,468,235,233
1805,21,381,2048500,318,161,157
1806,21,381,2048600,869,449,420
1807,21,381,2048700,0,0,0
1808,21,381,2048800,1260,627,633
1809,21,381,2048900,0,0,0
1810,21,381,2049000,621,303,318
1811,21,381,2049100,1649,814,835
1812,21,381,2049200,489,249,240
1813,21,381,2049300,0,0,0
1814,21,381,2049400,0,0,0
1815,21,381,2049500,0,0,0
1816,21,381,2049600,181,99,82
1817,21,381,2049700,157,85,72
1818,21,381,2049800,363,175,188
1819,21,381,2049900,7,5,2
1820,21,381,2050000,255,121,134
1821,21,381,2050100,1283,664,619
1822,21,381,2050200,444,217,227
1823,21,381,2050300,873,450,423
1824,21,381,2050400,333,167,166
1825,21,381,2050500,1430,689,741
1826,21,381,2050600,915,442,473
1827,21,381,2050700,207,101,106
1828,21,381,2050800,1689,849,840
1829,21,381,2050900,495,268,227
1830,21,381,2051000,142,72,70
1831,21,381,2051100,1027,526,501
1832,21,381,2051200,258,128,130
1833,21,381,2051300,374,201,173
1834,21,381,2051400,650,333,317
1835,21,381,2051500,71,34,37
1836,21,381,2051600,242,126,116
1837,21,381,2051700,113,46,67
1838,21,381,2051800,1205,632,573
1839,21,381,2051900,890,444,446
1840,21,381,2052000,1612,790,822
1841,21,381,2052100,178,85,93
1842,21,381,2052200,372,188,184
1843,21,381,2052300,1143,590,553
1844,21,381,2052400,1160,593,567
1845,21,381,2052500,946,462,484
1846,21,381,2052600,76,38,38
1847,21,381,2052700,87,49,38
1848,21,381,2052800,364,202,162
1849,21,381,2052900,616,321,295
1850,21,381,2053000,453,218,235
1851,21,381,2053100,832,418,414
1852,21,381,2053200,135,71,64
1853,21,381,2053300,532,270,262
1854,21,381,2053400,216,103,113
1855,21,381,2053500,92,47,45
1856,21,381,2053600,202,105,97
1857,21,381,2053700,173,93,80
1858,21,381,2053800,186,94,92
1859,21,381,2053900,265,138,127
1860,21,381,2054000,85,41,44
1861,21,381,2054100,63,23,40
1862,21,381,2054200,253,130,123
1863,21,381,2054300,1058,539,519
1864,21,381,2054400,0,0,0
1865,21,381,2054500,0,0,0
1866,21,381,2054600,92,45,47
1867,21,381,2054700,167,84,83
1868,21,381,2054800,130,65,65
1869,21,381,2054900,527,259,268
1870,21,381,2055000,10,6,4
1871,21,381,2055100,228,121,107
1872,21,381,2055200,564,259,305
1873,21,381,2055300,856,448,408
1874,21,381,2055400,113,52,61
1875,21,381,2055500,225,120,105
1876,21,381,2055600,183,98,85
1877,21,381,2055700,274,146,128
1878,21,381,2055800,365,191,174
1879,21,381,2055900,1391,712,679
1880,21,381,2056000,63,36,27
1881,21,381,2056100,203,100,103
1882,21,381,2056200,72,38,34
1883,21,381,2056300,3252,1692,1560
1884,21,381,2056400,674,361,313
1885,21,381,2056500,178,92,86
1886,21,381,2056600,363,186,177
1887,21,381,2056700,311,172,139
1888,21,381,2056800,250,144,106
1889,21,381,2056900,1102,554,548
1890,21,381,2057000,28,13,15
1891,21,381,2057100,0,0,0
1892,21,381,2057200,165,91,74
1893,21,381,2057300,298,157,141
1894,21,381,2057400,0,0,0
1895,21,381,2057500,18,9,9
1896,21,381,2057600,137,61,76
1897,21,381,2057700,214,121,93
1898,21,381,2057800,51,26,25
1899,21,381,2057900,73,38,35
1900,21,381,2058000,215,113,102
1901,21,381,2058100,16,8,8
1902,21,381,2058200,25,13,12
1903,21,381,2058300,210,107,103
1904,21,381,2058400,74,38,36
1905,21,381,2058500,94,50,44
1906,21,381,2058600,525,264,261
1907,21,381,2058700,650,320,330
1908,21,381,2058800,146,75,71
1909,21,381,2058900,190,98,92
1910,21,381,2059000,6,3,3
1911,21,381,2059100,21,11,10
1912,21,381,2059200,1081,554,527
1913,21,381,2059300,126,63,63
1914,21,381,2059400,45,22,23
1915,21,381,2059500,77,45,32
1916,21,381,2059600,88,43,45
1917,21,381,2059700,61,30,31
1918,21,381,2059800,497,245,252
1919,21,381,2059900,2621,1356,1265
1920,21,381,2060000,214,124,90
1921,21,381,2060100,180,99,81
1922,21,381,2060200,210,106,104
1923,21,381,2060300,574,301,273
1924,21,381,2060400,407,200,207
1925,21,381,2060500,2203,1160,1043
1926,21,381,2060600,48,25,23
1927,21,381,2060700,55,27,28
1928,21,381,2060800,978,514,464
1929,21,381,2060900,230,119,111
1930,21,381,2061000,879,448,431
1931,21,381,2061100,378,191,187
1932,21,381,2061200,25,14,11
1933,21,381,2061300,371,197,174
1934,21,381,2061400,0,0,0
1935,21,381,2061500,800,414,386
1936,21,381,2061600,261,135,126
1937,21,381,2061700,78,48,30
1938,21,381,2061800,278,148,130
1939,21,381,2061900,220,120,100
1940,21,381,2062000,967,515,452
1941,21,381,2062100,322,171,151
1942,21,381,2062200,1140,590,550
1943,21,381,2062300,425,232,193
1944,21,381,2062400,365,185,180
1945,21,381,2062500,806,401,405
1946,21,381,2062600,600,312,288
1947,21,381,2062700,175,92,83
1948,21,381,2062800,328,163,165
1949,21,381,2062900,636,305,331
