,Statecode,Districtcode,VillageCode,Population,Males,Females
0,21,390,3532500,147,76,71
1,21,390,3532600,93,52,41
2,21,390,3532700,213,99,114
3,21,390,3532800,40,19,21
4,21,390,3532900,143,67,76
5,21,390,3533000,104,48,56
6,21,390,3533100,79,39,40
7,21,390,3533200,42,18,24
8,21,390,3533300,36,18,18
9,21,390,3533400,42,18,24
10,21,390,3533500,62,28,34
11,21,390,3533600,20,12,8
12,21,390,3533700,26,15,11
13,21,390,3533800,49,24,25
14,21,390,3533900,0,0,0
15,21,390,3534000,116,64,52
16,21,390,3534100,39,19,20
17,21,390,3534200,169,89,80
18,21,390,3534300,214,119,95
19,21,390,3534400,352,169,183
20,21,390,3534500,42,20,22
21,21,390,3534600,26,16,10
22,21,390,3534700,145,64,81
23,21,390,3534800,394,194,200
24,21,390,3534900,88,46,42
25,21,390,3535000,193,82,111
26,21,390,3535100,88,41,47
27,21,390,3535200,244,121,123
28,21,390,3535300,81,39,42
29,21,390,3535400,279,134,145
30,21,390,3535500,48,23,25
31,21,390,3535600,24,11,13
32,21,390,3535700,20,12,8
33,21,390,3535800,117,56,61
34,21,390,3535900,29,16,13
35,21,390,3536000,261,131,130
36,21,390,3536100,149,76,73
37,21,390,3536200,23,12,11
38,21,390,3536300,143,74,69
39,21,390,3536400,0,0,0
40,21,390,3536500,406,179,227
41,21,390,3536600,79,40,39
42,21,390,3536700,100,49,51
43,21,390,3536800,217,110,107
44,21,390,3536900,482,228,254
45,21,390,3537000,649,326,323
46,21,390,3537100,195,97,98
47,21,390,3537200,1529,741,788
48,21,390,3537300,383,165,218
49,21,390,3537400,116,50,66
50,21,390,3537500,105,55,50
51,21,390,3537600,282,162,120
52,21,390,3537700,177,85,92
53,21,390,3537800,24,13,11
54,21,390,3537900,9,5,4
55,21,390,3538000,123,65,58
56,21,390,3538100,39,21,18
57,21,390,3538200,67,32,35
58,21,390,3538300,184,84,100
59,21,390,3538400,10,3,7
60,21,390,3538500,0,0,0
61,21,390,3538600,123,61,62
62,21,390,3538700,46,21,25
63,21,390,3538800,92,49,43
64,21,390,3538900,21,12,9
65,21,390,3539000,65,24,41
66,21,390,3539100,20,9,11
67,21,390,3539200,16,9,7
68,21,390,3539300,389,194,195
69,21,390,3539400,790,364,426
70,21,390,3539500,72,35,37
71,21,390,3539600,235,106,129
72,21,390,3539700,52,22,30
73,21,390,3539800,59,33,26
74,21,390,3539900,45,23,22
75,21,390,3540000,55,28,27
76,21,390,3540100,115,58,57
77,21,390,3540200,201,95,106
78,21,390,3540300,0,0,0
79,21,390,3540400,260,141,119
80,21,390,3540500,55,21,34
81,21,390,3540600,176,93,83
82,21,390,3540700,135,67,68
83,21,390,3540800,46,20,26
84,21,390,3540900,88,38,50
85,21,390,3541000,178,91,87
86,21,390,3541100,92,52,40
87,21,390,3541200,15,9,6
88,21,390,3541300,476,220,256
89,21,390,3541400,38,21,17
90,21,390,3541500,186,100,86
91,21,390,3541600,152,82,70
92,21,390,3541700,230,115,115
93,21,390,3541800,163,75,88
94,21,390,3541900,32,15,17
95,21,390,3542000,18,7,11
96,21,390,3542100,100,47,53
97,21,390,3542200,20,9,11
98,21,390,3542300,78,36,42
99,21,390,3542400,175,97,78
100,21,390,3542500,133,59,74
101,21,390,3542600,19,7,12
102,21,390,3542700,10,3,7
103,21,390,3542800,187,97,90
104,21,390,3542900,56,31,25
105,21,390,3543000,109,50,59
106,21,390,3543100,242,110,132
107,21,390,3543200,380,192,188
108,21,390,3543300,114,57,57
109,21,390,3543400,109,56,53
110,21,390,3543500,324,163,161
111,21,390,3543600,45,24,21
112,21,390,3543700,20,11,9
113,21,390,3543800,62,31,31
114,21,390,3543900,119,57,62
115,21,390,3544000,117,52,65
116,21,390,3544100,52,29,23
117,21,390,3544200,15,3,12
118,21,390,3544300,237,118,119
119,21,390,3544400,16,6,10
120,21,390,3544500,640,305,335
121,21,390,3544600,82,37,45
122,21,390,3544700,0,0,0
123,21,390,3544800,398,196,202
124,21,390,3544900,160,89,71
125,21,390,3545000,44,23,21
126,21,390,3545100,522,269,253
127,21,390,3545200,1672,922,750
128,21,390,3545300,104,57,47
129,21,390,3545400,113,57,56
130,21,390,3545500,184,95,89
131,21,390,3545600,9,4,5
132,21,390,3545700,13,5,8
133,21,390,3545800,21,12,9
134,21,390,3545900,62,30,32
135,21,390,3546000,0,0,0
136,21,390,3546100,321,157,164
137,21,390,3546200,88,37,51
138,21,390,3546300,211,109,102
139,21,390,3546400,102,50,52
140,21,390,3546500,101,44,57
141,21,390,3546600,186,87,99
142,21,390,3546700,333,162,171
143,21,390,3546800,85,46,39
144,21,390,3546900,0,0,0
145,21,390,3547000,32,15,17
146,21,390,3547100,36,19,17
147,21,390,3547200,79,37,42
148,21,390,3547300,170,83,87
149,21,390,3547400,6,1,5
150,21,390,3547500,7,3,4
151,21,390,3547600,123,56,67
152,21,390,3547700,558,264,294
153,21,390,3547800,381,200,181
154,21,390,3547900,132,63,69
155,21,390,3548000,316,170,146
156,21,390,3548100,271,133,138
157,21,390,3548200,32,20,12
158,21,390,3548300,37,19,18
159,21,390,3548400,42,18,24
160,21,390,3548500,243,119,124
161,21,390,3548600,196,96,100
162,21,390,3548700,142,66,76
163,21,390,3548800,88,38,50
164,21,390,3548900,254,128,126
165,21,390,3549000,0,0,0
166,21,390,3549100,39,21,18
167,21,390,3549200,210,101,109
168,21,390,3549300,270,122,148
169,21,390,3549400,33,15,18
170,21,390,3549500,183,99,84
171,21,390,3549600,29,16,13
172,21,390,3549700,130,57,73
173,21,390,3549800,12,6,6
174,21,390,3549900,131,68,63
175,21,390,3550000,68,37,31
176,21,390,3550100,29,14,15
177,21,390,3550200,202,100,102
178,21,390,3550300,197,114,83
179,21,390,3550400,48,22,26
180,21,390,3550500,243,102,141
181,21,390,3550600,133,55,78
182,21,390,3550700,115,55,60
183,21,390,3550800,50,23,27
184,21,390,3550900,16,7,9
185,21,390,3551000,0,0,0
186,21,390,3551100,99,47,52
187,21,390,3551200,204,100,104
188,21,390,3551300,204,99,105
189,21,390,3551400,28,12,16
190,21,390,3551500,680,393,287
191,21,390,3551600,109,58,51
192,21,390,3551700,199,97,102
193,21,390,3551800,93,47,46
194,21,390,3551900,13,4,9
195,21,390,3552000,192,93,99
196,21,390,3552100,273,131,142
197,21,390,3552200,14,9,5
198,21,390,3552300,79,35,44
199,21,390,3552400,141,70,71
200,21,390,3552500,507,255,252
201,21,390,3552600,633,301,332
202,21,390,3552700,249,104,145
203,21,390,3552800,285,136,149
204,21,390,3552900,44,19,25
205,21,390,3553000,7,2,5
206,21,390,3553100,305,152,153
207,21,390,3553200,45,21,24
208,21,390,3553300,0,0,0
209,21,390,3553400,130,67,63
210,21,390,3553500,368,194,174
211,21,390,3553600,13,5,8
212,21,390,3553700,231,115,116
213,21,390,3553800,54,31,23
214,21,390,3553900,76,37,39
215,21,390,3554000,226,116,110
216,21,390,3554100,161,78,83
217,21,390,3554200,64,35,29
218,21,390,3554300,142,80,62
219,21,390,3554400,0,0,0
220,21,390,3554500,47,28,19
221,21,390,3554600,12,7,5
222,21,390,3554700,436,199,237
223,21,390,3554800,265,126,139
224,21,390,3554900,118,54,64
225,21,390,3555000,16,7,9
226,21,390,3555100,0,0,0
227,21,390,3555200,98,53,45
228,21,390,3555300,42,20,22
229,21,390,3555400,53,29,24
230,21,390,3555500,31,18,13
231,21,390,3555600,41,21,20
232,21,390,3555700,45,19,26
233,21,390,3555800,10,4,6
234,21,390,3555900,49,27,22
235,21,390,3556000,10,5,5
236,21,390,3556100,475,261,214
237,21,390,3556200,11,4,7
238,21,390,3556300,107,54,53
239,21,390,3556400,59,29,30
240,21,390,3556500,218,108,110
241,21,390,3556600,263,131,132
242,21,390,3556700,5,2,3
243,21,390,3556800,54,31,23
244,21,390,3556900,13,6,7
245,21,390,3557000,56,23,33
246,21,390,3557100,107,55,52
247,21,390,3557200,52,26,26
248,21,390,3557300,368,209,159
249,21,390,3557400,18,7,11
250,21,390,3557500,63,29,34
251,21,390,3557600,19,11,8
252,21,390,3557700,192,92,100
253,21,390,3557800,229,130,99
254,21,390,3557900,135,59,76
255,21,390,3558000,147,75,72
256,21,390,3558100,9,4,5
257,21,390,3558200,45,20,25
258,21,390,3558300,286,142,144
259,21,390,3558400,0,0,0
260,21,390,3558500,42,23,19
261,21,390,3558600,63,26,37
262,21,390,3558700,65,37,28
263,21,390,3558800,0,0,0
264,21,390,3558900,33,13,20
265,21,390,3559000,42,21,21
266,21,390,3559100,147,70,77
267,21,390,3559200,10,4,6
268,21,390,3559300,62,30,32
269,21,390,3559400,48,24,24
270,21,390,3559500,444,219,225
271,21,390,3559600,117,46,71
272,21,390,3559700,188,87,101
273,21,390,3559800,147,76,71
274,21,390,3559900,42,18,24
275,21,390,3560000,14,3,11
276,21,390,3560100,71,33,38
277,21,390,3560200,11,5,6
278,21,390,3560300,81,45,36
279,21,390,3560400,55,23,32
280,21,390,3560500,48,23,25
281,21,390,3560600,143,72,71
282,21,390,3560700,58,31,27
283,21,390,3560800,20,10,10
284,21,390,3560900,110,55,55
285,21,390,3561000,421,217,204
286,21,390,3561100,186,88,98
287,21,390,3561200,21,12,9
288,21,390,3561300,113,57,56
289,21,390,3561400,58,26,32
290,21,390,3561500,497,260,237
291,21,390,3561600,143,70,73
292,21,390,3561700,110,57,53
293,21,390,3561800,20,7,13
294,21,390,3561900,11,5,6
295,21,390,3562000,0,0,0
296,21,390,3562100,238,119,119
297,21,390,3562200,0,0,0
298,21,390,3562300,193,82,111
299,21,390,3562400,37,11,26
300,21,390,3562500,191,102,89
301,21,390,3562600,801,420,381
302,21,390,3562700,220,109,111
303,21,390,3562800,45,15,30
304,21,390,3562900,10,5,5
305,21,390,3563000,26,10,16
306,21,390,3563100,41,19,22
307,21,390,3563200,286,139,147
308,21,390,3563300,110,47,63
309,21,390,3563400,352,199,153
310,21,390,3563500,33,18,15
311,21,390,3563600,111,57,54
312,21,390,3563700,68,32,36
313,21,390,3563800,61,33,28
314,21,390,3563900,101,55,46
315,21,390,3564000,49,22,27
316,21,390,3564100,11,4,7
317,21,390,3564200,75,37,38
318,21,390,3564300,52,23,29
319,21,390,3564400,246,114,132
320,21,390,3564500,22,9,13
321,21,390,3564600,161,82,79
322,21,390,3564700,249,119,130
323,21,390,3564800,170,80,90
324,21,390,3564900,76,41,35
325,21,390,3565000,0,0,0
326,21,390,3565100,97,52,45
327,21,390,3565200,74,35,39
328,21,390,3565300,22,9,13
329,21,390,3565400,144,71,73
330,21,390,3565500,74,41,33
331,21,390,3565600,13,7,6
332,21,390,3565700,506,255,251
333,21,390,3565800,0,0,0
334,21,390,3565900,93,46,47
335,21,390,3566000,232,117,115
336,21,390,3566100,105,47,58
337,21,390,3566200,289,200,89
338,21,390,3566300,7,4,3
339,21,390,3566400,28,12,16
340,21,390,3566500,685,351,334
341,21,390,3566600,11,7,4
342,21,390,3566700,35,18,17
343,21,390,3566800,594,296,298
344,21,390,3566900,31,19,12
345,21,390,3567000,137,56,81
346,21,390,3567100,123,56,67
347,21,390,3567200,283,162,121
348,21,390,3567300,282,142,140
349,21,390,3567400,732,446,286
350,21,390,3567500,230,124,106
351,21,390,3567600,934,507,427
352,21,390,3567700,64,32,32
353,21,390,3567800,265,135,130
354,21,390,3567900,85,32,53
355,21,390,3568000,128,57,71
356,21,390,3568100,528,262,266
357,21,390,3568200,0,0,0
358,21,390,3568300,206,102,104
359,21,390,3568400,169,80,89
360,21,390,3568500,116,55,61
361,21,390,3568600,131,70,61
362,21,390,3568700,192,95,97
363,21,390,3568800,7,2,5
364,21,390,3568900,176,79,97
365,21,390,3569000,27,11,16
366,21,390,3569100,10,3,7
367,21,390,3569200,57,20,37
368,21,390,3569300,52,24,28
369,21,390,3569400,458,257,201
370,21,390,3569500,124,59,65
371,21,390,3569600,80,41,39
372,21,390,3569700,149,71,78
373,21,390,3569800,64,29,35
374,21,390,3569900,20,10,10
375,21,390,3570000,137,65,72
376,21,390,3570100,15,9,6
377,21,390,3570200,137,65,72
378,21,390,3570300,52,26,26
379,21,390,3570400,61,27,34
380,21,390,3570500,65,31,34
381,21,390,3570600,84,41,43
382,21,390,3570700,223,100,123
383,21,390,3570800,130,66,64
384,21,390,3570900,183,81,102
385,21,390,3571000,648,338,310
386,21,390,3571100,167,88,79
387,21,390,3571200,277,145,132
388,21,390,3571300,237,124,113
389,21,390,3571400,105,49,56
390,21,390,3571500,104,58,46
391,21,390,3571600,92,52,40
392,21,390,3571700,104,52,52
393,21,390,3571800,0,0,0
394,21,390,3571900,13,5,8
395,21,390,3572000,456,222,234
396,21,390,3572100,74,42,32
397,21,390,3572200,154,72,82
398,21,390,3572300,109,56,53
399,21,390,3572400,231,111,120
400,21,390,3572500,515,245,270
401,21,390,3572600,289,150,139
402,21,390,3572700,1157,586,571
403,21,390,3572800,286,148,138
404,21,390,3572900,16,6,10
405,21,390,3573000,113,55,58
406,21,390,3573100,0,0,0
407,21,390,3573200,251,121,130
408,21,390,3573300,596,301,295
409,21,390,3573400,230,117,113
410,21,390,3573500,227,105,122
411,21,390,3573600,194,100,94
412,21,390,3573700,843,321,522
413,21,390,3573800,108,46,62
414,21,390,3573900,152,82,70
415,21,390,3574000,148,71,77
416,21,390,3574100,33,13,20
417,21,390,3574200,84,41,43
418,21,390,3574300,83,41,42
419,21,390,3574400,590,291,299
420,21,390,3574500,0,0,0
421,21,390,3574600,46,23,23
422,21,390,3574700,292,217,75
423,21,390,3574800,408,196,212
424,21,390,3574900,38,20,18
425,21,390,3575000,404,202,202
426,21,390,3575100,128,66,62
427,21,390,3575200,93,39,54
428,21,390,3575300,149,66,83
429,21,390,3575400,257,126,131
430,21,390,3575500,11,3,8
431,21,390,3575600,230,110,120
432,21,390,3575700,115,55,60
433,21,390,3575800,58,28,30
434,21,390,3575900,486,239,247
435,21,390,3576000,324,159,165
436,21,390,3576100,20,12,8
437,21,390,3576200,377,177,200
438,21,390,3576300,118,66,52
439,21,390,3576400,366,188,178
440,21,390,3576500,633,334,299
441,21,390,3576600,122,64,58
442,21,390,3576700,294,153,141
443,21,390,3576800,318,156,162
444,21,390,3576900,204,95,109
445,21,390,3577000,84,45,39
446,21,390,3577100,122,61,61
447,21,390,3577200,252,122,130
448,21,390,3577300,121,58,63
449,21,390,3577400,56,22,34
450,21,390,3577500,741,350,391
451,21,390,3577600,61,33,28
452,21,390,3577700,29,15,14
453,21,390,3577800,206,98,108
454,21,390,3577900,196,100,96
455,21,390,3578000,160,82,78
456,21,390,3578100,29,18,11
457,21,390,3578200,47,20,27
458,21,390,3578300,114,55,59
459,21,390,3578400,66,33,33
460,21,390,3578500,113,61,52
461,21,390,3578600,168,78,90
462,21,390,3578700,212,119,93
463,21,390,3578800,262,133,129
464,21,390,3578900,0,0,0
465,21,390,3579000,278,134,144
466,21,390,3579100,78,40,38
467,21,390,3579200,149,65,84
468,21,390,3579300,386,179,207
469,21,390,3579400,132,72,60
470,21,390,3579500,275,141,134
471,21,390,3579600,1289,639,650
472,21,390,3579700,275,131,144
473,21,390,3579800,282,169,113
474,21,390,3579900,472,239,233
475,21,390,3580000,114,84,30
476,21,390,3580100,183,85,98
477,21,390,3580200,248,106,142
478,21,390,3580300,157,87,70
479,21,390,3580400,697,357,340
480,21,390,3580500,66,33,33
481,21,390,3580600,106,52,54
482,21,390,3580700,65,33,32
483,21,390,3580800,116,49,67
484,21,390,3580900,28,15,13
485,21,390,3581000,52,27,25
486,21,390,3581100,53,23,30
487,21,390,3581200,340,160,180
488,21,390,3581300,24,13,11
489,21,390,3581400,211,104,107
490,21,390,3581500,369,186,183
491,21,390,3581600,63,32,31
492,21,390,3581700,0,0,0
493,21,390,3581800,27,15,12
494,21,390,3581900,123,74,49
495,21,390,3582000,98,42,56
496,21,390,3582100,64,37,27
497,21,390,3582200,65,35,30
498,21,390,3582300,864,419,445
499,21,390,3582400,5,3,2
500,21,390,3582500,394,195,199
501,21,390,3582600,100,48,52
502,21,390,3582700,339,167,172
503,21,390,3582800,611,279,332
504,21,390,3582900,24,11,13
505,21,390,3583000,122,64,58
506,21,390,3583100,115,54,61
507,21,390,3583200,33,15,18
508,21,390,3583300,297,137,160
509,21,390,3583400,499,316,183
510,21,390,3583500,104,56,48
511,21,390,3583600,78,35,43
512,21,390,3583700,1199,589,610
513,21,390,3583800,83,35,48
514,21,390,3583900,313,157,156
515,21,390,3584000,196,115,81
516,21,390,3584100,95,39,56
517,21,390,3584200,197,97,100
518,21,390,3584300,253,140,113
519,21,390,3584400,352,163,189
520,21,390,3584500,201,102,99
521,21,390,3584600,14,9,5
522,21,390,3584700,6,2,4
523,21,390,3584800,1283,648,635
524,21,390,3584900,39,19,20
525,21,390,3585000,210,101,109
526,21,390,3585100,297,111,186
527,21,390,3585200,851,434,417
528,21,390,3585300,173,79,94
529,21,390,3585400,592,321,271
530,21,390,3585500,161,72,89
531,21,390,3585600,131,61,70
532,21,390,3585700,109,53,56
533,21,390,3585800,85,40,45
534,21,390,3585900,268,128,140
535,21,390,3586000,121,62,59
536,21,390,3586100,502,251,251
537,21,390,3586200,157,75,82
538,21,390,3586300,352,167,185
539,21,390,3586400,318,194,124
540,21,390,3586500,225,116,109
541,21,390,3586600,205,95,110
542,21,390,3586700,16,10,6
543,21,390,3586800,999,493,506
544,21,390,3586900,57,26,31
545,21,390,3587000,390,180,210
546,21,390,3587100,118,58,60
547,21,390,3587200,245,123,122
548,21,390,3587300,540,260,280
549,21,390,3587400,357,176,181
550,21,390,3587500,61,30,31
551,21,390,3587600,39,16,23
552,21,390,3587700,398,197,201
553,21,390,3587800,5,2,3
554,21,390,3587900,0,0,0
555,21,390,3588000,101,53,48
556,21,390,3588100,73,36,37
557,21,390,3588200,111,49,62
558,21,390,3588300,206,130,76
559,21,390,3588400,0,0,0
560,21,390,3588500,30,12,18
561,21,390,3588600,226,99,127
562,21,390,3588700,42,18,24
563,21,390,3588800,514,266,248
564,21,390,3588900,137,70,67
565,21,390,3589000,537,255,282
566,21,390,3589100,157,76,81
567,21,390,3589200,3684,1852,1832
568,21,390,3589300,161,79,82
569,21,390,3589400,307,154,153
570,21,390,3589500,134,65,69
571,21,390,3589600,133,74,59
572,21,390,3589700,196,105,91
573,21,390,3589800,315,149,166
574,21,390,3589900,926,465,461
575,21,390,3590000,497,261,236
576,21,390,3590100,592,292,300
577,21,390,3590200,127,59,68
578,21,390,3590300,68,31,37
579,21,390,3590400,815,438,377
580,21,390,3590500,179,95,84
581,21,390,3590600,92,41,51
582,21,390,3590700,154,70,84
583,21,390,3590800,308,159,149
584,21,390,3590900,427,205,222
585,21,390,3591000,97,48,49
586,21,390,3591100,442,220,222
587,21,390,3591200,347,165,182
588,21,390,3591300,527,244,283
589,21,390,3591400,332,162,170
590,21,390,3591500,506,258,248
591,21,390,3591600,443,226,217
592,21,390,3591700,368,167,201
593,21,390,3591800,0,0,0
594,21,390,3591900,221,110,111
595,21,390,3592000,26,12,14
596,21,390,3592100,171,85,86
597,21,390,3592200,115,54,61
598,21,390,3592300,231,123,108
599,21,390,3592400,223,108,115
600,21,390,3592500,104,47,57
601,21,390,3592600,169,100,69
602,21,390,3592700,95,48,47
603,21,390,3592800,142,83,59
604,21,390,3592900,281,143,138
605,21,390,3593000,72,38,34
606,21,390,3593100,286,150,136
607,21,390,3593200,210,104,106
608,21,390,3593300,18,9,9
609,21,390,3593400,137,63,74
610,21,390,3593500,130,55,75
611,21,390,3593600,542,364,178
612,21,390,3593700,102,48,54
613,21,390,3593800,16,10,6
614,21,390,3593900,130,66,64
615,21,390,3594000,47,27,20
616,21,390,3594100,232,110,122
617,21,390,3594200,180,87,93
618,21,390,3594300,52,19,33
619,21,390,3594400,1034,515,519
620,21,390,3594500,203,99,104
621,21,390,3594600,14,7,7
622,21,390,3594700,247,123,124
623,21,390,3594800,49,22,27
624,21,390,3594900,0,0,0
625,21,390,3595000,46,20,26
626,21,390,3595100,442,231,211
627,21,390,3595200,331,174,157
628,21,390,3595300,425,206,219
629,21,390,3595400,92,47,45
630,21,390,3595500,1304,659,645
631,21,390,3595600,182,107,75
632,21,390,3595700,153,80,73
633,21,390,3595800,130,67,63
634,21,390,3595900,579,280,299
635,21,390,3596000,304,175,129
636,21,390,3596100,221,105,116
637,21,390,3596200,257,130,127
638,21,390,3596300,68,33,35
639,21,390,3596400,137,66,71
640,21,390,3596500,427,208,219
641,21,390,3596600,10,4,6
642,21,390,3596700,275,144,131
643,21,390,3596800,87,30,57
644,21,390,3596900,135,62,73
645,21,390,3597000,6,3,3
646,21,390,3597100,90,39,51
647,21,390,3597200,58,28,30
648,21,390,3597300,651,337,314
649,21,390,3597400,271,135,136
650,21,390,3597500,542,278,264
651,21,390,3597600,157,82,75
652,21,390,3597700,35,18,17
653,21,390,3597800,184,83,101
654,21,390,3597900,88,44,44
655,21,390,3598000,55,28,27
656,21,390,3598100,193,83,110
657,21,390,3598200,635,330,305
658,21,390,3598300,136,73,63
659,21,390,3598400,1057,533,524
660,21,390,3598500,337,159,178
661,21,390,3598600,1416,708,708
662,21,390,3598700,551,295,256
663,21,390,3598800,240,118,122
664,21,390,3598900,157,72,85
665,21,390,3599000,113,56,57
666,21,390,3599100,79,42,37
667,21,390,3599200,657,327,330
668,21,390,3599300,615,283,332
669,21,390,3599400,596,318,278
670,21,390,3599500,114,54,60
671,21,390,3599600,148,66,82
672,21,390,3599700,149,70,79
673,21,390,3599800,0,0,0
674,21,390,3599900,117,55,62
675,21,390,3600000,193,93,100
676,21,390,3600100,484,243,241
677,21,390,3600200,0,0,0
678,21,390,3600300,294,153,141
679,21,390,3600400,968,480,488
680,21,390,3600500,360,178,182
681,21,390,3600600,496,238,258
682,21,390,3600700,235,114,121
683,21,390,3600800,160,87,73
684,21,390,3600900,655,334,321
685,21,390,3601000,546,270,276
686,21,390,3601100,295,133,162
687,21,390,3601200,225,116,109
688,21,390,3601300,160,76,84
689,21,390,3601400,381,192,189
690,21,390,3601500,709,349,360
691,21,390,3601600,232,106,126
692,21,390,3601700,2713,1409,1304
693,21,390,3601800,861,415,446
694,21,390,3601900,100,49,51
695,21,390,3602000,0,0,0
696,21,390,3602100,65,29,36
697,21,390,3602200,124,55,69
698,21,390,3602300,292,147,145
699,21,390,3602400,2197,1246,951
700,21,390,3602500,451,223,228
701,21,390,3602600,64,30,34
702,21,390,3602700,747,398,349
703,21,390,3602800,339,178,161
704,21,390,3602900,114,52,62
705,21,390,3603000,31,14,17
706,21,390,3603100,639,300,339
707,21,390,3603200,193,107,86
708,21,390,3603300,58,24,34
709,21,390,3603400,378,190,188
710,21,390,3603500,97,50,47
711,21,390,3603600,900,455,445
712,21,390,3603700,1351,653,698
713,21,390,3603800,271,131,140
714,21,390,3603900,93,44,49
715,21,390,3604000,218,101,117
716,21,390,3604100,0,0,0
717,21,390,3604200,0,0,0
718,21,390,3604300,153,76,77
719,21,390,3604400,5,3,2
720,21,390,3604500,38,19,19
721,21,390,3604600,527,260,267
722,21,390,3604700,0,0,0
723,21,390,3604800,0,0,0
724,21,390,3604900,46,23,23
725,21,390,3605000,507,260,247
726,21,390,3605100,370,187,183
727,21,390,3605200,70,37,33
728,21,390,3605300,11,4,7
729,21,390,3605400,22,12,10
730,21,390,3605500,174,83,91
731,21,390,3605600,7,3,4
732,21,390,3605700,0,0,0
733,21,390,3605800,369,170,199
734,21,390,3605900,14,5,9
735,21,390,3606000,228,118,110
736,21,390,3606100,0,0,0
737,21,390,3606200,0,0,0
738,21,390,3606300,154,81,73
739,21,390,3606400,38,19,19
740,21,390,3606500,41,21,20
741,21,390,3606600,12,9,3
742,21,390,3606700,57,27,30
743,21,390,3606800,151,75,76
744,21,390,3606900,52,26,26
745,21,390,3607000,16,7,9
746,21,390,3607100,4,2,2
747,21,390,3607200,16,6,10
748,21,390,3607300,109,54,55
749,21,390,3607400,84,40,44
750,21,390,3607500,0,0,0
751,21,390,3607600,49,20,29
752,21,390,3607700,28,12,16
753,21,390,3607800,89,48,41
754,21,390,3607900,0,0,0
755,21,390,3608000,183,90,93
756,21,390,3608100,71,30,41
757,21,390,3608200,18,9,9
758,21,390,3608300,158,83,75
759,21,390,3608400,5,2,3
760,21,390,3608500,348,185,163
761,21,390,3608600,136,76,60
762,21,390,3608700,203,97,106
763,21,390,3608800,187,87,100
764,21,390,3608900,1305,667,638
765,21,390,3609000,592,313,279
766,21,390,3609100,0,0,0
767,21,390,3609200,99,52,47
768,21,390,3609300,0,0,0
769,21,390,3609400,0,0,0
770,21,390,3609500,0,0,0
771,21,390,3609600,6,4,2
772,21,390,3609700,1532,814,718
773,21,390,3609800,1843,893,950
774,21,390,3609900,217,99,118
775,21,390,3610000,0,0,0
776,21,390,3610100,81,35,46
777,21,390,3610200,58,32,26
778,21,390,3610300,0,0,0
779,21,390,3610400,107,50,57
780,21,390,3610500,549,243,306
781,21,390,3610600,143,76,67
782,21,390,3610700,135,63,72
783,21,390,3610800,363,165,198
784,21,390,3610900,623,306,317
785,21,390,3611000,955,478,477
786,21,390,3611100,669,315,354
787,21,390,3611200,430,220,210
788,21,390,3611300,478,239,239
789,21,390,3611400,74,36,38
790,21,390,3611500,540,264,276
791,21,390,3611600,487,239,248
792,21,390,3611700,360,167,193
793,21,390,3611800,349,171,178
794,21,390,3611900,238,117,121
795,21,390,3612000,185,91,94
796,21,390,3612100,481,246,235
797,21,390,3612200,538,269,269
798,21,390,3612300,1146,580,566
799,21,390,3612400,529,235,294
800,21,390,3612500,642,295,347
801,21,390,3612600,363,170,193
802,21,390,3612700,277,139,138
803,21,390,3612800,254,151,103
804,21,390,3612900,137,68,69
805,21,390,3613000,187,90,97
806,21,390,3613100,132,68,64
807,21,390,3613200,308,148,160
808,21,390,3613300,778,391,387
809,21,390,3613400,399,195,204
810,21,390,3613500,206,106,100
811,21,390,3613600,739,348,391
812,21,390,3613700,119,59,60
813,21,390,3613800,736,366,370
814,21,390,3613900,161,81,80
815,21,390,3614000,886,401,485
816,21,390,3614100,532,244,288
817,21,390,3614200,378,173,205
818,21,390,3614300,750,361,389
819,21,390,3614400,368,206,162
820,21,390,3614500,386,184,202
821,21,390,3614600,450,200,250
822,21,390,3614700,111,56,55
823,21,390,3614800,642,334,308
824,21,390,3614900,708,343,365
825,21,390,3615000,966,499,467
826,21,390,3615100,637,280,357
827,21,390,3615200,192,83,109
828,21,390,3615300,789,363,426
829,21,390,3615400,314,153,161
830,21,390,3615500,287,145,142
831,21,390,3615600,58,23,35
832,21,390,3615700,511,252,259
833,21,390,3615800,271,140,131
834,21,390,3615900,1187,567,620
835,21,390,3616000,91,40,51
836,21,390,3616100,553,251,302
837,21,390,3616200,281,127,154
838,21,390,3616300,271,121,150
839,21,390,3616400,312,153,159
840,21,390,3616500,150,78,72
841,21,390,3616600,41,19,22
842,21,390,3616700,0,0,0
843,21,390,3616800,12,4,8
844,21,390,3616900,53,23,30
845,21,390,3617000,74,40,34
846,21,390,3617100,252,125,127
847,21,390,3617200,247,115,132
848,21,390,3617300,36,21,15
849,21,390,3617400,136,71,65
850,21,390,3617500,185,90,95
851,21,390,3617600,72,40,32
852,21,390,3617700,204,96,108
853,21,390,3617800,167,88,79
854,21,390,3617900,104,54,50
855,21,390,3618000,47,19,28
856,21,390,3618100,85,38,47
857,21,390,3618200,158,81,77
858,21,390,3618300,67,35,32
859,21,390,3618400,1555,706,849
860,21,390,3618500,282,135,147
861,21,390,3618600,161,82,79
862,21,390,3618700,204,93,111
863,21,390,3618800,131,72,59
864,21,390,3618900,416,211,205
865,21,390,3619000,87,45,42
866,21,390,3619100,14,6,8
867,21,390,3619200,52,28,24
868,21,390,3619300,289,143,146
869,21,390,3619400,246,126,120
870,21,390,3619500,1227,634,593
871,21,390,3619600,143,72,71
872,21,390,3619700,161,82,79
873,21,390,3619800,0,0,0
874,21,390,3619900,142,76,66
875,21,390,3620000,373,208,165
876,21,390,3620100,433,204,229
877,21,390,3620200,98,54,44
878,21,390,3620300,114,57,57
879,21,390,3620400,182,91,91
880,21,390,3620500,66,30,36
881,21,390,3620600,398,186,212
882,21,390,3620700,125,57,68
883,21,390,3620800,206,107,99
884,21,390,3620900,114,55,59
885,21,390,3621000,497,261,236
886,21,390,3621100,619,307,312
887,21,390,3621200,342,168,174
888,21,390,3621300,237,113,124
889,21,390,3621400,106,42,64
890,21,390,3621500,210,107,103
891,21,390,3621600,696,342,354
892,21,390,3621700,152,74,78
893,21,390,3621800,130,67,63
894,21,390,3621900,170,79,91
895,21,390,3622000,109,55,54
896,21,390,3622100,335,177,158
897,21,390,3622200,617,312,305
898,21,390,3622300,280,130,150
899,21,390,3622400,918,455,463
900,21,390,3622500,962,461,501
901,21,390,3622600,41,21,20
902,21,390,3622700,35,18,17
903,21,390,3622800,39,18,21
904,21,390,3622900,67,35,32
905,21,390,3623000,121,63,58
906,21,390,3623100,35,14,21
907,21,390,3623200,508,249,259
908,21,390,3623300,660,317,343
909,21,390,3623400,174,80,94
910,21,390,3623500,934,436,498
911,21,390,3623600,158,75,83
912,21,390,3623700,119,47,72
913,21,390,3623800,275,147,128
914,21,390,3623900,108,55,53
915,21,390,3624000,566,332,234
916,21,390,3624100,643,317,326
917,21,390,3624200,82,38,44
918,21,390,3624300,278,139,139
919,21,390,3624400,313,151,162
920,21,390,3624500,3,2,1
921,21,390,3624600,290,134,156
922,21,390,3624700,87,37,50
923,21,390,3624800,626,300,326
924,21,390,3624900,96,44,52
925,21,390,3625000,213,105,108
926,21,390,3625100,0,0,0
927,21,390,3625200,37,21,16
928,21,390,3625300,346,188,158
929,21,390,3625400,285,137,148
930,21,390,3625500,135,59,76
931,21,390,3625600,147,72,75
932,21,390,3625700,5,2,3
933,21,390,3625800,154,79,75
934,21,390,3625900,655,331,324
935,21,390,3626000,334,161,173
936,21,390,3626100,126,59,67
937,21,390,3626200,782,373,409
938,21,390,3626300,147,71,76
939,21,390,3626400,173,83,90
940,21,390,3626500,1742,858,884
941,21,390,3626600,3746,1981,1765
942,21,390,3626700,497,239,258
943,21,390,3626800,208,102,106
944,21,390,3626900,376,204,172
945,21,390,3627000,831,418,413
946,21,390,3627100,280,144,136
947,21,390,3627200,268,121,147
948,21,390,3627300,27,9,18
949,21,390,3627400,904,548,356
950,21,390,3627500,283,141,142
951,21,390,3627600,368,180,188
952,21,390,3627700,143,71,72
953,21,390,3627800,24,15,9
954,21,390,3627900,204,114,90
955,21,390,3628000,208,93,115
956,21,390,3628100,285,145,140
957,21,390,3628200,111,50,61
958,21,390,3628300,209,121,88
959,21,390,3628400,208,95,113
960,21,390,3628500,58,24,34
961,21,390,3628600,145,70,75
962,21,390,3628700,61,27,34
963,21,390,3628800,209,102,107
964,21,390,3628900,363,154,209
965,21,390,3629000,0,0,0
966,21,390,3629100,330,161,169
967,21,390,3629200,374,157,217
968,21,390,3629300,193,93,100
969,21,390,3629400,0,0,0
970,21,390,3629500,1268,583,685
971,21,390,3629600,515,256,259
972,21,390,3629700,130,52,78
973,21,390,3629800,96,45,51
974,21,390,3629900,18,10,8
975,21,390,3630000,363,182,181
976,21,390,3630100,247,115,132
977,21,390,3630200,1086,514,572
978,21,390,3630300,422,202,220
979,21,390,3630400,1894,912,982
980,21,390,3630500,356,157,199
981,21,390,3630600,294,148,146
982,21,390,3630700,0,0,0
983,21,390,3630800,659,321,338
984,21,390,3630900,0,0,0
985,21,390,3631000,219,105,114
986,21,390,3631100,237,118,119
987,21,390,3631200,52,30,22
988,21,390,3631300,39,18,21
989,21,390,3631400,127,54,73
990,21,390,3631500,484,260,224
991,21,390,3631600,352,170,182
992,21,390,3631700,115,62,53
993,21,390,3631800,390,195,195
994,21,390,3631900,264,125,139
995,21,390,3632000,585,281,304
996,21,390,3632100,0,0,0
997,21,390,3632200,991,486,505
998,21,390,3632300,782,361,421
999,21,390,3632400,606,290,316
1000,21,390,3632500,301,143,158
1001,21,390,3632600,1171,643,528
1002,21,390,3632700,467,244,223
1003,21,390,3632800,19,9,10
1004,21,390,3632900,261,130,131
1005,21,390,3633000,148,78,70
1006,21,390,3633100,33,18,15
1007,21,390,3633200,453,209,244
1008,21,390,3633300,382,175,207
1009,21,390,3633400,168,87,81
1010,21,390,3633500,4315,2154,2161
1011,21,390,3633600,480,213,267
1012,21,390,3633700,88,35,53
1013,21,390,3633800,133,63,70
1014,21,390,3633900,214,108,106
1015,21,390,3634000,219,116,103
1016,21,390,3634100,1189,586,603
1017,21,390,3634200,645,326,319
1018,21,390,3634300,217,101,116
1019,21,390,3634400,107,53,54
1020,21,390,3634500,0,0,0
1021,21,390,3634600,246,115,131
1022,21,390,3634700,1119,554,565
1023,21,390,3634800,0,0,0
1024,21,390,3634900,240,108,132
1025,21,390,3635000,441,243,198
1026,21,390,3635100,2221,1116,1105
1027,21,390,3635200,0,0,0
1028,21,390,3635300,175,92,83
1029,21,390,3635400,0,0,0
1030,21,390,3635500,217,97,120
1031,21,390,3635600,306,152,154
1032,21,390,3635700,335,162,173
1033,21,390,3635800,511,247,264
1034,21,390,3635900,90,48,42
1035,21,390,3636000,144,72,72
1036,21,390,3636100,165,83,82
1037,21,390,3636200,158,70,88
1038,21,390,3636300,209,106,103
1039,21,390,3636400,1419,686,733
1040,21,390,3636500,536,279,257
1041,21,390,3636600,339,173,166
1042,21,390,3636700,1031,501,530
1043,21,390,3636800,97,49,48
1044,21,390,3636900,809,395,414
1045,21,390,3637000,216,100,116
1046,21,390,3637100,248,132,116
1047,21,390,3637200,325,162,163
1048,21,390,3637300,823,383,440
1049,21,390,3637400,1192,545,647
1050,21,390,3637500,715,346,369
1051,21,390,3637600,249,117,132
1052,21,390,3637700,114,59,55
1053,21,390,3637800,612,390,222
1054,21,390,3637900,211,106,105
1055,21,390,3638000,680,338,342
1056,21,390,3638100,183,85,98
1057,21,390,3638200,84,39,45
1058,21,390,3638300,136,75,61
1059,21,390,3638400,411,191,220
1060,21,390,3638500,56,28,28
1061,21,390,3638600,140,70,70
1062,21,390,3638700,666,327,339
1063,21,390,3638800,121,52,69
1064,21,390,3638900,211,100,111
1065,21,390,3639000,52,23,29
1066,21,390,3639100,186,89,97
1067,21,390,3639200,90,46,44
1068,21,390,3639300,44,18,26
1069,21,390,3639400,0,0,0
1070,21,390,3639500,45,21,24
1071,21,390,3639600,81,41,40
1072,21,390,3639700,41,24,17
1073,21,390,3639800,0,0,0
1074,21,390,3639900,0,0,0
1075,21,390,3640000,186,98,88
1076,21,390,3640100,836,424,412
1077,21,390,3640200,85,44,41
1078,21,390,3640300,124,59,65
1079,21,390,3640400,35,15,20
1080,21,390,3640500,117,58,59
1081,21,390,3640600,221,100,121
1082,21,390,3640700,0,0,0
1083,21,390,3640800,45,22,23
1084,21,390,3640900,0,0,0
1085,21,390,3641000,281,130,151
1086,21,390,3641100,31,16,15
1087,21,390,3641200,105,48,57
1088,21,390,3641300,0,0,0
1089,21,390,3641400,0,0,0
1090,21,390,3641500,856,428,428
1091,21,390,3641600,200,96,104
1092,21,390,3641700,0,0,0
1093,21,390,3641800,0,0,0
1094,21,390,3641900,0,0,0
1095,21,390,3642000,520,251,269
1096,21,390,3642100,465,217,248
1097,21,390,3642200,324,170,154
1098,21,390,3642300,331,169,162
1099,21,390,3642400,0,0,0
1100,21,390,3642500,173,90,83
1101,21,390,3642600,330,174,156
1102,21,390,3642700,758,382,376
1103,21,390,3642800,314,153,161
1104,21,390,3642900,810,412,398
1105,21,390,3643000,0,0,0
1106,21,390,3643100,15,7,8
1107,21,390,3643200,151,66,85
1108,21,390,3643300,329,154,175
1109,21,390,3643400,522,278,244
1110,21,390,3643500,66,29,37
1111,21,390,3643600,31,18,13
1112,21,390,3643700,4,3,1
1113,21,390,3643800,15,9,6
1114,21,390,3643900,22,12,10
1115,21,390,3644000,13,5,8
1116,21,390,3644100,192,90,102
1117,21,390,3644200,0,0,0
1118,21,390,3644300,53,26,27
1119,21,390,3644400,19,10,9
1120,21,390,3644500,33,18,15
1121,21,390,3644600,36,19,17
1122,21,390,3644700,89,46,43
1123,21,390,3644800,64,38,26
1124,21,390,3644900,31,16,15
1125,21,390,3645000,74,33,41
1126,21,390,3645100,0,0,0
1127,21,390,3645200,21,12,9
1128,21,390,3645300,96,41,55
1129,21,390,3645400,0,0,0
1130,21,390,3645500,106,50,56
1131,21,390,3645600,18,10,8
1132,21,390,3645700,41,23,18
1133,21,390,3645800,49,26,23
1134,21,390,3645900,159,79,80
1135,21,390,3646000,62,30,32
1136,21,390,3646100,19,6,13
1137,21,390,3646200,79,37,42
1138,21,390,3646300,47,28,19
1139,21,390,3646400,173,76,97
1140,21,390,3646500,16,10,6
1141,21,390,3646600,23,10,13
1142,21,390,3646700,130,64,66
1143,21,390,3646800,753,404,349
1144,21,390,3646900,330,188,142
1145,21,390,3647000,39,23,16
1146,21,390,3647100,126,63,63
1147,21,390,3647200,62,29,33
1148,21,390,3647300,33,14,19
1149,21,390,3647400,0,0,0
1150,21,390,3647500,74,35,39
1151,21,390,3647600,126,56,70
1152,21,390,3647700,45,26,19
1153,21,390,3647800,643,321,322
1154,21,390,3647900,52,27,25
1155,21,390,3648000,264,133,131
1156,21,390,3648100,26,11,15
1157,21,390,3648200,0,0,0
1158,21,390,3648300,0,0,0
1159,21,390,3648400,689,333,356
1160,21,390,3648500,0,0,0
1161,21,390,3648600,56,23,33
1162,21,390,3648700,131,59,72
1163,21,390,3648800,53,26,27
1164,21,390,3648900,65,35,30
1165,21,390,3649000,21,10,11
1166,21,390,3649100,101,49,52
1167,21,390,3649200,0,0,0
1168,21,390,3649300,101,45,56
1169,21,390,3649400,152,75,77
1170,21,390,3649500,113,50,63
1171,21,390,3649600,0,0,0
1172,21,390,3649700,556,282,274
1173,21,390,3649800,227,106,121
1174,21,390,3649900,177,90,87
1175,21,390,3650000,266,134,132
1176,21,390,3650100,562,271,291
1177,21,390,3650200,247,111,136
1178,21,390,3650300,271,135,136
1179,21,390,3650400,59,32,27
1180,21,390,3650500,228,102,126
1181,21,390,3650600,39,16,23
1182,21,390,3650700,183,89,94
1183,21,390,3650800,13,5,8
1184,21,390,3650900,422,209,213
1185,21,390,3651000,179,96,83
1186,21,390,3651100,191,91,100
1187,21,390,3651200,360,174,186
1188,21,390,3651300,36,16,20
1189,21,390,3651400,15,7,8
1190,21,390,3651500,783,387,396
1191,21,390,3651600,0,0,0
1192,21,390,3651700,38,24,14
1193,21,390,3651800,53,24,29
1194,21,390,3651900,140,66,74
1195,21,390,3652000,329,185,144
1196,21,390,3652100,115,61,54
1197,21,390,3652200,147,71,76
1198,21,390,3652300,0,0,0
1199,21,390,3652400,761,355,406
1200,21,390,3652500,78,38,40
1201,21,390,3652600,513,269,244
1202,21,390,3652700,132,67,65
1203,21,390,3652800,141,67,74
1204,21,390,3652900,396,196,200
1205,21,390,3653000,2427,1289,1138
1206,21,390,3653100,372,115,257
1207,21,390,3653200,567,282,285
1208,21,390,3653300,99,52,47
1209,21,390,3653400,142,75,67
1210,21,390,3653500,182,87,95
1211,21,390,3653600,64,35,29
1212,21,390,3653700,731,378,353
1213,21,390,3653800,384,202,182
1214,21,390,3653900,102,54,48
1215,21,390,3654000,316,142,174
1216,21,390,3654100,92,42,50
1217,21,390,3654200,417,194,223
1218,21,390,3654300,359,182,177
1219,21,390,3654400,795,393,402
1220,21,390,3654500,21,11,10
1221,21,390,3654600,234,117,117
1222,21,390,3654700,64,30,34
1223,21,390,3654800,39,18,21
1224,21,390,3654900,168,87,81
1225,21,390,3655000,108,64,44
1226,21,390,3655100,47,27,20
1227,21,390,3655200,226,115,111
1228,21,390,3655300,24,15,9
1229,21,390,3655400,54,24,30
1230,21,390,3655500,78,29,49
1231,21,390,3655600,269,211,58
1232,21,390,3655700,65,29,36
1233,21,390,3655800,151,76,75
1234,21,390,3655900,272,131,141
1235,21,390,3656000,424,192,232
1236,21,390,3656100,27,12,15
1237,21,390,3656200,0,0,0
1238,21,390,3656300,0,0,0
1239,21,390,3656400,11,5,6
1240,21,390,3656500,159,85,74
1241,21,390,3656600,78,38,40
1242,21,390,3656700,83,44,39
1243,21,390,3656800,113,52,61
1244,21,390,3656900,226,117,109
1245,21,390,3657000,85,42,43
1246,21,390,3657100,142,59,83
1247,21,390,3657200,68,38,30
1248,21,390,3657300,48,21,27
1249,21,390,3657400,156,72,84
1250,21,390,3657500,56,31,25
1251,21,390,3657600,27,12,15
1252,21,390,3657700,845,415,430
1253,21,390,3657800,363,190,173
1254,21,390,3657900,219,104,115
1255,21,390,3658000,401,225,176
1256,21,390,3658100,228,107,121
1257,21,390,3658200,147,68,79
1258,21,390,3658300,62,31,31
1259,21,390,3658400,322,156,166
1260,21,390,3658500,71,33,38
1261,21,390,3658600,211,116,95
1262,21,390,3658700,85,42,43
1263,21,390,3658800,593,304,289
1264,21,390,3658900,117,57,60
1265,21,390,3659000,74,44,30
1266,21,390,3659100,33,14,19
1267,21,390,3659200,357,178,179
1268,21,390,3659300,370,187,183
1269,21,390,3659400,2035,982,1053
1270,21,390,3659500,635,299,336
1271,21,390,3659600,694,332,362
1272,21,390,3659700,54,23,31
1273,21,390,3659800,665,333,332
1274,21,390,3659900,813,441,372
1275,21,390,3660000,142,70,72
1276,21,390,3660100,305,206,99
1277,21,390,3660200,372,197,175
1278,21,390,3660300,139,71,68
1279,21,390,3660400,74,36,38
1280,21,390,3660500,0,0,0
1281,21,390,3660600,0,0,0
1282,21,390,3660700,191,91,100
1283,21,390,3660800,0,0,0
1284,21,390,3660900,124,62,62
1285,21,390,3661000,262,132,130
1286,21,390,3661100,1188,648,540
1287,21,390,3661200,1266,619,647
1288,21,390,3661300,193,80,113
1289,21,390,3661400,344,170,174
1290,21,390,3661500,298,144,154
1291,21,390,3661600,68,39,29
1292,21,390,3661700,244,114,130
1293,21,390,3661800,252,140,112
1294,21,390,3661900,963,479,484
1295,21,390,3662000,504,239,265
1296,21,390,3662100,35,15,20
1297,21,390,3662200,0,0,0
1298,21,390,3662300,85,38,47
1299,21,390,3662400,149,79,70
1300,21,390,3662500,28,13,15
1301,21,390,3662600,76,39,37
1302,21,390,3662700,83,44,39
1303,21,390,3662800,370,176,194
1304,21,390,3662900,134,53,81
1305,21,390,3663000,85,44,41
1306,21,390,3663100,80,35,45
1307,21,390,3663200,187,87,100
1308,21,390,3663300,45,20,25
1309,21,390,3663400,99,49,50
1310,21,390,3663500,72,31,41
1311,21,390,3663600,366,201,165
1312,21,390,3663700,184,90,94
1313,21,390,3663800,74,31,43
1314,21,390,3663900,212,97,115
1315,21,390,3664000,1334,592,742
1316,21,390,3664100,22,14,8
1317,21,390,3664200,139,61,78
1318,21,390,3664300,79,36,43
1319,21,390,3664400,256,123,133
1320,21,390,3664500,104,52,52
1321,21,390,3664600,39,15,24
1322,21,390,3664700,363,183,180
1323,21,390,3664800,292,141,151
1324,21,390,3664900,1041,542,499
1325,21,390,3665000,83,41,42
1326,21,390,3665100,52,23,29
1327,21,390,3665200,735,354,381
1328,21,390,3665300,49,24,25
1329,21,390,3665400,144,74,70
1330,21,390,3665500,29,14,15
1331,21,390,3665600,158,78,80
1332,21,390,3665700,12,5,7
1333,21,390,3665800,121,61,60
1334,21,390,3665900,85,45,40
1335,21,390,3666000,30,12,18
1336,21,390,3666100,261,131,130
1337,21,390,3666200,176,87,89
1338,21,390,3666300,142,74,68
1339,21,390,3666400,188,87,101
1340,21,390,3666500,594,301,293
1341,21,390,3666600,114,57,57
1342,21,390,3666700,14,5,9
1343,21,390,3666800,200,97,103
1344,21,390,3666900,652,307,345
1345,21,390,3667000,99,49,50
1346,21,390,3667100,674,317,357
1347,21,390,3667200,102,57,45
1348,21,390,3667300,182,97,85
1349,21,390,3667400,1037,547,490
1350,21,390,3667500,201,98,103
1351,21,390,3667600,153,67,86
1352,21,390,3667700,44,19,25
1353,21,390,3667800,229,106,123
1354,21,390,3667900,503,266,237
1355,21,390,3668000,14,7,7
1356,21,390,3668100,100,47,53
1357,21,390,3668200,192,90,102
1358,21,390,3668300,521,257,264
1359,21,390,3668400,805,396,409
1360,21,390,3668500,451,212,239
1361,21,390,3668600,437,216,221
1362,21,390,3668700,205,97,108
1363,21,390,3668800,24,13,11
1364,21,390,3668900,41,20,21
1365,21,390,3669000,182,84,98
1366,21,390,3669100,7,4,3
1367,21,390,3669200,59,29,30
1368,21,390,3669300,71,35,36
1369,21,390,3669400,53,27,26
1370,21,390,3669500,20,12,8
1371,21,390,3669600,19,10,9
1372,21,390,3669700,163,84,79
1373,21,390,3669800,178,87,91
1374,21,390,3669900,322,161,161
1375,21,390,3670000,692,341,351
1376,21,390,3670100,0,0,0
1377,21,390,3670200,11,3,8
1378,21,390,3670300,126,68,58
1379,21,390,3670400,201,90,111
1380,21,390,3670500,47,18,29
1381,21,390,3670600,299,148,151
1382,21,390,3670700,372,178,194
1383,21,390,3670800,0,0,0
1384,21,390,3670900,74,32,42
1385,21,390,3671000,305,153,152
1386,21,390,3671100,147,76,71
1387,21,390,3671200,83,41,42
1388,21,390,3671300,0,0,0
1389,21,390,3671400,190,93,97
1390,21,390,3671500,29,13,16
1391,21,390,3671600,15,9,6
1392,21,390,3671700,639,320,319
1393,21,390,3671800,110,59,51
1394,21,390,3671900,36,19,17
1395,21,390,3672000,18,5,13
1396,21,390,3672100,14,6,8
1397,21,390,3672200,110,55,55
1398,21,390,3672300,24,14,10
1399,21,390,3672400,27,14,13
1400,21,390,3672500,0,0,0
1401,21,390,3672600,62,30,32
1402,21,390,3672700,27,15,12
1403,21,390,3672800,242,119,123
1404,21,390,3672900,42,20,22
1405,21,390,3673000,0,0,0
1406,21,390,3673100,73,39,34
1407,21,390,3673200,143,68,75
1408,21,390,3673300,47,26,21
1409,21,390,3673400,30,13,17
1410,21,390,3673500,87,48,39
1411,21,390,3673600,211,96,115
1412,21,390,3673700,101,48,53
1413,21,390,3673800,416,177,239
1414,21,390,3673900,557,266,291
1415,21,390,3674000,0,0,0
1416,21,390,3674100,46,19,27
1417,21,390,3674200,39,21,18
1418,21,390,3674300,147,68,79
1419,21,390,3674400,174,78,96
1420,21,390,3674500,283,139,144
1421,21,390,3674600,705,369,336
1422,21,390,3674700,0,0,0
1423,21,390,3674800,186,83,103
1424,21,390,3674900,85,38,47
1425,21,390,3675000,373,192,181
1426,21,390,3675100,1220,626,594
1427,21,390,3675200,597,334,263
1428,21,390,3675300,182,88,94
1429,21,390,3675400,89,48,41
1430,21,390,3675500,119,64,55
1431,21,390,3675600,160,76,84
1432,21,390,3675700,251,124,127
1433,21,390,3675800,42,18,24
1434,21,390,3675900,193,98,95
1435,21,390,3676000,152,76,76
1436,21,390,3676100,78,28,50
1437,21,390,3676200,31,13,18
1438,21,390,3676300,88,42,46
1439,21,390,3676400,183,84,99
1440,21,390,3676500,260,136,124
1441,21,390,3676600,156,74,82
1442,21,390,3676700,101,50,51
1443,21,390,3676800,59,30,29
1444,21,390,3676900,186,91,95
1445,21,390,3677000,203,102,101
1446,21,390,3677100,204,96,108
1447,21,390,3677200,303,149,154
1448,21,390,3677300,441,222,219
1449,21,390,3677400,22,10,12
1450,21,390,3677500,486,232,254
1451,21,390,3677600,19,9,10
1452,21,390,3677700,279,130,149
1453,21,390,3677800,62,21,41
1454,21,390,3677900,149,72,77
1455,21,390,3678000,363,180,183
1456,21,390,3678100,154,81,73
1457,21,390,3678200,568,272,296
1458,21,390,3678300,36,16,20
1459,21,390,3678400,307,156,151
1460,21,390,3678500,0,0,0
1461,21,390,3678600,349,159,190
1462,21,390,3678700,580,291,289
1463,21,390,3678800,424,214,210
1464,21,390,3678900,402,199,203
1465,21,390,3679000,1298,769,529
1466,21,390,3679100,124,58,66
1467,21,390,3679200,144,71,73
1468,21,390,3679300,115,50,65
1469,21,390,3679400,31,15,16
1470,21,390,3679500,68,35,33
1471,21,390,3679600,87,44,43
1472,21,390,3679700,101,47,54
1473,21,390,3679800,286,135,151
1474,21,390,3679900,130,56,74
1475,21,390,3680000,101,50,51
1476,21,390,3680100,104,49,55
1477,21,390,3680200,449,216,233
1478,21,390,3680300,252,121,131
1479,21,390,3680400,165,82,83
1480,21,390,3680500,123,70,53
1481,21,390,3680600,1382,649,733
1482,21,390,3680700,153,72,81
1483,21,390,3680800,206,93,113
1484,21,390,3680900,256,121,135
1485,21,390,3681000,2980,1499,1481
1486,21,390,3681100,252,135,117
1487,21,390,3681200,0,0,0
1488,21,390,3681300,76,39,37
1489,21,390,3681400,42,21,21
1490,21,390,3681500,9,2,7
1491,21,390,3681600,481,220,261
1492,21,390,3681700,14,7,7
1493,21,390,3681800,338,162,176
1494,21,390,3681900,593,288,305
1495,21,390,3682000,24,13,11
1496,21,390,3682100,187,89,98
1497,21,390,3682200,68,30,38
1498,21,390,3682300,81,36,45
1499,21,390,3682400,50,19,31
1500,21,390,3682500,115,52,63
1501,21,390,3682600,92,40,52
1502,21,390,3682700,22,7,15
1503,21,390,3682800,1394,760,634
1504,21,390,3682900,156,74,82
1505,21,390,3683000,213,96,117
1506,21,390,3683100,89,37,52
1507,21,390,3683200,196,89,107
1508,21,390,3683300,430,195,235
1509,21,390,3683400,4,3,1
1510,21,390,3683500,0,0,0
1511,21,390,3683600,0,0,0
1512,21,390,3683700,65,32,33
1513,21,390,3683800,0,0,0
1514,21,390,3683900,0,0,0
1515,21,390,3684000,116,55,61
1516,21,390,3684100,75,38,37
1517,21,390,3684200,78,37,41
1518,21,390,3684300,50,20,30
1519,21,390,3684400,165,82,83
1520,21,390,3684500,0,0,0
1521,21,390,3684600,0,0,0
1522,21,390,3684700,148,65,83
1523,21,390,3684800,21,11,10
1524,21,390,3684900,42,16,26
1525,21,390,3685000,93,44,49
1526,21,390,3685100,30,15,15
1527,21,390,3685200,4,2,2
1528,21,390,3685300,71,45,26
1529,21,390,3685400,283,140,143
1530,21,390,3685500,28,14,14
1531,21,390,3685600,194,89,105
1532,21,390,3685700,54,22,32
1533,21,390,3685800,240,118,122
1534,21,390,3685900,0,0,0
1535,21,390,3686000,253,119,134
1536,21,390,3686100,18,11,7
1537,21,390,3686200,184,90,94
1538,21,390,3686300,130,67,63
1539,21,390,3686400,655,340,315
1540,21,390,3686500,173,84,89
1541,21,390,3686600,240,108,132
1542,21,390,3686700,394,184,210
1543,21,390,3686800,191,82,109
1544,21,390,3686900,18,11,7
1545,21,390,3687000,117,54,63
1546,21,390,3687100,14,4,10
1547,21,390,3687200,88,35,53
1548,21,390,3687300,231,41,190
1549,21,390,3687400,249,115,134
1550,21,390,3687500,840,422,418
1551,21,390,3687600,736,338,398
1552,21,390,3687700,216,116,100
1553,21,390,3687800,132,63,69
1554,21,390,3687900,84,33,51
1555,21,390,3688000,63,30,33
1556,21,390,3688100,21,10,11
1557,21,390,3688200,7,3,4
1558,21,390,3688300,193,91,102
1559,21,390,3688400,16,9,7
1560,21,390,3688500,0,0,0
1561,21,390,3688600,0,0,0
1562,21,390,3688700,10,4,6
1563,21,390,3688800,67,32,35
1564,21,390,3688900,67,37,30
1565,21,390,3689000,28,11,17
1566,21,390,3689100,123,59,64
1567,21,390,3689200,165,70,95
1568,21,390,3689300,269,136,133
1569,21,390,3689400,317,142,175
1570,21,390,3689500,368,173,195
1571,21,390,3689600,79,31,48
1572,21,390,3689700,83,40,43
1573,21,390,3689800,1,1,0
1574,21,390,3689900,70,33,37
1575,21,390,3690000,0,0,0
1576,21,390,3690100,117,54,63
1577,21,390,3690200,16,4,12
1578,21,390,3690300,213,104,109
1579,21,390,3690400,57,21,36
1580,21,390,3690500,1196,623,573
1581,21,390,3690600,76,36,40
1582,21,390,3690700,237,118,119
1583,21,390,3690800,16916,8860,8056
1584,21,390,3690900,127,63,64
1585,21,390,3691000,213,98,115
1586,21,390,3691100,55,26,29
1587,21,390,3691200,265,151,114
1588,21,390,3691300,92,45,47
1589,21,390,3691400,0,0,0
1590,21,390,3691500,11,4,7
1591,21,390,3691600,0,0,0
1592,21,390,3691700,44,22,22
1593,21,390,3691800,71,35,36
1594,21,390,3691900,0,0,0
1595,21,390,3692000,125,61,64
1596,21,390,3692100,36,16,20
1597,21,390,3692200,320,153,167
1598,21,390,3692300,213,113,100
1599,21,390,3692400,130,58,72
1600,21,390,3692500,19,7,12
1601,21,390,3692600,1508,755,753
1602,21,390,3692700,52,23,29
1603,21,390,3692800,23,12,11
1604,21,390,3692900,21,10,11
1605,21,390,3693000,236,110,126
1606,21,390,3693100,37,15,22
1607,21,390,3693200,0,0,0
1608,21,390,3693300,0,0,0
1609,21,390,3693400,29,13,16
1610,21,390,3693500,0,0,0
1611,21,390,3693600,48,19,29
1612,21,390,3693700,125,68,57
1613,21,390,3693800,0,0,0
1614,21,390,3693900,166,79,87
1615,21,390,3694000,12,4,8
1616,21,390,3694100,0,0,0
1617,21,390,3694200,382,204,178
1618,21,390,3694300,3318,1768,1550
1619,21,390,3694400,1786,895,891
1620,21,390,3694500,463,203,260
1621,21,390,3694600,40,20,20
1622,21,390,3694700,462,227,235
1623,21,390,3694800,2712,1319,1393
1624,21,390,3694900,245,123,122
1625,21,390,3695000,115,52,63
1626,21,390,3695100,0,0,0
1627,21,390,3695200,106,49,57
1628,21,390,3695300,99,50,49
1629,21,390,3695400,136,64,72
1630,21,390,3695500,89,39,50
1631,21,390,3695600,173,92,81
1632,21,390,3695700,98,52,46
1633,21,390,3695800,507,268,239
1634,21,390,3695900,89,44,45
1635,21,390,3696000,75,38,37
1636,21,390,3696100,175,84,91
1637,21,390,3696200,29,18,11
1638,21,390,3696300,38,23,15
1639,21,390,3696400,141,74,67
1640,21,390,3696500,166,76,90
1641,21,390,3696600,369,180,189
1642,21,390,3696700,32,15,17
1643,21,390,3696800,141,66,75
1644,21,390,3696900,279,169,110
1645,21,390,3697000,21,9,12
1646,21,390,3697100,40,16,24
1647,21,390,3697200,170,79,91
1648,21,390,3697300,0,0,0
1649,21,390,3697400,83,38,45
1650,21,390,3697500,516,234,282
1651,21,390,3697600,27,11,16
1652,21,390,3697700,52,28,24
1653,21,390,3697800,11,5,6
1654,21,390,3697900,208,98,110
1655,21,390,3698000,35,18,17
1656,21,390,3698100,179,96,83
1657,21,390,3698200,36,15,21
1658,21,390,3698300,92,49,43
1659,21,390,3698400,111,56,55
1660,21,390,3698500,26,12,14
1661,21,390,3698600,45,19,26
1662,21,390,3698700,100,46,54
1663,21,390,3698800,48,20,28
1664,21,390,3698900,38,16,22
1665,21,390,3699000,227,108,119
1666,21,390,3699100,266,149,117
1667,21,390,3699200,76,31,45
1668,21,390,3699300,145,67,78
1669,21,390,3699400,14,7,7
1670,21,390,3699500,0,0,0
1671,21,390,3699600,428,214,214
1672,21,390,3699700,1404,814,590
1673,21,390,3699800,242,104,138
1674,21,390,3699900,712,346,366
1675,21,390,3700000,452,211,241
1676,21,390,3700100,175,87,88
1677,21,390,3700200,180,85,95
1678,21,390,3700300,296,143,153
1679,21,390,3700400,49,20,29
1680,21,390,3700500,101,47,54
1681,21,390,3700600,123,63,60
1682,21,390,3700700,107,53,54
1683,21,390,3700800,61,29,32
1684,21,390,3700900,320,142,178
1685,21,390,3701000,193,93,100
1686,21,390,3701100,0,0,0
1687,21,390,3701200,628,297,331
1688,21,390,3701300,360,169,191
1689,21,390,3701400,65,29,36
1690,21,390,3701500,376,176,200
1691,21,390,3701600,0,0,0
1692,21,390,3701700,93,45,48
1693,21,390,3701800,91,45,46
1694,21,390,3701900,30,11,19
1695,21,390,3702000,115,54,61
1696,21,390,3702100,0,0,0
1697,21,390,3702200,0,0,0
1698,21,390,3702300,0,0,0
1699,21,390,3702400,407,187,220
1700,21,390,3702500,472,242,230
1701,21,390,3702600,370,178,192
1702,21,390,3702700,620,303,317
1703,21,390,3702800,0,0,0
1704,21,390,3702900,1230,620,610
1705,21,390,3703000,629,312,317
1706,21,390,3703100,446,228,218
1707,21,390,3703200,199,108,91
1708,21,390,3703300,119,57,62
1709,21,390,3703400,33,14,19
1710,21,390,3703500,151,71,80
1711,21,390,3703600,149,67,82
1712,21,390,3703700,123,66,57
1713,21,390,3703800,373,159,214
1714,21,390,3703900,288,131,157
1715,21,390,3704000,444,222,222
1716,21,390,3704100,216,98,118
1717,21,390,3704200,161,81,80
1718,21,390,3704300,342,173,169
1719,21,390,3704400,410,190,220
1720,21,390,3704500,157,66,91
1721,21,390,3704600,0,0,0
1722,21,390,3704700,261,128,133
1723,21,390,3704800,109,54,55
1724,21,390,3704900,874,443,431
1725,21,390,3705000,158,80,78
1726,21,390,3705100,13,5,8
1727,21,390,3705200,187,93,94
1728,21,390,3705300,80,40,40
1729,21,390,3705400,231,100,131
1730,21,390,3705500,135,58,77
1731,21,390,3705600,591,331,260
1732,21,390,3705700,271,128,143
1733,21,390,3705800,496,245,251
1734,21,390,3705900,307,150,157
1735,21,390,3706000,364,187,177
1736,21,390,3706100,264,127,137
1737,21,390,3706200,116,62,54
1738,21,390,3706300,14,5,9
1739,21,390,3706400,151,73,78
1740,21,390,3706500,825,403,422
1741,21,390,3706600,265,127,138
1742,21,390,3706700,106,50,56
1743,21,390,3706800,156,74,82
1744,21,390,3706900,245,131,114
1745,21,390,3707000,271,134,137
1746,21,390,3707100,256,131,125
1747,21,390,3707200,149,79,70
1748,21,390,3707300,2368,1189,1179
1749,21,390,3707400,301,150,151
1750,21,390,3707500,73,31,42
1751,21,390,3707600,16,9,7
1752,21,390,3707700,533,252,281
1753,21,390,3707800,327,168,159
1754,21,390,3707900,297,149,148
1755,21,390,3708000,32,14,18
1756,21,390,3708100,268,127,141
1757,21,390,3708200,140,61,79
1758,21,390,3708300,325,160,165
1759,21,390,3708400,82,42,40
1760,21,390,3708500,0,0,0
1761,21,390,3708600,235,123,112
1762,21,390,3708700,37,23,14
1763,21,390,3708800,33,15,18
1764,21,390,3708900,74,33,41
1765,21,390,3709000,88,40,48
1766,21,390,3709100,202,102,100
1767,21,390,3709200,197,96,101
1768,21,390,3709300,148,59,89
1769,21,390,3709400,999,506,493
1770,21,390,3709500,270,133,137
1771,21,390,3709600,280,143,137
1772,21,390,3709700,83,36,47
1773,21,390,3709800,142,72,70
1774,21,390,3709900,226,102,124
1775,21,390,3710000,212,110,102
1776,21,390,3710100,201,96,105
1777,21,390,3710200,337,175,162
1778,21,390,3710300,130,59,71
1779,21,390,3710400,698,334,364
1780,21,390,3710500,390,186,204
1781,21,390,3710600,356,173,183
1782,21,390,3710700,140,71,69
1783,21,390,3710800,413,225,188
1784,21,390,3710900,238,111,127
1785,21,390,3711000,82,46,36
1786,21,390,3711100,117,56,61
1787,21,390,3711200,62,30,32
1788,21,390,3711300,363,184,179
1789,21,390,3711400,168,87,81
1790,21,390,3711500,88,39,49
1791,21,390,3711600,97,49,48
1792,21,390,3711700,244,131,113
1793,21,390,3711800,22,13,9
1794,21,390,3711900,121,65,56
1795,21,390,3712000,169,81,88
1796,21,390,3712100,59,23,36
1797,21,390,3712200,36,20,16
1798,21,390,3712300,182,85,97
1799,21,390,3712400,59,31,28
1800,21,390,3712500,133,66,67
1801,21,390,3712600,100,53,47
1802,21,390,3712700,119,58,61
1803,21,390,3712800,193,92,101
1804,21,390,3712900,219,102,117
1805,21,390,3713000,24,11,13
1806,21,390,3713100,393,208,185
1807,21,390,3713200,386,185,201
1808,21,390,3713300,349,176,173
1809,21,390,3713400,97,41,56
1810,21,390,3713500,63,30,33
1811,21,390,3713600,223,118,105
1812,21,390,3713700,396,182,214
1813,21,390,3713800,261,139,122
1814,21,390,3713900,623,301,322
1815,21,390,3714000,194,101,93
1816,21,390,3714100,195,97,98
1817,21,390,3714200,424,232,192
1818,21,390,3714300,24,13,11
1819,21,390,3714400,134,74,60
1820,21,390,3714500,1565,775,790
1821,21,390,3714600,173,82,91
1822,21,390,3714700,406,222,184
1823,21,390,3714800,202,96,106
1824,21,390,3714900,63,24,39
1825,21,390,3715000,122,62,60
1826,21,390,3715100,36,20,16
1827,21,390,3715200,128,66,62
1828,21,390,3715300,95,42,53
1829,21,390,3715400,108,53,55
1830,21,390,3715500,252,110,142
1831,21,390,3715600,110,63,47
1832,21,390,3715700,1706,892,814
1833,21,390,3715800,110,50,60
1834,21,390,3715900,98,53,45
1835,21,390,3716000,399,114,285
1836,21,390,3716100,89,48,41
1837,21,390,3716200,125,63,62
1838,21,390,3716300,0,0,0
1839,21,390,3716400,201,84,117
1840,21,390,3716500,331,157,174
1841,21,390,3716600,118,65,53
1842,21,390,3716700,110,48,62
1843,21,390,3716800,384,197,187
1844,21,390,3716900,486,234,252
1845,21,390,3717000,348,173,175
1846,21,390,3717100,425,243,182
1847,21,390,3717200,270,142,128
1848,21,390,3717300,184,95,89
1849,21,390,3717400,298,148,150
1850,21,390,3717500,392,188,204
1851,21,390,3717600,301,151,150
1852,21,390,3717700,188,76,112
1853,21,390,3717800,134,56,78
1854,21,390,3717900,218,91,127
1855,21,390,3718000,4865,2493,2372
1856,21,390,3718100,612,325,287
1857,21,390,3718200,185,96,89
1858,21,390,3718300,278,106,172
1859,21,390,3718400,151,67,84
1860,21,390,3718500,349,165,184
1861,21,390,3718600,894,422,472
1862,21,390,3718700,544,271,273
1863,21,390,3718800,47,20,27
1864,21,390,3718900,52,26,26
1865,21,390,3719000,111,48,63
1866,21,390,3719100,50,27,23
1867,21,390,3719200,145,68,77
1868,21,390,3719300,46,19,27
1869,21,390,3719400,85,45,40
1870,21,390,3719500,178,90,88
1871,21,390,3719600,246,119,127
1872,21,390,3719700,278,142,136
1873,21,390,3719800,63,29,34
1874,21,390,3719900,986,486,500
1875,21,390,3720000,202,95,107
1876,21,390,3720100,158,80,78
1877,21,390,3720200,82,39,43
1878,21,390,3720300,136,72,64
1879,21,390,3720400,71,33,38
1880,21,390,3720500,41,20,21
1881,21,390,3720600,415,194,221
1882,21,390,3720700,135,71,64
1883,21,390,3720800,0,0,0
1884,21,390,3720900,70,37,33
1885,21,390,3721000,75,29,46
1886,21,390,3721100,183,89,94
1887,21,390,3721200,33,15,18
1888,21,390,3721300,92,44,48
1889,21,390,3721400,168,82,86
1890,21,390,3721500,253,107,146
1891,21,390,3721600,104,50,54
1892,21,390,3721700,36,16,20
1893,21,390,3721800,853,422,431
1894,21,390,3721900,202,92,110
1895,21,390,3722000,87,42,45
1896,21,390,3722100,40,23,17
1897,21,390,3722200,36,20,16
1898,21,390,3722300,95,40,55
1899,21,390,3722400,58,29,29
1900,21,390,3722500,6,3,3
1901,21,390,3722600,23,10,13
1902,21,390,3722700,28,15,13
1903,21,390,3722800,75,39,36
1904,21,390,3722900,18,9,9
1905,21,390,3723000,63,24,39
1906,21,390,3723100,370,174,196
1907,21,390,3723200,114,48,66
1908,21,390,3723300,363,178,185
1909,21,390,3723400,118,65,53
1910,21,390,3723500,63,35,28
1911,21,390,3723600,13,10,3
1912,21,390,3723700,57,30,27
1913,21,390,3723800,29,14,15
1914,21,390,3723900,307,137,170
1915,21,390,3724000,327,186,141
1916,21,390,3724100,0,0,0
1917,21,390,3724200,24,11,13
1918,21,390,3724300,46,24,22
1919,21,390,3724400,49,31,18
1920,21,390,3724500,24,9,15
1921,21,390,3724600,153,65,88
1922,21,390,3724700,72,36,36
1923,21,390,3724800,31,14,17
1924,21,390,3724900,132,64,68
1925,21,390,3725000,26,12,14
1926,21,390,3725100,33,19,14
1927,21,390,3725200,59,26,33
1928,21,390,3725300,148,73,75
1929,21,390,3725400,26,12,14
1930,21,390,3725500,205,106,99
1931,21,390,3725600,242,111,131
1932,21,390,3725700,64,21,43
1933,21,390,3725800,122,49,73
1934,21,390,3725900,636,312,324
1935,21,390,3726000,190,83,107
1936,21,390,3726100,52,26,26
1937,21,390,3726200,101,46,55
1938,21,390,3726300,73,32,41
1939,21,390,3726400,9,3,6
1940,21,390,3726500,31,18,13
1941,21,390,3726600,148,72,76
1942,21,390,3726700,322,145,177
1943,21,390,3726800,67,30,37
1944,21,390,3726900,54,20,34
1945,21,390,3727000,226,99,127
1946,21,390,3727100,48,19,29
1947,21,390,3727200,142,75,67
1948,21,390,3727300,122,54,68
1949,21,390,3727400,61,30,31
1950,21,390,3727500,37,19,18
1951,21,390,3727600,63,33,30
1952,21,390,3727700,15,7,8
1953,21,390,3727800,39,16,23
1954,21,390,3727900,134,63,71
1955,21,390,3728000,145,67,78
1956,21,390,3728100,9,5,4
1957,21,390,3728200,10,5,5
1958,21,390,3728300,246,116,130
1959,21,390,3728400,45,20,25
1960,21,390,3728500,105,56,49
1961,21,390,3728600,534,261,273
1962,21,390,3728700,140,72,68
1963,21,390,3728800,324,150,174
1964,21,390,3728900,66,29,37
1965,21,390,3729000,229,109,120
1966,21,390,3729100,1291,740,551
1967,21,390,3729200,199,91,108
1968,21,390,3729300,104,47,57
1969,21,390,3729400,61,35,26
1970,21,390,3729500,93,42,51
1971,21,390,3729600,63,30,33
1972,21,390,3729700,0,0,0
1973,21,390,3729800,115,54,61
1974,21,390,3729900,98,48,50
1975,21,390,3730000,89,38,51
1976,21,390,3730100,27,13,14
1977,21,390,3730200,180,97,83
1978,21,390,3730300,612,296,316
1979,21,390,3730400,225,115,110
1980,21,390,3730500,91,44,47
1981,21,390,3730600,144,73,71
1982,21,390,3730700,88,49,39
1983,21,390,3730800,297,133,164
1984,21,390,3730900,165,76,89
1985,21,390,3731000,82,42,40
1986,21,390,3731100,1019,529,490
1987,21,390,3731200,91,41,50
1988,21,390,3731300,166,82,84
1989,21,390,3731400,150,72,78
1990,21,390,3731500,156,72,84
1991,21,390,3731600,147,76,71
1992,21,390,3731700,62,29,33
1993,21,390,3731800,131,57,74
1994,21,390,3731900,96,40,56
1995,21,390,3732000,562,270,292
1996,21,390,3732100,70,33,37
1997,21,390,3732200,0,0,0
1998,21,390,3732300,36,15,21
1999,21,390,3732400,39,19,20
2000,21,390,3732500,71,42,29
2001,21,390,3732600,72,40,32
2002,21,390,3732700,40,15,25
2003,21,390,3732800,70,38,32
2004,21,390,3732900,102,47,55
2005,21,390,3733000,110,48,62
2006,21,390,3733100,0,0,0
2007,21,390,3733200,106,49,57
2008,21,390,3733300,133,65,68
2009,21,390,3733400,0,0,0
2010,21,390,3733500,78,39,39
2011,21,390,3733600,206,100,106
2012,21,390,3733700,104,52,52
2013,21,390,3733800,106,54,52
2014,21,390,3733900,186,85,101
2015,21,390,3734000,477,263,214
2016,21,390,3734100,160,73,87
2017,21,390,3734200,257,117,140
2018,21,390,3734300,143,59,84
2019,21,390,3734400,309,166,143
2020,21,390,3734500,254,130,124
2021,21,390,3734600,292,144,148
2022,21,390,3734700,280,141,139
2023,21,390,3734800,1835,939,896
2024,21,390,3734900,271,133,138
2025,21,390,3735000,218,128,90
2026,21,390,3735100,114,57,57
2027,21,390,3735200,45,22,23
2028,21,390,3735300,79,37,42
2029,21,390,3735400,409,204,205
2030,21,390,3735500,96,49,47
2031,21,390,3735600,165,83,82
2032,21,390,3735700,378,186,192
2033,21,390,3735800,16,11,5
2034,21,390,3735900,566,287,279
2035,21,390,3736000,632,341,291
2036,21,390,3736100,117,57,60
2037,21,390,3736200,304,150,154
2038,21,390,3736300,412,212,200
2039,21,390,3736400,295,139,156
2040,21,390,3736500,3468,1827,1641
2041,21,390,3736600,417,211,206
2042,21,390,3736700,564,274,290
2043,21,390,3736800,126,56,70
2044,21,390,3736900,426,212,214
2045,21,390,3737000,514,246,268
2046,21,390,3737100,93,46,47
2047,21,390,3737200,355,169,186
2048,21,390,3737300,18,7,11
2049,21,390,3737400,527,255,272
2050,21,390,3737500,1331,672,659
2051,21,390,3737600,266,136,130
2052,21,390,3737700,683,333,350
2053,21,390,3737800,152,80,72
2054,21,390,3737900,154,74,80
2055,21,390,3738000,239,106,133
2056,21,390,3738100,370,195,175
2057,21,390,3738200,71,33,38
2058,21,390,3738300,0,0,0
2059,21,390,3738400,295,141,154
2060,21,390,3738500,1558,743,815
2061,21,390,3738600,864,439,425
2062,21,390,3738700,314,167,147
2063,21,390,3738800,252,110,142
2064,21,390,3738900,92,42,50
2065,21,390,3739000,338,177,161
2066,21,390,3739100,929,515,414
2067,21,390,3739200,142,63,79
2068,21,390,3739300,283,136,147
2069,21,390,3739400,275,132,143
2070,21,390,3739500,407,199,208
2071,21,390,3739600,161,85,76
2072,21,390,3739700,186,80,106
2073,21,390,3739800,0,0,0
2074,21,390,3739900,95,56,39
2075,21,390,3740000,0,0,0
2076,21,390,3740100,303,141,162
2077,21,390,3740200,71,40,31
2078,21,390,3740300,231,117,114
2079,21,390,3740400,121,62,59
2080,21,390,3740500,54,26,28
2081,21,390,3740600,124,59,65
2082,21,390,3740700,125,55,70
2083,21,390,3740800,533,230,303
2084,21,390,3740900,300,135,165
2085,21,390,3741000,153,74,79
2086,21,390,3741100,154,76,78
2087,21,390,3741200,218,109,109
2088,21,390,3741300,195,97,98
2089,21,390,3741400,442,210,232
2090,21,390,3741500,192,98,94
2091,21,390,3741600,369,182,187
2092,21,390,3741700,238,122,116
2093,21,390,3741800,56,27,29
2094,21,390,3741900,419,209,210
2095,21,390,3742000,668,335,333
2096,21,390,3742100,130,67,63
2097,21,390,3742200,95,41,54
2098,21,390,3742300,299,153,146
2099,21,390,3742400,249,132,117
2100,21,390,3742500,1259,642,617
2101,21,390,3742600,15,9,6
2102,21,390,3742700,1362,669,693
2103,21,390,3742800,271,127,144
2104,21,390,3742900,132,70,62
2105,21,390,3743000,321,152,169
2106,21,390,3743100,930,487,443
2107,21,390,3743200,171,80,91
2108,21,390,3743300,162,74,88
2109,21,390,3743400,175,79,96
2110,21,390,3743500,290,150,140
2111,21,390,3743600,59,26,33
2112,21,390,3743700,239,119,120
2113,21,390,3743800,476,248,228
2114,21,390,3743900,158,82,76
2115,21,390,3744000,102,49,53
2116,21,390,3744100,182,96,86
2117,21,390,3744200,747,382,365
2118,21,390,3744300,21,7,14
2119,21,390,3744400,490,228,262
2120,21,390,3744500,144,75,69
2121,21,390,3744600,218,111,107
2122,21,390,3744700,292,147,145
2123,21,390,3744800,104,52,52
2124,21,390,3744900,56,21,35
2125,21,390,3745000,176,89,87
2126,21,390,3745100,0,0,0
2127,21,390,3745200,154,81,73
2128,21,390,3745300,323,169,154
2129,21,390,3745400,0,0,0
2130,21,390,3745500,277,132,145
2131,21,390,3745600,852,415,437
2132,21,390,3745700,57,28,29
2133,21,390,3745800,205,106,99
2134,21,390,3745900,110,49,61
2135,21,390,3746000,237,117,120
2136,21,390,3746100,143,67,76
2137,21,390,3746200,66,31,35
2138,21,390,3746300,372,182,190
2139,21,390,3746400,113,46,67
2140,21,390,3746500,312,152,160
2141,21,390,3746600,18,9,9
2142,21,390,3746700,89,45,44
2143,21,390,3746800,114,55,59
2144,21,390,3746900,136,72,64
2145,21,390,3747000,157,87,70
2146,21,390,3747100,137,71,66
2147,21,390,3747200,305,147,158
2148,21,390,3747300,953,450,503
2149,21,390,3747400,324,149,175
2150,21,390,3747500,79,35,44
2151,21,390,3747600,150,75,75
2152,21,390,3747700,868,438,430
2153,21,390,3747800,815,392,423
2154,21,390,3747900,392,187,205
2155,21,390,3748000,831,403,428
2156,21,390,3748100,774,385,389
2157,21,390,3748200,131,58,73
2158,21,390,3748300,1259,609,650
2159,21,390,3748400,53,27,26
2160,21,390,3748500,703,318,385
2161,21,390,3748600,896,442,454
2162,21,390,3748700,67,28,39
2163,21,390,3748800,731,366,365
2164,21,390,3748900,2435,1299,1136
2165,21,390,3749000,360,169,191
2166,21,390,3749100,809,385,424
2167,21,390,3749200,527,263,264
2168,21,390,3749300,1293,616,677
2169,21,390,3749400,158,81,77
2170,21,390,3749500,283,126,157
2171,21,390,3749600,93,47,46
2172,21,390,3749700,195,82,113
2173,21,390,3749800,134,64,70
2174,21,390,3749900,261,124,137
2175,21,390,3750000,1583,764,819
2176,21,390,3750100,182,85,97
2177,21,390,3750200,784,400,384
2178,21,390,3750300,123,61,62
2179,21,390,3750400,265,116,149
2180,21,390,3750500,28,16,12
2181,21,390,3750600,502,225,277
2182,21,390,3750700,301,150,151
2183,21,390,3750800,42,26,16
2184,21,390,3750900,838,422,416
2185,21,390,3751000,693,329,364
2186,21,390,3751100,612,282,330
2187,21,390,3751200,377,185,192
2188,21,390,3751300,413,222,191
2189,21,390,3751400,1334,651,683
2190,21,390,3751500,210,102,108
2191,21,390,3751600,277,166,111
2192,21,390,3751700,275,147,128
2193,21,390,3751800,255,118,137
2194,21,390,3751900,447,225,222
2195,21,390,3752000,131,52,79
2196,21,390,3752100,274,127,147
2197,21,390,3752200,229,108,121
2198,21,390,3752300,546,271,275
2199,21,390,3752400,0,0,0
2200,21,390,3752500,218,109,109
2201,21,390,3752600,127,66,61
2202,21,390,3752700,311,147,164
2203,21,390,3752800,240,110,130
2204,21,390,3752900,378,182,196
2205,21,390,3753000,2781,1430,1351
2206,21,390,3753100,465,240,225
2207,21,390,3753200,202,79,123
2208,21,390,3753300,318,158,160
2209,21,390,3753400,102,37,65
2210,21,390,3753500,309,136,173
2211,21,390,3753600,376,188,188
2212,21,390,3753700,175,72,103
2213,21,390,3753800,704,327,377
2214,21,390,3753900,46,19,27
2215,21,390,3754000,0,0,0
2216,21,390,3754100,152,68,84
2217,21,390,3754200,0,0,0
2218,21,390,3754300,0,0,0
2219,21,390,3754400,56,24,32
2220,21,390,3754500,191,91,100
2221,21,390,3754600,70,29,41
2222,21,390,3754700,95,47,48
2223,21,390,3754800,90,39,51
2224,21,390,3754900,31,18,13
2225,21,390,3755000,79,36,43
2226,21,390,3755100,273,125,148
2227,21,390,3755200,102,37,65
2228,21,390,3755300,70,33,37
2229,21,390,3755400,490,249,241
2230,21,390,3755500,0,0,0
2231,21,390,3756000,0,0,0
2232,21,390,3756100,0,0,0
2233,21,390,3756200,307,137,170
2234,21,390,3756300,745,359,386
2235,21,390,3756400,0,0,0
2236,21,390,3756500,1128,554,574
2237,21,390,3756600,256,123,133
2238,21,390,3756700,620,312,308
2239,21,390,3756800,0,0,0
2240,21,390,3756900,18,9,9
2241,21,390,3757000,18,7,11
2242,21,390,3757100,464,205,259
2243,21,390,3757200,367,177,190
2244,21,390,3757300,1473,730,743
2245,21,390,3757400,0,0,0
2246,21,390,3757500,271,130,141
2247,21,390,3757600,193,87,106
2248,21,390,3757700,115,62,53
2249,21,390,3757800,118,48,70
2250,21,390,3757900,67,32,35
2251,21,390,3758000,0,0,0
2252,21,390,3758100,0,0,0
2253,21,390,3758200,191,89,102
2254,21,390,3758300,537,269,268
2255,21,390,3758400,167,79,88
2256,21,390,3758500,427,212,215
2257,21,390,3758600,309,134,175
2258,21,390,3758700,580,251,329
2259,21,390,3758800,643,350,293
2260,21,390,3758900,122,54,68
2261,21,390,3759000,24,13,11
2262,21,390,3759100,0,0,0
2263,21,390,3759200,2808,1406,1402
2264,21,390,3759300,966,467,499
2265,21,390,3759400,249,113,136
2266,21,390,3759500,641,322,319
2267,21,390,3759600,522,248,274
2268,21,390,3759700,218,111,107
2269,21,390,3759800,66,40,26
2270,21,390,3759900,117,62,55
2271,21,390,3760000,429,218,211
2272,21,390,3760100,299,134,165
2273,21,390,3760200,65,32,33
2274,21,390,3760300,312,161,151
2275,21,390,3760400,54,30,24
2276,21,390,3760500,161,74,87
2277,21,390,3760600,512,255,257
2278,21,390,3760700,360,156,204
2279,21,390,3760800,171,90,81
2280,21,390,3760900,163,83,80
2281,21,390,3761000,24,15,9
2282,21,390,3761100,443,201,242
2283,21,390,3761200,192,88,104
2284,21,390,3761300,721,366,355
2285,21,390,3761400,470,223,247
2286,21,390,3761500,599,295,304
2287,21,390,3761600,48,20,28
2288,21,390,3761700,599,300,299
2289,21,390,3761800,341,163,178
2290,21,390,3761900,308,153,155
2291,21,390,3762000,252,118,134
2292,21,390,3762100,170,93,77
2293,21,390,3762200,109,49,60
2294,21,390,3762300,97,52,45
2295,21,390,3762400,111,58,53
2296,21,390,3762500,252,119,133
2297,21,390,3762600,47,24,23
2298,21,390,3762700,341,192,149
2299,21,390,3762800,157,72,85
2300,21,390,3762900,228,109,119
2301,21,390,3763000,793,432,361
2302,21,390,3763100,104,55,49
2303,21,390,3763200,195,99,96
2304,21,390,3763300,132,61,71
2305,21,390,3763400,194,88,106
2306,21,390,3763500,168,80,88
2307,21,390,3763600,427,209,218
2308,21,390,3763700,316,161,155
2309,21,390,3763800,6235,3050,3185
2310,21,390,3763900,287,132,155
2311,21,390,3764000,321,153,168
2312,21,390,3764100,36,18,18
2313,21,390,3764200,360,178,182
2314,21,390,3764300,0,0,0
2315,21,390,3764400,187,82,105
2316,21,390,3764500,83,44,39
2317,21,390,3764600,37,20,17
2318,21,390,3764700,33,15,18
2319,21,390,3764800,0,0,0
2320,21,390,3764900,0,0,0
2321,21,390,3765000,213,87,126
2322,21,390,3765100,161,83,78
2323,21,390,3765200,93,49,44
2324,21,390,3765300,1109,558,551
2325,21,390,3765400,347,171,176
2326,21,390,3765500,300,135,165
2327,21,390,3765600,242,119,123
2328,21,390,3765700,525,236,289
2329,21,390,3765800,658,303,355
2330,21,390,3765900,36,16,20
2331,21,390,3766000,1147,653,494
2332,21,390,3766100,245,121,124
2333,21,390,3766200,622,340,282
2334,21,390,3766300,422,216,206
2335,21,390,3766400,183,95,88
2336,21,390,3766500,204,102,102
2337,21,390,3766600,239,106,133
2338,21,390,3766700,620,287,333
2339,21,390,3766800,487,254,233
2340,21,390,3766900,268,132,136
2341,21,390,3767000,467,216,251
2342,21,390,3767100,300,150,150
2343,21,390,3767200,305,143,162
2344,21,390,3767300,572,277,295
2345,21,390,3767400,309,159,150
2346,21,390,3767500,737,356,381
2347,21,390,3767600,461,206,255
2348,21,390,3767700,942,468,474
2349,21,390,3767800,27,13,14
2350,21,390,3767900,698,332,366
2351,21,390,3768000,296,142,154
2352,21,390,3768100,0,0,0
2353,21,390,3768200,232,92,140
2354,21,390,3768300,450,222,228
2355,21,390,3768400,472,222,250
2356,21,390,3768500,71,31,40
2357,21,390,3768600,242,122,120
2358,21,390,3768700,124,53,71
2359,21,390,3768800,44,16,28
2360,21,390,3768900,668,346,322
2361,21,390,3769000,367,175,192
2362,21,390,3769100,399,199,200
2363,21,390,3769200,266,122,144
2364,21,390,3769300,475,221,254
2365,21,390,3769400,62,30,32
2366,21,390,3769500,294,159,135
2367,21,390,3769600,301,151,150
2368,21,390,3769700,754,361,393
2369,21,390,3769800,197,104,93
2370,21,390,3769900,171,76,95
2371,21,390,3770000,268,134,134
2372,21,390,3770100,262,128,134
2373,21,390,3770200,1029,496,533
2374,21,390,3770300,78,38,40
2375,21,390,3770400,190,89,101
2376,21,390,3770500,378,183,195
2377,21,390,3770600,323,156,167
2378,21,390,3770700,437,203,234
2379,21,390,3770800,399,208,191
2380,21,390,3770900,178,74,104
2381,21,390,3771000,246,128,118
2382,21,390,3771100,412,194,218
2383,21,390,3771200,702,325,377
2384,21,390,3771300,372,167,205
2385,21,390,3771400,810,404,406
2386,21,390,3771500,471,218,253
2387,21,390,3771600,258,127,131
2388,21,390,3771700,195,93,102
2389,21,390,3771800,234,116,118
2390,21,390,3771900,775,385,390
2391,21,390,3772000,455,219,236
2392,21,390,3772100,44,21,23
2393,21,390,3772200,857,425,432
2394,21,390,3772300,631,309,322
2395,21,390,3772400,80,40,40
2396,21,390,3772500,40,20,20
2397,21,390,3772600,88,49,39
2398,21,390,3755600,0,0,0
2399,21,390,3755700,21,12,9
2400,21,390,3772700,50,26,24
2401,21,390,3755800,167,79,88
2402,21,390,3772800,36,16,20
2403,21,390,3755900,3,1,2
2404,21,390,3772900,0,0,0
2405,21,390,3773000,14,6,8
2406,21,390,3773100,384,184,200
2407,21,390,3773200,209,95,114
2408,21,390,3773300,482,306,176
2409,21,390,3773400,978,495,483
2410,21,390,3773500,1677,812,865
2411,21,390,3773600,1110,515,595
2412,21,390,3773700,386,180,206
2413,21,390,3773800,357,179,178
2414,21,390,3773900,144,66,78
2415,21,390,3774000,196,102,94
2416,21,390,3774100,631,320,311
2417,21,390,3774200,896,454,442
2418,21,390,3774300,611,294,317
2419,21,390,3774400,1699,839,860
2420,21,390,3774500,1537,752,785
2421,21,390,3774600,370,202,168
2422,21,390,3774700,272,130,142
2423,21,390,3774800,92,41,51
2424,21,390,3774900,9190,4434,4756
2425,21,390,3775000,1098,512,586
2426,21,390,3775100,266,142,124
2427,21,390,3775200,230,110,120
2428,21,390,3775300,765,361,404
2429,21,390,3775400,419,212,207
2430,21,390,3775500,0,0,0
2431,21,390,3775600,294,147,147
2432,21,390,3775700,186,92,94
2433,21,390,3775800,271,125,146
2434,21,390,3775900,35,13,22
2435,21,390,3776000,53,24,29
2436,21,390,3776100,635,287,348
2437,21,390,3776200,472,226,246
2438,21,390,3776300,654,321,333
2439,21,390,3776400,2379,1140,1239
2440,21,390,3776500,254,123,131
2441,21,390,3776600,33,16,17
2442,21,390,3776700,588,308,280
2443,21,390,3776800,216,105,111
2444,21,390,3776900,826,392,434
2445,21,390,3777000,211,100,111
2446,21,390,3777100,322,147,175
2447,21,390,3777200,36,21,15
2448,21,390,3777300,52,26,26
2449,21,390,3777400,252,113,139
2450,21,390,3777500,163,80,83
2451,21,390,3777600,1508,728,780
2452,21,390,3777700,200,96,104
2453,21,390,3777800,212,111,101
2454,21,390,3777900,197,99,98
2455,21,390,3778000,96,42,54
2456,21,390,3778100,505,248,257
2457,21,390,3778200,191,96,95
2458,21,390,3778300,603,290,313
2459,21,390,3778400,287,132,155
2460,21,390,3778500,460,217,243
2461,21,390,3778600,135,65,70
2462,21,390,3778700,265,125,140
2463,21,390,3778800,341,170,171
2464,21,390,3778900,592,294,298
2465,21,390,3779000,148,73,75
2466,21,390,3779100,210,132,78
2467,21,390,3779200,476,237,239
2468,21,390,3779300,487,219,268
2469,21,390,3779400,684,329,355
2470,21,390,3779500,0,0,0
2471,21,390,3779600,363,197,166
2472,21,390,3779700,141,74,67
2473,21,390,3779800,361,177,184
2474,21,390,3779900,180,80,100
2475,21,390,3780000,134,73,61
2476,21,390,3780100,197,95,102
2477,21,390,3780200,199,92,107
2478,21,390,3780300,196,95,101
2479,21,390,3780400,392,190,202
2480,21,390,3780500,252,124,128
2481,21,390,3780600,182,90,92
2482,21,390,3780700,443,282,161
2483,21,390,3780800,335,168,167
2484,21,390,3780900,204,105,99
2485,21,390,3781000,592,286,306
2486,21,390,3781100,173,93,80
2487,21,390,3781200,1028,533,495
2488,21,390,3781300,263,126,137
2489,21,390,3781400,339,165,174
2490,21,390,3781500,0,0,0
2491,21,390,3781600,301,154,147
2492,21,390,3781700,223,109,114
2493,21,390,3781800,13,6,7
2494,21,390,3781900,534,301,233
2495,21,390,3782000,358,186,172
2496,21,390,3782100,13,6,7
2497,21,390,3782200,480,249,231
2498,21,390,3782300,251,124,127
2499,21,390,3782400,65,32,33
2500,21,390,3782500,158,75,83
2501,21,390,3782600,496,264,232
2502,21,390,3782700,245,119,126
2503,21,390,3782800,217,109,108
2504,21,390,3782900,24,12,12
2505,21,390,3783000,175,89,86
2506,21,390,3783100,132,66,66
2507,21,390,3783200,99,50,49
2508,21,390,3783300,76,41,35
2509,21,390,3783400,26,15,11
2510,21,390,3783500,98,48,50
2511,21,390,3783600,115,53,62
2512,21,390,3783700,55,32,23
2513,21,390,3783800,31,14,17
2514,21,390,3783900,73,33,40
2515,21,390,3784000,0,0,0
2516,21,390,3784100,193,95,98
2517,21,390,3784200,132,45,87
2518,21,390,3784300,74,39,35
2519,21,390,3784400,0,0,0
2520,21,390,3784500,192,96,96
2521,21,390,3784600,193,95,98
2522,21,390,3784700,80,41,39
2523,21,390,3784800,74,37,37
2524,21,390,3784900,0,0,0
2525,21,390,3785000,21,13,8
2526,21,390,3785100,0,0,0
2527,21,390,3785200,16,10,6
2528,21,390,3785300,0,0,0
2529,21,390,3785400,0,0,0
2530,21,390,3785500,363,194,169
2531,21,390,3785600,205,97,108
2532,21,390,3785700,0,0,0
2533,21,390,3785800,821,419,402
2534,21,390,3785900,523,260,263
2535,21,390,3786000,29,16,13
2536,21,390,3786100,769,384,385
2537,21,390,3786200,232,110,122
2538,21,390,3786300,171,91,80
2539,21,390,3786400,70,32,38
2540,21,390,3786500,87,48,39
2541,21,390,3786600,254,134,120
2542,21,390,3786700,813,412,401
2543,21,390,3786800,170,87,83
2544,21,390,3786900,0,0,0
2545,21,390,3787000,355,176,179
