,Statecode,Districtcode,VillageCode,Population,Males,Females
0,21,375,551700,3561,1761,1800
1,21,375,551800,1413,755,658
2,21,375,551900,1234,636,598
3,21,375,552000,258,160,98
4,21,375,552100,469,226,243
5,21,375,552200,785,391,394
6,21,375,552300,1342,787,555
7,21,375,552400,1678,836,842
8,21,375,552500,2468,1266,1202
9,21,375,552600,1590,797,793
10,21,375,552700,355,182,173
11,21,375,552800,352,169,183
12,21,375,552900,1191,604,587
13,21,375,553000,792,411,381
14,21,375,553100,1220,619,601
15,21,375,553200,283,137,146
16,21,375,553300,995,484,511
17,21,375,553400,209,116,93
18,21,375,553500,463,231,232
19,21,375,553600,1237,612,625
20,21,375,553700,1185,583,602
21,21,375,553800,566,272,294
22,21,375,553900,448,229,219
23,21,375,554000,1710,827,883
24,21,375,554100,2308,1160,1148
25,21,375,554200,373,186,187
26,21,375,554300,397,219,178
27,21,375,554400,462,238,224
28,21,375,554500,85,42,43
29,21,375,554600,188,98,90
30,21,375,554700,852,415,437
31,21,375,554800,2832,1430,1402
32,21,375,554900,69,35,34
33,21,375,555000,189,91,98
34,21,375,555100,166,74,92
35,21,375,555200,1129,562,567
36,21,375,555300,1434,679,755
37,21,375,555400,1664,831,833
38,21,375,555500,0,0,0
39,21,375,555600,881,456,425
40,21,375,555700,3826,2037,1789
41,21,375,555800,0,0,0
42,21,375,555900,1233,606,627
43,21,375,556000,445,219,226
44,21,375,556100,213,103,110
45,21,375,556200,549,280,269
46,21,375,556300,431,208,223
47,21,375,556400,72,34,38
48,21,375,556500,198,96,102
49,21,375,556600,479,252,227
50,21,375,556700,1732,872,860
51,21,375,556800,111,55,56
52,21,375,556900,209,102,107
53,21,375,557000,1048,523,525
54,21,375,557100,1740,872,868
55,21,375,557200,731,355,376
56,21,375,557300,560,262,298
57,21,375,557400,794,381,413
58,21,375,557500,603,296,307
59,21,375,557600,369,179,190
60,21,375,557700,365,171,194
61,21,375,557800,557,279,278
62,21,375,557900,1685,805,880
63,21,375,558000,853,431,422
64,21,375,558100,1609,809,800
65,21,375,558200,589,291,298
66,21,375,558300,422,204,218
67,21,375,558400,160,81,79
68,21,375,558500,599,302,297
69,21,375,558600,337,167,170
70,21,375,558700,310,148,162
71,21,375,558800,206,101,105
72,21,375,558900,0,0,0
73,21,375,559000,754,410,344
74,21,375,559100,318,164,154
75,21,375,559200,493,253,240
76,21,375,559300,337,170,167
77,21,375,559400,508,231,277
78,21,375,559500,269,124,145
79,21,375,559600,87,36,51
80,21,375,559700,137,70,67
81,21,375,559800,400,201,199
82,21,375,559900,95,47,48
83,21,375,560000,223,119,104
84,21,375,560100,481,239,242
85,21,375,560200,260,134,126
86,21,375,560300,633,316,317
87,21,375,560400,1947,973,974
88,21,375,560500,993,486,507
89,21,375,560600,964,492,472
90,21,375,560700,362,185,177
91,21,375,560800,555,281,274
92,21,375,560900,1325,667,658
93,21,375,561000,1124,550,574
94,21,375,561100,246,130,116
95,21,375,561200,108,55,53
96,21,375,561300,656,329,327
97,21,375,561400,356,184,172
98,21,375,561500,452,216,236
99,21,375,561600,361,183,178
100,21,375,561700,291,147,144
101,21,375,561800,575,281,294
102,21,375,561900,249,137,112
103,21,375,562000,542,268,274
104,21,375,562100,1391,680,711
105,21,375,562200,1126,538,588
106,21,375,562300,671,327,344
107,21,375,562400,850,431,419
108,21,375,562500,1024,519,505
109,21,375,562600,0,0,0
110,21,375,562700,171,83,88
111,21,375,562800,359,183,176
112,21,375,562900,237,108,129
113,21,375,563000,152,76,76
114,21,375,563100,289,141,148
115,21,375,563200,246,115,131
116,21,375,563300,188,99,89
117,21,375,563400,382,214,168
118,21,375,563500,334,156,178
119,21,375,563600,39,21,18
120,21,375,563700,534,290,244
121,21,375,563800,0,0,0
122,21,375,563900,0,0,0
123,21,375,564000,1784,933,851
124,21,375,564100,614,301,313
125,21,375,564200,883,532,351
126,21,375,564300,199,101,98
127,21,375,564400,271,134,137
128,21,375,564500,134,56,78
129,21,375,564600,740,341,399
130,21,375,564700,1310,675,635
131,21,375,564800,777,402,375
132,21,375,564900,310,159,151
133,21,375,565000,386,192,194
134,21,375,565100,306,160,146
135,21,375,565200,44,23,21
136,21,375,565300,289,145,144
137,21,375,565400,1305,651,654
138,21,375,565500,1483,756,727
139,21,375,565600,620,316,304
140,21,375,565700,8,4,4
141,21,375,565800,445,234,211
142,21,375,565900,579,283,296
143,21,375,566000,227,104,123
144,21,375,566100,287,137,150
145,21,375,566200,149,74,75
146,21,375,566300,696,363,333
147,21,375,566400,963,501,462
148,21,375,566500,1154,570,584
149,21,375,566600,695,339,356
150,21,375,566700,296,152,144
151,21,375,566800,422,221,201
152,21,375,566900,340,162,178
153,21,375,567000,422,209,213
154,21,375,567100,1831,941,890
155,21,375,567200,397,199,198
156,21,375,567300,291,148,143
157,21,375,567400,742,381,361
158,21,375,567500,509,238,271
159,21,375,567600,857,427,430
160,21,375,567700,711,365,346
161,21,375,567800,925,484,441
162,21,375,567900,291,133,158
163,21,375,568000,287,131,156
164,21,375,568100,432,211,221
165,21,375,568200,720,391,329
166,21,375,568300,637,310,327
167,21,375,568400,198,95,103
168,21,375,568500,297,159,138
169,21,375,568600,600,306,294
170,21,375,568700,281,136,145
171,21,375,568800,296,137,159
172,21,375,568900,318,152,166
173,21,375,569000,718,339,379
174,21,375,569100,659,328,331
175,21,375,569200,432,230,202
176,21,375,569300,494,236,258
177,21,375,569400,466,234,232
178,21,375,569500,128,59,69
179,21,375,569600,304,153,151
180,21,375,569700,191,84,107
181,21,375,569800,475,226,249
182,21,375,569900,208,102,106
183,21,375,570000,423,207,216
184,21,375,570100,508,250,258
185,21,375,570200,621,333,288
186,21,375,570300,1008,484,524
187,21,375,570400,482,244,238
188,21,375,570500,1722,911,811
189,21,375,570600,640,318,322
190,21,375,570700,136,59,77
191,21,375,570800,1002,485,517
192,21,375,570900,227,99,128
193,21,375,571000,269,133,136
194,21,375,571100,397,188,209
195,21,375,571200,92,46,46
196,21,375,571300,567,298,269
197,21,375,571400,162,86,76
198,21,375,571500,427,192,235
199,21,375,571600,618,310,308
200,21,375,571700,402,188,214
201,21,375,571800,860,449,411
202,21,375,571900,1103,564,539
203,21,375,572000,432,199,233
204,21,375,572100,842,397,445
205,21,375,572200,753,361,392
206,21,375,572300,825,409,416
207,21,375,572400,229,109,120
208,21,375,572500,1674,848,826
209,21,375,572600,584,302,282
210,21,375,572700,409,185,224
211,21,375,572800,400,197,203
212,21,375,572900,703,322,381
213,21,375,573000,369,170,199
214,21,375,573100,522,273,249
215,21,375,573200,690,350,340
216,21,375,573300,507,238,269
217,21,375,573400,626,307,319
218,21,375,573500,770,356,414
219,21,375,573600,256,126,130
220,21,375,573700,159,77,82
221,21,375,573800,203,98,105
222,21,375,573900,171,81,90
223,21,375,574000,704,344,360
224,21,375,574100,1834,888,946
225,21,375,574200,466,233,233
226,21,375,574300,618,296,322
227,21,375,574400,940,461,479
228,21,375,574500,214,116,98
229,21,375,574600,216,101,115
230,21,375,574700,85,43,42
231,21,375,574800,1304,660,644
232,21,375,574900,442,226,216
233,21,375,575000,214,106,108
234,21,375,575100,287,132,155
235,21,375,575200,704,343,361
236,21,375,575300,669,309,360
237,21,375,575400,522,244,278
238,21,375,575500,1325,658,667
239,21,375,575600,1244,626,618
240,21,375,575700,1095,537,558
241,21,375,575800,517,258,259
242,21,375,575900,1832,883,949
243,21,375,576000,459,216,243
244,21,375,576100,847,397,450
245,21,375,576200,321,176,145
246,21,375,576300,288,139,149
247,21,375,576400,1148,587,561
248,21,375,576500,283,146,137
249,21,375,576600,640,295,345
250,21,375,576700,1312,648,664
251,21,375,576800,212,93,119
252,21,375,576900,1002,554,448
253,21,375,577000,128,63,65
254,21,375,577100,257,131,126
255,21,375,577200,740,388,352
256,21,375,577300,0,0,0
257,21,375,577400,1225,587,638
258,21,375,577500,366,186,180
259,21,375,577600,585,297,288
260,21,375,577700,883,434,449
261,21,375,577800,833,403,430
262,21,375,577900,307,153,154
263,21,375,578000,898,492,406
264,21,375,578100,88,39,49
265,21,375,578200,617,318,299
266,21,375,578300,888,453,435
267,21,375,578400,0,0,0
268,21,375,578500,1715,919,796
269,21,375,578600,1693,914,779
270,21,375,578700,799,399,400
271,21,375,578800,701,346,355
272,21,375,578900,1846,912,934
273,21,375,579000,197,78,119
274,21,375,579100,251,122,129
275,21,375,579200,392,190,202
276,21,375,579300,177,92,85
277,21,375,579400,565,298,267
278,21,375,579500,1801,935,866
279,21,375,579600,121,51,70
280,21,375,579700,2294,1196,1098
281,21,375,579800,1493,745,748
282,21,375,579900,220,104,116
283,21,375,580000,635,318,317
284,21,375,580100,514,272,242
285,21,375,580200,755,396,359
286,21,375,580300,553,277,276
287,21,375,580400,1036,572,464
288,21,375,580500,551,281,270
289,21,375,580600,501,253,248
290,21,375,580700,406,209,197
291,21,375,580800,346,179,167
292,21,375,580900,474,233,241
293,21,375,581000,671,411,260
294,21,375,581100,549,287,262
295,21,375,581200,0,0,0
296,21,375,581300,1358,693,665
297,21,375,581400,4093,2022,2071
298,21,375,581500,402,196,206
299,21,375,581600,513,259,254
300,21,375,581700,937,455,482
301,21,375,581800,762,343,419
302,21,375,581900,524,253,271
303,21,375,582000,891,452,439
304,21,375,582100,695,347,348
305,21,375,582200,557,276,281
306,21,375,582300,727,357,370
307,21,375,582400,371,184,187
308,21,375,582500,0,0,0
309,21,375,582600,472,231,241
310,21,375,582700,610,290,320
311,21,375,582800,302,141,161
312,21,375,582900,740,358,382
313,21,375,583000,481,235,246
314,21,375,583100,1293,657,636
315,21,375,583200,1038,528,510
316,21,375,583300,451,219,232
317,21,375,583400,1567,764,803
318,21,375,583500,272,147,125
319,21,375,583600,812,402,410
320,21,375,583700,1161,596,565
321,21,375,583800,686,339,347
322,21,375,583900,1205,645,560
323,21,375,584000,2290,1214,1076
324,21,375,584100,522,273,249
325,21,375,584200,1508,745,763
326,21,375,584300,1053,537,516
327,21,375,584400,952,501,451
328,21,375,584500,336,176,160
329,21,375,584600,1013,494,519
330,21,375,584700,449,233,216
331,21,375,584800,609,329,280
332,21,375,584900,641,331,310
333,21,375,585000,247,132,115
334,21,375,585100,3484,1817,1667
335,21,375,585200,130,65,65
336,21,375,585300,716,389,327
337,21,375,585400,0,0,0
338,21,375,585500,287,159,128
339,21,375,585600,1135,565,570
340,21,375,585700,1341,686,655
341,21,375,585800,2901,1576,1325
342,21,375,585900,6689,3588,3101
343,21,375,586000,549,271,278
344,21,375,586100,814,417,397
345,21,375,586200,361,184,177
346,21,375,586300,168,86,82
347,21,375,586400,236,126,110
348,21,375,586500,417,218,199
349,21,375,586600,181,93,88
350,21,375,586700,109,58,51
351,21,375,586800,178,89,89
352,21,375,586900,882,462,420
353,21,375,587000,557,282,275
354,21,375,587100,305,149,156
355,21,375,587200,655,324,331
356,21,375,587300,471,251,220
357,21,375,587400,1093,528,565
358,21,375,587500,925,484,441
359,21,375,587600,1977,1021,956
360,21,375,587700,1460,762,698
361,21,375,587800,1603,867,736
362,21,375,587900,1278,695,583
363,21,375,588000,1724,854,870
364,21,375,588100,821,394,427
365,21,375,588200,1433,707,726
366,21,375,588300,764,399,365
367,21,375,588400,380,183,197
368,21,375,588500,162,85,77
369,21,375,588600,636,316,320
370,21,375,588700,361,184,177
371,21,375,588800,2007,1066,941
372,21,375,588900,1885,977,908
373,21,375,589000,618,305,313
374,21,375,589100,1314,650,664
375,21,375,589200,166,80,86
376,21,375,589300,506,266,240
377,21,375,589400,380,186,194
378,21,375,589500,1313,635,678
379,21,375,589600,312,147,165
380,21,375,589700,125,61,64
381,21,375,589800,499,262,237
382,21,375,589900,652,329,323
383,21,375,590000,482,237,245
384,21,375,590100,584,292,292
385,21,375,590200,148,79,69
386,21,375,590300,320,164,156
387,21,375,590400,510,271,239
388,21,375,590500,914,474,440
389,21,375,590600,860,415,445
390,21,375,590700,404,191,213
391,21,375,590800,145,77,68
392,21,375,590900,569,280,289
393,21,375,591000,0,0,0
394,21,375,591100,309,159,150
395,21,375,591200,302,139,163
396,21,375,591300,787,385,402
397,21,375,591400,689,321,368
398,21,375,591500,670,343,327
399,21,375,591600,1153,625,528
400,21,375,591700,190,91,99
401,21,375,591800,1033,506,527
402,21,375,591900,1158,561,597
403,21,375,592000,1009,501,508
404,21,375,592100,457,244,213
405,21,375,592200,889,453,436
406,21,375,592300,634,332,302
407,21,375,592400,351,179,172
408,21,375,592500,107,51,56
409,21,375,592600,1181,566,615
410,21,375,592700,319,151,168
411,21,375,592800,679,415,264
412,21,375,592900,1131,582,549
413,21,375,593000,262,163,99
414,21,375,593100,1733,935,798
415,21,375,593200,492,236,256
416,21,375,593300,942,467,475
417,21,375,593400,1204,596,608
418,21,375,593500,557,272,285
419,21,375,593600,723,363,360
420,21,375,593700,822,409,413
421,21,375,593800,1026,522,504
422,21,375,593900,213,113,100
423,21,375,594000,1584,797,787
424,21,375,594100,382,201,181
425,21,375,594200,778,403,375
426,21,375,594300,1019,395,624
427,21,375,594400,720,372,348
428,21,375,594500,620,319,301
429,21,375,594600,1840,900,940
430,21,375,594700,801,410,391
431,21,375,594800,374,194,180
432,21,375,594900,98,44,54
433,21,375,595000,1275,604,671
434,21,375,595100,932,442,490
435,21,375,595200,678,355,323
436,21,375,595300,1396,714,682
437,21,375,595400,712,333,379
438,21,375,595500,314,168,146
439,21,375,595600,376,173,203
440,21,375,595700,497,246,251
441,21,375,595800,349,163,186
442,21,375,595900,1181,579,602
443,21,375,596000,2311,1173,1138
444,21,375,596100,643,322,321
445,21,375,596200,1188,575,613
446,21,375,596300,594,309,285
447,21,375,596400,282,137,145
448,21,375,596500,943,451,492
449,21,375,596600,875,406,469
450,21,375,596700,1590,814,776
451,21,375,596800,0,0,0
452,21,375,596900,613,299,314
453,21,375,597000,896,439,457
454,21,375,597100,793,419,374
455,21,375,597200,604,291,313
456,21,375,597300,1108,560,548
457,21,375,597400,9,3,6
458,21,375,597500,517,264,253
459,21,375,597600,2759,1363,1396
460,21,375,597700,606,313,293
461,21,375,597800,836,416,420
462,21,375,597900,1099,559,540
463,21,375,598000,673,343,330
464,21,375,598100,973,494,479
465,21,375,598200,553,286,267
466,21,375,598300,117,56,61
467,21,375,598400,220,109,111
468,21,375,598500,504,230,274
469,21,375,598600,1361,666,695
470,21,375,598700,260,128,132
471,21,375,598800,387,191,196
472,21,375,598900,0,0,0
473,21,375,599000,319,162,157
474,21,375,599100,1196,604,592
475,21,375,599200,200,102,98
476,21,375,599300,427,216,211
477,21,375,599400,288,138,150
478,21,375,599500,325,153,172
479,21,375,599600,1035,502,533
480,21,375,599700,554,291,263
481,21,375,599800,520,241,279
482,21,375,599900,33,17,16
483,21,375,600000,4917,2474,2443
484,21,375,600100,1558,795,763
485,21,375,600200,77,36,41
486,21,375,600300,467,238,229
487,21,375,600400,815,410,405
488,21,375,600500,1500,754,746
489,21,375,600600,585,284,301
490,21,375,600700,1868,920,948
491,21,375,600800,307,147,160
492,21,375,600900,513,245,268
493,21,375,601000,327,156,171
494,21,375,601100,156,74,82
495,21,375,601200,318,156,162
496,21,375,601300,951,472,479
497,21,375,601400,366,174,192
498,21,375,601500,591,283,308
499,21,375,601600,817,401,416
500,21,375,601700,1264,612,652
501,21,375,601800,125,70,55
502,21,375,601900,824,401,423
503,21,375,602000,235,118,117
504,21,375,602100,489,242,247
505,21,375,602200,144,74,70
506,21,375,602300,291,137,154
507,21,375,602400,1319,648,671
508,21,375,602500,604,291,313
509,21,375,602600,510,231,279
510,21,375,602700,175,85,90
511,21,375,602800,1913,949,964
512,21,375,602900,299,154,145
513,21,375,603000,236,118,118
514,21,375,603100,241,121,120
515,21,375,603200,119,55,64
516,21,375,603300,968,478,490
517,21,375,603400,497,256,241
518,21,375,603500,707,332,375
519,21,375,603600,953,489,464
520,21,375,603700,198,92,106
521,21,375,603800,753,378,375
522,21,375,603900,543,262,281
523,21,375,604000,1195,658,537
524,21,375,604100,666,327,339
525,21,375,604200,740,374,366
526,21,375,604300,229,122,107
527,21,375,604400,347,156,191
528,21,375,604500,577,289,288
529,21,375,604600,1111,550,561
530,21,375,604700,502,258,244
531,21,375,604800,123,61,62
532,21,375,604900,326,156,170
533,21,375,605000,163,83,80
534,21,375,605100,92,49,43
535,21,375,605200,176,98,78
536,21,375,605300,203,95,108
537,21,375,605400,411,198,213
538,21,375,605500,1752,868,884
539,21,375,605600,1152,575,577
540,21,375,605700,1163,584,579
541,21,375,605800,408,193,215
542,21,375,605900,918,431,487
543,21,375,606000,1866,936,930
544,21,375,606100,1201,595,606
545,21,375,606200,582,303,279
546,21,375,606300,2324,1177,1147
547,21,375,606400,0,0,0
548,21,375,606500,364,183,181
549,21,375,606600,1446,711,735
550,21,375,606700,543,260,283
551,21,375,606800,1268,648,620
552,21,375,606900,306,159,147
553,21,375,607000,472,221,251
554,21,375,607100,193,93,100
555,21,375,607200,587,386,201
556,21,375,607300,627,326,301
557,21,375,607400,1409,742,667
558,21,375,607500,3283,1681,1602
559,21,375,607600,1215,583,632
560,21,375,607700,610,305,305
561,21,375,607800,634,317,317
562,21,375,607900,446,218,228
563,21,375,608000,1231,613,618
564,21,375,608100,365,177,188
565,21,375,608200,425,218,207
566,21,375,608300,320,153,167
567,21,375,608400,1577,777,800
568,21,375,608500,705,379,326
569,21,375,608600,1695,848,847
570,21,375,608700,878,429,449
571,21,375,608800,2636,1303,1333
572,21,375,608900,553,283,270
573,21,375,609000,1096,523,573
574,21,375,609100,467,238,229
575,21,375,609200,975,493,482
576,21,375,609300,732,365,367
577,21,375,609400,1725,742,983
578,21,375,609500,525,258,267
579,21,375,609600,647,329,318
580,21,375,609700,576,295,281
581,21,375,609800,1271,630,641
582,21,375,609900,990,489,501
583,21,375,610000,382,185,197
584,21,375,610100,708,356,352
585,21,375,610200,386,186,200
586,21,375,610300,1289,651,638
587,21,375,610400,487,249,238
588,21,375,610500,495,253,242
589,21,375,610600,1079,513,566
590,21,375,610700,341,160,181
591,21,375,610800,349,166,183
592,21,375,610900,1195,565,630
593,21,375,611000,0,0,0
594,21,375,611100,289,133,156
595,21,375,611200,782,387,395
596,21,375,611300,333,164,169
597,21,375,611400,803,387,416
598,21,375,611500,230,118,112
599,21,375,611600,1161,582,579
600,21,375,611700,213,107,106
601,21,375,611800,1723,835,888
602,21,375,611900,269,141,128
603,21,375,612000,0,0,0
604,21,375,612100,558,283,275
605,21,375,612200,978,470,508
606,21,375,612300,355,171,184
607,21,375,612400,417,198,219
608,21,375,612500,605,297,308
609,21,375,612600,326,155,171
610,21,375,612700,479,226,253
611,21,375,612800,329,176,153
612,21,375,612900,1729,840,889
613,21,375,613000,1015,536,479
614,21,375,613100,423,203,220
615,21,375,613200,454,226,228
616,21,375,613300,19,9,10
617,21,375,613400,126,69,57
618,21,375,613500,681,342,339
619,21,375,613600,824,399,425
620,21,375,613700,433,211,222
621,21,375,613800,987,506,481
622,21,375,613900,697,348,349
623,21,375,614000,400,196,204
624,21,375,614100,899,441,458
625,21,375,614200,422,207,215
626,21,375,614300,1220,595,625
627,21,375,614400,386,207,179
628,21,375,614500,358,167,191
629,21,375,614600,742,362,380
630,21,375,614700,193,87,106
631,21,375,614800,926,447,479
632,21,375,614900,564,283,281
633,21,375,615000,602,283,319
634,21,375,615100,1182,580,602
635,21,375,615200,1534,747,787
636,21,375,615300,2549,1297,1252
637,21,375,615400,283,146,137
638,21,375,615500,1118,581,537
639,21,375,615600,212,108,104
640,21,375,615700,745,392,353
641,21,375,615800,309,154,155
642,21,375,615900,79,38,41
643,21,375,616000,639,316,323
644,21,375,616100,1864,958,906
645,21,375,616200,227,114,113
646,21,375,616300,417,211,206
647,21,375,616400,505,267,238
648,21,375,616500,1155,555,600
649,21,375,616600,949,479,470
650,21,375,616700,567,287,280
651,21,375,616800,454,215,239
652,21,375,616900,167,77,90
653,21,375,617000,686,340,346
654,21,375,617100,373,178,195
655,21,375,617200,456,222,234
656,21,375,617300,912,470,442
657,21,375,617400,606,302,304
658,21,375,617500,1084,523,561
659,21,375,617600,915,439,476
660,21,375,617700,546,265,281
661,21,375,617800,1444,754,690
662,21,375,617900,836,412,424
663,21,375,618000,561,277,284
664,21,375,618100,438,213,225
665,21,375,618200,527,287,240
666,21,375,618300,377,188,189
667,21,375,618400,1281,660,621
668,21,375,618500,0,0,0
669,21,375,618600,175,96,79
670,21,375,618700,1177,566,611
671,21,375,618800,103,48,55
672,21,375,618900,250,122,128
673,21,375,619000,604,313,291
674,21,375,619100,406,204,202
675,21,375,619200,737,352,385
676,21,375,619300,169,76,93
677,21,375,619400,282,133,149
678,21,375,619500,448,228,220
679,21,375,619600,763,379,384
680,21,375,619700,342,162,180
681,21,375,619800,148,69,79
682,21,375,619900,975,472,503
683,21,375,620000,365,171,194
684,21,375,620100,207,110,97
685,21,375,620200,418,226,192
686,21,375,620300,832,414,418
687,21,375,620400,477,233,244
688,21,375,620500,765,393,372
689,21,375,620600,564,274,290
690,21,375,620700,2212,1137,1075
691,21,375,620800,768,402,366
692,21,375,620900,645,326,319
693,21,375,621000,1121,620,501
694,21,375,621100,328,159,169
695,21,375,621200,1301,651,650
696,21,375,621300,409,213,196
697,21,375,621400,130,66,64
698,21,375,621500,786,409,377
699,21,375,621600,978,508,470
700,21,375,621700,709,382,327
701,21,375,621800,2216,1083,1133
702,21,375,621900,567,276,291
703,21,375,622000,520,257,263
704,21,375,622100,637,319,318
705,21,375,622200,2080,1034,1046
706,21,375,622300,787,389,398
707,21,375,622400,505,262,243
708,21,375,622500,2537,1259,1278
709,21,375,622600,1178,592,586
710,21,375,622700,965,479,486
711,21,375,622800,355,182,173
712,21,375,622900,502,237,265
713,21,375,623000,1466,726,740
714,21,375,623100,795,380,415
715,21,375,623200,815,401,414
716,21,375,623300,1355,588,767
717,21,375,623400,612,325,287
718,21,375,623500,309,153,156
719,21,375,623600,378,198,180
720,21,375,623700,1015,501,514
721,21,375,623800,332,164,168
722,21,375,623900,603,306,297
723,21,375,624000,404,220,184
724,21,375,624100,137,65,72
725,21,375,624200,690,347,343
726,21,375,624300,1637,822,815
727,21,375,624400,0,0,0
728,21,375,624500,0,0,0
729,21,375,624600,1083,543,540
730,21,375,624700,0,0,0
731,21,375,624800,169,72,97
732,21,375,624900,670,322,348
733,21,375,625000,388,193,195
734,21,375,625100,708,354,354
735,21,375,625200,527,260,267
736,21,375,625300,1181,611,570
737,21,375,625400,393,199,194
738,21,375,625500,265,136,129
739,21,375,625600,917,475,442
740,21,375,625700,260,131,129
741,21,375,625800,28,16,12
742,21,375,625900,366,185,181
743,21,375,626000,800,391,409
744,21,375,626100,1517,760,757
745,21,375,626200,356,173,183
746,21,375,626300,391,194,197
747,21,375,626400,584,273,311
748,21,375,626500,614,305,309
749,21,375,626600,269,132,137
750,21,375,626700,316,156,160
751,21,375,626800,231,113,118
752,21,375,626900,1579,771,808
753,21,375,627000,497,246,251
754,21,375,627100,299,155,144
755,21,375,627200,1730,823,907
756,21,375,627300,581,274,307
757,21,375,627400,481,242,239
758,21,375,627500,806,400,406
759,21,375,627600,388,192,196
760,21,375,627700,604,304,300
761,21,375,627800,271,129,142
762,21,375,627900,229,113,116
763,21,375,628000,762,358,404
764,21,375,628100,1136,588,548
765,21,375,628200,88,43,45
766,21,375,628300,223,109,114
767,21,375,628400,161,78,83
768,21,375,628500,454,233,221
769,21,375,628600,1296,685,611
770,21,375,628700,837,429,408
771,21,375,628800,250,133,117
772,21,375,628900,950,469,481
773,21,375,629000,1155,549,606
774,21,375,629100,797,396,401
775,21,375,629200,645,335,310
776,21,375,629300,310,161,149
777,21,375,629400,671,329,342
778,21,375,629500,911,453,458
779,21,375,629600,564,283,281
780,21,375,629700,1186,606,580
781,21,375,629800,750,371,379
782,21,375,629900,301,146,155
783,21,375,630000,934,470,464
784,21,375,630100,930,471,459
785,21,375,630200,431,206,225
786,21,375,630300,4782,2413,2369
787,21,375,630400,532,279,253
788,21,375,630500,513,254,259
789,21,375,630600,659,318,341
790,21,375,630700,699,321,378
791,21,375,630800,1723,830,893
792,21,375,630900,2035,1020,1015
793,21,375,631000,352,184,168
794,21,375,631100,388,186,202
795,21,375,631200,1072,508,564
796,21,375,631300,678,349,329
797,21,375,631400,385,179,206
798,21,375,631500,441,221,220
799,21,375,631600,269,136,133
800,21,375,631700,633,296,337
801,21,375,631800,734,346,388
802,21,375,631900,707,361,346
803,21,375,632000,1336,657,679
804,21,375,632100,866,430,436
805,21,375,632200,1057,550,507
806,21,375,632300,560,281,279
807,21,375,632400,42,20,22
808,21,375,632500,614,291,323
809,21,375,632600,532,268,264
810,21,375,632700,451,233,218
811,21,375,632800,806,378,428
812,21,375,632900,466,222,244
813,21,375,633000,552,258,294
814,21,375,633100,431,212,219
815,21,375,633200,349,176,173
816,21,375,633300,1069,510,559
817,21,375,633400,294,141,153
818,21,375,633500,40,18,22
819,21,375,633600,237,129,108
820,21,375,633700,2199,1051,1148
821,21,375,633800,1169,544,625
822,21,375,633900,230,106,124
823,21,375,634000,284,137,147
824,21,375,634100,159,80,79
825,21,375,634200,320,164,156
826,21,375,634300,132,59,73
827,21,375,634400,582,297,285
828,21,375,634500,401,199,202
829,21,375,634600,484,229,255
830,21,375,634700,896,447,449
831,21,375,634800,406,194,212
832,21,375,634900,331,158,173
833,21,375,635000,672,336,336
834,21,375,635100,636,304,332
835,21,375,635200,1604,831,773
836,21,375,635300,385,181,204
837,21,375,635400,429,214,215
838,21,375,635500,725,365,360
839,21,375,635600,835,394,441
840,21,375,635700,843,412,431
841,21,375,635800,771,401,370
842,21,375,635900,865,419,446
843,21,375,636000,457,233,224
844,21,375,636100,222,113,109
845,21,375,636200,100,46,54
846,21,375,636300,297,133,164
847,21,375,636400,508,257,251
848,21,375,636500,1027,505,522
849,21,375,636600,251,128,123
850,21,375,636700,211,110,101
851,21,375,636800,872,422,450
852,21,375,636900,155,80,75
853,21,375,637000,421,208,213
854,21,375,637100,440,224,216
855,21,375,637200,393,209,184
856,21,375,637300,1308,625,683
857,21,375,637400,214,107,107
858,21,375,637500,238,115,123
859,21,375,637600,385,197,188
860,21,375,637700,209,110,99
861,21,375,637800,1192,607,585
862,21,375,637900,1293,605,688
863,21,375,638000,424,200,224
864,21,375,638100,1857,958,899
865,21,375,638200,0,0,0
866,21,375,638300,1243,613,630
867,21,375,638400,273,147,126
868,21,375,638500,543,268,275
869,21,375,638600,2004,995,1009
870,21,375,638700,958,483,475
871,21,375,638800,226,114,112
872,21,375,638900,34,17,17
873,21,375,639000,0,0,0
874,21,375,639100,42,23,19
875,21,375,639200,757,391,366
876,21,375,639300,254,114,140
877,21,375,639400,228,116,112
878,21,375,639500,313,148,165
879,21,375,639600,640,318,322
880,21,375,639700,388,191,197
881,21,375,639800,1257,647,610
882,21,375,639900,527,249,278
883,21,375,640000,1463,705,758
884,21,375,640100,1336,662,674
885,21,375,640200,875,408,467
886,21,375,640300,583,299,284
887,21,375,640400,737,354,383
888,21,375,640500,724,371,353
889,21,375,640600,337,177,160
890,21,375,640700,319,158,161
891,21,375,640800,911,446,465
892,21,375,640900,303,147,156
893,21,375,641000,738,370,368
894,21,375,641100,469,229,240
895,21,375,641200,994,521,473
896,21,375,641300,726,343,383
897,21,375,641400,1323,685,638
898,21,375,641500,271,138,133
899,21,375,641600,273,103,170
900,21,375,641700,379,191,188
901,21,375,641800,576,286,290
902,21,375,641900,640,333,307
903,21,375,642000,647,313,334
904,21,375,642100,947,469,478
905,21,375,642200,453,227,226
906,21,375,642300,719,346,373
907,21,375,642400,817,421,396
908,21,375,642500,757,371,386
909,21,375,642600,1166,609,557
910,21,375,642700,995,489,506
911,21,375,642800,372,173,199
912,21,375,642900,322,171,151
913,21,375,643000,230,115,115
914,21,375,643100,89,46,43
915,21,375,643200,468,243,225
916,21,375,643300,460,244,216
917,21,375,643400,484,242,242
918,21,375,643500,244,119,125
919,21,375,643600,1214,598,616
920,21,375,643700,1554,777,777
921,21,375,643800,439,216,223
922,21,375,643900,806,400,406
923,21,375,644000,283,151,132
924,21,375,644100,412,205,207
925,21,375,644200,397,201,196
926,21,375,644300,641,309,332
927,21,375,644400,682,320,362
928,21,375,644500,452,218,234
929,21,375,644600,5,2,3
930,21,375,644700,2183,1064,1119
931,21,375,644800,88,41,47
932,21,375,644900,907,446,461
933,21,375,645000,8,4,4
934,21,375,645100,16,8,8
935,21,375,645200,1753,907,846
936,21,375,645300,189,102,87
937,21,375,645400,199,96,103
938,21,375,645500,469,227,242
939,21,375,645600,990,502,488
940,21,375,645700,203,107,96
941,21,375,645800,91,48,43
942,21,375,645900,231,117,114
943,21,375,646000,675,317,358
944,21,375,646100,1204,612,592
945,21,375,646200,1674,838,836
946,21,375,646300,830,416,414
947,21,375,646400,1652,857,795
948,21,375,646500,521,252,269
949,21,375,646600,170,83,87
950,21,375,646700,900,459,441
951,21,375,646800,532,274,258
952,21,375,646900,178,88,90
953,21,375,647000,251,130,121
954,21,375,647100,1023,506,517
955,21,375,647200,790,388,402
956,21,375,647300,479,259,220
957,21,375,647400,311,158,153
958,21,375,647500,1126,543,583
959,21,375,647600,1889,938,951
960,21,375,647700,1213,600,613
961,21,375,647800,379,192,187
962,21,375,647900,873,438,435
963,21,375,648000,528,259,269
964,21,375,648100,543,277,266
965,21,375,648200,640,319,321
966,21,375,648300,497,245,252
967,21,375,648400,2268,1129,1139
968,21,375,648500,611,290,321
969,21,375,648600,301,154,147
970,21,375,648700,512,268,244
971,21,375,648800,904,431,473
972,21,375,648900,319,174,145
973,21,375,649000,596,294,302
974,21,375,649100,512,253,259
975,21,375,649200,702,356,346
976,21,375,649300,1271,657,614
977,21,375,649400,918,455,463
978,21,375,649500,1407,697,710
979,21,375,649600,667,341,326
980,21,375,649700,699,343,356
981,21,375,649800,986,475,511
982,21,375,649900,1504,760,744
983,21,375,650000,1225,617,608
984,21,375,650100,554,267,287
985,21,375,650200,590,303,287
986,21,375,650300,347,177,170
987,21,375,650400,850,400,450
988,21,375,650500,614,305,309
989,21,375,650600,673,342,331
990,21,375,650700,996,462,534
991,21,375,650800,261,128,133
992,21,375,650900,1359,672,687
993,21,375,651000,907,457,450
994,21,375,651100,1095,550,545
995,21,375,651200,1018,537,481
996,21,375,651300,1010,504,506
997,21,375,651400,760,386,374
998,21,375,651500,509,266,243
999,21,375,651600,814,409,405
1000,21,375,651700,1153,560,593
1001,21,375,651800,455,230,225
1002,21,375,651900,606,294,312
1003,21,375,652000,1010,489,521
1004,21,375,652100,247,134,113
1005,21,375,652200,684,327,357
1006,21,375,652300,87,48,39
1007,21,375,652400,1197,587,610
1008,21,375,652500,463,226,237
1009,21,375,652600,715,352,363
1010,21,375,652700,743,372,371
1011,21,375,652800,838,430,408
1012,21,375,652900,882,424,458
1013,21,375,653000,2418,1333,1085
1014,21,375,653100,1123,596,527
1015,21,375,653200,1439,731,708
1016,21,375,653300,900,447,453
1017,21,375,653400,938,467,471
1018,21,375,653500,1388,695,693
1019,21,375,653600,406,207,199
1020,21,375,653700,1386,693,693
1021,21,375,653800,1166,670,496
1022,21,375,653900,0,0,0
1023,21,375,654000,607,309,298
1024,21,375,654100,221,106,115
1025,21,375,654200,1018,521,497
1026,21,375,654300,530,269,261
1027,21,375,654400,648,319,329
1028,21,375,654500,3121,1541,1580
1029,21,375,654600,1306,658,648
1030,21,375,654700,521,256,265
1031,21,375,654800,387,193,194
1032,21,375,654900,1388,702,686
1033,21,375,655000,842,417,425
1034,21,375,655100,697,347,350
1035,21,375,655200,194,95,99
1036,21,375,655300,169,77,92
1037,21,375,655400,350,178,172
1038,21,375,655500,1145,585,560
1039,21,375,655600,1105,547,558
1040,21,375,655700,848,411,437
1041,21,375,655800,802,402,400
1042,21,375,655900,995,497,498
1043,21,375,656000,978,481,497
1044,21,375,656100,615,310,305
1045,21,375,656200,584,271,313
1046,21,375,656300,409,193,216
1047,21,375,656400,69,38,31
1048,21,375,656500,369,185,184
1049,21,375,656600,599,281,318
1050,21,375,656700,1254,635,619
1051,21,375,656800,2011,988,1023
1052,21,375,656900,64,33,31
1053,21,375,657000,636,316,320
1054,21,375,657100,10,4,6
1055,21,375,657200,2817,1447,1370
1056,21,375,657300,1659,842,817
1057,21,375,657400,671,317,354
1058,21,375,657500,581,290,291
1059,21,375,657600,415,197,218
1060,21,375,657700,680,333,347
1061,21,375,657800,710,339,371
1062,21,375,657900,554,276,278
1063,21,375,658000,288,147,141
1064,21,375,658100,427,233,194
1065,21,375,658200,158,84,74
1066,21,375,658300,692,364,328
1067,21,375,658400,1169,599,570
1068,21,375,658500,459,239,220
1069,21,375,658600,1288,649,639
1070,21,375,658700,591,314,277
1071,21,375,658800,109,61,48
1072,21,375,658900,934,485,449
1073,21,375,659000,2207,1133,1074
1074,21,375,659100,1120,579,541
1075,21,375,659200,1877,953,924
1076,21,375,659300,735,358,377
1077,21,375,659400,786,391,395
1078,21,375,659500,291,155,136
1079,21,375,659600,1186,591,595
1080,21,375,659700,2450,1167,1283
1081,21,375,659800,696,329,367
1082,21,375,659900,1594,780,814
1083,21,375,660000,438,221,217
1084,21,375,660100,587,296,291
1085,21,375,660200,508,254,254
1086,21,375,660300,670,342,328
1087,21,375,660400,444,239,205
1088,21,375,660500,1523,764,759
1089,21,375,660600,1590,816,774
1090,21,375,660700,746,377,369
1091,21,375,660800,291,154,137
1092,21,375,660900,442,211,231
1093,21,375,661000,239,118,121
1094,21,375,661100,727,364,363
1095,21,375,661200,272,132,140
1096,21,375,661300,1867,927,940
1097,21,375,661400,647,317,330
1098,21,375,661500,1131,540,591
1099,21,375,661600,681,342,339
1100,21,375,661700,290,144,146
1101,21,375,661800,400,211,189
1102,21,375,661900,307,144,163
1103,21,375,662000,880,427,453
1104,21,375,662100,625,305,320
1105,21,375,662200,508,246,262
1106,21,375,662300,1463,754,709
1107,21,375,662400,239,124,115
1108,21,375,662500,1099,564,535
1109,21,375,662600,994,498,496
1110,21,375,662700,1002,498,504
1111,21,375,662800,329,171,158
1112,21,375,662900,303,138,165
1113,21,375,663000,1005,476,529
1114,21,375,663100,80,39,41
1115,21,375,663200,322,152,170
1116,21,375,663300,735,355,380
1117,21,375,663400,505,231,274
1118,21,375,663500,421,214,207
1119,21,375,663600,481,252,229
1120,21,375,663700,495,239,256
1121,21,375,663800,493,313,180
1122,21,375,663900,986,486,500
1123,21,375,664000,442,229,213
1124,21,375,664100,652,344,308
1125,21,375,664200,783,389,394
1126,21,375,664300,0,0,0
1127,21,375,664400,333,182,151
1128,21,375,664500,474,244,230
1129,21,375,664600,83,40,43
1130,21,375,664700,937,471,466
1131,21,375,664800,669,337,332
1132,21,375,664900,9,5,4
1133,21,375,665000,433,224,209
1134,21,375,665100,1038,521,517
1135,21,375,665200,1136,567,569
1136,21,375,665300,927,454,473
1137,21,375,665400,447,228,219
1138,21,375,665500,426,199,227
1139,21,375,665600,1257,659,598
1140,21,375,665700,652,318,334
1141,21,375,665800,422,215,207
1142,21,375,665900,359,173,186
1143,21,375,666000,1814,926,888
1144,21,375,666100,343,188,155
1145,21,375,666200,2529,1280,1249
1146,21,375,666300,421,216,205
1147,21,375,666400,70,31,39
1148,21,375,666500,926,523,403
1149,21,375,666600,409,211,198
1150,21,375,666700,49,24,25
1151,21,375,666800,249,124,125
1152,21,375,666900,284,134,150
1153,21,375,667000,1032,492,540
1154,21,375,667100,1581,799,782
1155,21,375,667200,979,478,501
1156,21,375,667300,607,292,315
1157,21,375,667400,589,287,302
1158,21,375,667500,1561,786,775
1159,21,375,667600,803,396,407
1160,21,375,667700,1013,463,550
1161,21,375,667800,220,101,119
1162,21,375,667900,494,256,238
1163,21,375,668000,2128,1087,1041
1164,21,375,668100,1537,790,747
1165,21,375,668200,40,17,23
1166,21,375,668300,1155,596,559
1167,21,375,668400,2195,1183,1012
1168,21,375,668500,1174,617,557
1169,21,375,668600,1314,663,651
1170,21,375,668700,134,74,60
1171,21,375,668800,3,2,1
1172,21,375,668900,618,324,294
1173,21,375,669000,1155,572,583
1174,21,375,669100,1023,519,504
1175,21,375,669200,344,169,175
1176,21,375,669300,1228,614,614
1177,21,375,669400,344,166,178
1178,21,375,669500,339,166,173
1179,21,375,669600,580,280,300
1180,21,375,669700,967,475,492
1181,21,375,669800,851,404,447
1182,21,375,669900,596,289,307
1183,21,375,670000,600,302,298
1184,21,375,670100,461,223,238
1185,21,375,670200,320,152,168
1186,21,375,670300,889,475,414
1187,21,375,670400,478,249,229
1188,21,375,670500,534,262,272
1189,21,375,670600,2018,1001,1017
1190,21,375,670700,633,325,308
1191,21,375,670800,4443,2263,2180
1192,21,375,670900,828,416,412
1193,21,375,671000,466,239,227
1194,21,375,671100,162,81,81
1195,21,375,671200,1268,625,643
1196,21,375,671300,432,212,220
1197,21,375,671400,78,44,34
1198,21,375,671500,2400,1212,1188
1199,21,375,671600,371,169,202
1200,21,375,671700,542,276,266
1201,21,375,671800,307,152,155
1202,21,375,671900,313,149,164
1203,21,375,672000,722,351,371
1204,21,375,672100,297,145,152
1205,21,375,672200,144,65,79
1206,21,375,672300,366,181,185
1207,21,375,672400,681,389,292
1208,21,375,672500,2145,1036,1109
1209,21,375,672600,574,301,273
1210,21,375,672700,650,335,315
1211,21,375,672800,1616,810,806
1212,21,375,672900,1574,795,779
1213,21,375,673000,1404,730,674
1214,21,375,673100,372,203,169
1215,21,375,673200,76,43,33
1216,21,375,673300,28,26,2
1217,21,375,673400,163,91,72
1218,21,375,673500,2275,1166,1109
1219,21,375,673600,973,479,494
1220,21,375,673700,332,166,166
1221,21,375,673800,1299,614,685
1222,21,375,673900,1257,627,630
1223,21,375,674000,104,50,54
1224,21,375,674100,259,136,123
1225,21,375,674200,442,209,233
1226,21,375,674300,176,87,89
1227,21,375,674400,291,154,137
1228,21,375,674500,447,208,239
1229,21,375,674600,1049,516,533
1230,21,375,674700,291,143,148
1231,21,375,674800,295,152,143
1232,21,375,674900,455,227,228
1233,21,375,675000,204,98,106
1234,21,375,675100,1030,512,518
1235,21,375,675200,269,141,128
1236,21,375,675300,497,260,237
1237,21,375,675400,220,110,110
1238,21,375,675500,624,303,321
1239,21,375,675600,1297,620,677
1240,21,375,675700,1254,649,605
1241,21,375,675800,1429,727,702
1242,21,375,675900,491,213,278
1243,21,375,676000,1222,605,617
1244,21,375,676100,452,220,232
1245,21,375,676200,1093,521,572
1246,21,375,676300,389,190,199
1247,21,375,676400,209,100,109
1248,21,375,676500,324,164,160
1249,21,375,676600,559,254,305
1250,21,375,676700,310,155,155
1251,21,375,676800,510,237,273
1252,21,375,676900,117,66,51
1253,21,375,677000,1242,605,637
1254,21,375,677100,1282,619,663
1255,21,375,677200,249,122,127
1256,21,375,677300,305,140,165
1257,21,375,677400,701,380,321
1258,21,375,677500,1765,873,892
1259,21,375,677600,3054,1580,1474
1260,21,375,677700,134,70,64
1261,21,375,677800,635,304,331
1262,21,375,677900,505,258,247
1263,21,375,678000,490,247,243
1264,21,375,678100,803,396,407
1265,21,375,678200,222,116,106
1266,21,375,678300,387,193,194
1267,21,375,678400,569,286,283
1268,21,375,678500,581,289,292
1269,21,375,678600,191,100,91
1270,21,375,678700,280,158,122
1271,21,375,678800,259,126,133
1272,21,375,678900,170,92,78
1273,21,375,679000,133,71,62
1274,21,375,679100,392,196,196
1275,21,375,679200,594,297,297
1276,21,375,679300,404,208,196
1277,21,375,679400,769,367,402
1278,21,375,679500,550,280,270
1279,21,375,679600,609,297,312
1280,21,375,679700,741,372,369
1281,21,375,679800,389,191,198
1282,21,375,679900,476,250,226
1283,21,375,680000,702,349,353
1284,21,375,680100,477,238,239
1285,21,375,680200,1128,562,566
1286,21,375,680300,259,134,125
1287,21,375,680400,512,262,250
1288,21,375,680500,884,452,432
1289,21,375,680600,402,207,195
1290,21,375,680700,0,0,0
1291,21,375,680800,320,153,167
1292,21,375,680900,624,321,303
1293,21,375,681000,0,0,0
1294,21,375,681100,5,5,0
1295,21,375,681200,960,510,450
1296,21,375,681300,1422,715,707
1297,21,375,681400,867,453,414
1298,21,375,681500,280,141,139
1299,21,375,681600,1925,982,943
1300,21,375,681700,125,66,59
1301,21,375,681800,592,340,252
1302,21,375,681900,855,434,421
1303,21,375,682000,637,328,309
1304,21,375,682100,620,335,285
1305,21,375,682200,1670,878,792
1306,21,375,682300,319,163,156
1307,21,375,682400,1045,531,514
1308,21,375,682500,542,279,263
1309,21,375,682600,333,163,170
1310,21,375,682700,46,24,22
1311,21,375,682800,510,256,254
1312,21,375,682900,1750,964,786
1313,21,375,683000,1744,877,867
1314,21,375,683100,545,290,255
1315,21,375,683200,423,212,211
1316,21,375,683300,0,0,0
1317,21,375,683400,134,66,68
1318,21,375,683500,664,324,340
1319,21,375,683600,382,196,186
1320,21,375,683700,3056,1566,1490
1321,21,375,683800,404,201,203
1322,21,375,683900,433,194,239
1323,21,375,684000,302,145,157
1324,21,375,684100,374,188,186
1325,21,375,684200,207,102,105
1326,21,375,684300,286,131,155
1327,21,375,684400,433,209,224
1328,21,375,684500,745,437,308
1329,21,375,684600,84,48,36
1330,21,375,684700,424,206,218
1331,21,375,684800,124,58,66
1332,21,375,684900,149,72,77
1333,21,375,685000,544,275,269
1334,21,375,685100,153,74,79
1335,21,375,685200,336,158,178
1336,21,375,685300,350,169,181
1337,21,375,685400,1036,502,534
1338,21,375,685500,312,149,163
1339,21,375,685600,341,161,180
1340,21,375,685700,158,73,85
1341,21,375,685800,845,430,415
1342,21,375,685900,1902,955,947
1343,21,375,686000,102,48,54
1344,21,375,686100,0,0,0
1345,21,375,686200,1046,520,526
1346,21,375,686300,835,421,414
1347,21,375,686400,424,216,208
1348,21,375,686500,612,318,294
1349,21,375,686600,302,133,169
1350,21,375,686700,267,132,135
1351,21,375,686800,1295,626,669
1352,21,375,686900,842,412,430
1353,21,375,687000,2143,1040,1103
1354,21,375,687100,832,410,422
1355,21,375,687200,2078,1036,1042
1356,21,375,687300,1348,650,698
1357,21,375,687400,1502,758,744
1358,21,375,687500,651,326,325
1359,21,375,687600,1792,937,855
1360,21,375,687700,424,205,219
1361,21,375,687800,224,114,110
1362,21,375,687900,243,122,121
1363,21,375,688000,49,26,23
1364,21,375,688100,522,256,266
1365,21,375,688200,189,95,94
1366,21,375,688300,117,56,61
1367,21,375,688400,1258,615,643
1368,21,375,688500,588,273,315
1369,21,375,688600,341,173,168
1370,21,375,688700,369,188,181
1371,21,375,688800,0,0,0
1372,21,375,688900,376,194,182
1373,21,375,689000,281,140,141
1374,21,375,689100,34,16,18
1375,21,375,689200,302,143,159
1376,21,375,689300,326,144,182
1377,21,375,689400,462,224,238
1378,21,375,689500,274,126,148
1379,21,375,689600,554,286,268
1380,21,375,689700,230,114,116
1381,21,375,689800,1002,484,518
1382,21,375,689900,289,153,136
1383,21,375,690000,716,348,368
1384,21,375,690100,700,349,351
1385,21,375,690200,567,275,292
1386,21,375,690300,392,186,206
1387,21,375,690400,0,0,0
1388,21,375,690500,366,190,176
1389,21,375,690600,848,439,409
1390,21,375,690700,319,155,164
1391,21,375,690800,512,256,256
1392,21,375,690900,437,223,214
1393,21,375,691000,770,388,382
1394,21,375,691100,746,365,381
1395,21,375,691200,1072,512,560
1396,21,375,691300,719,364,355
1397,21,375,691400,1314,669,645
1398,21,375,691500,347,170,177
1399,21,375,691600,867,439,428
1400,21,375,691700,575,286,289
1401,21,375,691800,995,507,488
1402,21,375,691900,890,442,448
1403,21,375,692000,0,0,0
1404,21,375,692100,275,141,134
1405,21,375,692200,2004,1043,961
1406,21,375,692300,705,379,326
1407,21,375,692400,249,114,135
1408,21,375,692500,987,505,482
1409,21,375,692600,151,78,73
1410,21,375,692700,247,122,125
1411,21,375,692800,604,301,303
1412,21,375,692900,716,373,343
1413,21,375,693000,366,192,174
1414,21,375,693100,397,194,203
1415,21,375,693200,513,260,253
1416,21,375,693300,658,307,351
1417,21,375,693400,1316,657,659
1418,21,375,693500,2259,1124,1135
1419,21,375,693600,995,499,496
1420,21,375,693700,346,156,190
1421,21,375,693800,529,271,258
1422,21,375,693900,843,412,431
1423,21,375,694000,449,229,220
1424,21,375,694100,156,81,75
1425,21,375,694200,0,0,0
1426,21,375,694300,2169,1176,993
1427,21,375,694400,349,177,172
1428,21,375,694500,213,109,104
1429,21,375,694600,5,5,0
1430,21,375,694700,49,23,26
1431,21,375,694800,3238,1611,1627
1432,21,375,694900,750,434,316
1433,21,375,695000,204,109,95
1434,21,375,695100,302,148,154
1435,21,375,695200,302,145,157
1436,21,375,695300,205,108,97
1437,21,375,695400,296,148,148
1438,21,375,695500,775,387,388
1439,21,375,695600,200,102,98
1440,21,375,695700,1418,696,722
1441,21,375,695800,689,329,360
1442,21,375,695900,943,481,462
1443,21,375,696000,664,362,302
1444,21,375,696100,364,181,183
1445,21,375,696200,224,118,106
1446,21,375,696300,729,365,364
1447,21,375,696400,527,245,282
1448,21,375,696500,243,118,125
1449,21,375,696600,903,448,455
1450,21,375,696700,1101,546,555
1451,21,375,696800,1572,778,794
1452,21,375,696900,168,83,85
1453,21,375,697000,178,87,91
1454,21,375,697100,697,359,338
1455,21,375,697200,685,314,371
1456,21,375,697300,689,326,363
1457,21,375,697400,620,318,302
1458,21,375,697500,1041,527,514
1459,21,375,697600,376,179,197
1460,21,375,697700,490,249,241
1461,21,375,697800,1093,557,536
1462,21,375,697900,373,163,210
1463,21,375,698000,386,186,200
1464,21,375,698100,2086,1018,1068
1465,21,375,698200,687,335,352
1466,21,375,698300,537,269,268
1467,21,375,698400,0,0,0
1468,21,375,698500,627,318,309
1469,21,375,698600,0,0,0
1470,21,375,698700,1236,611,625
1471,21,375,698800,358,177,181
1472,21,375,698900,446,221,225
1473,21,375,699000,138,63,75
1474,21,375,699100,320,156,164
1475,21,375,699200,304,160,144
1476,21,375,699300,286,140,146
1477,21,375,699400,139,70,69
1478,21,375,699500,1707,888,819
1479,21,375,699600,25,11,14
1480,21,375,699700,429,218,211
1481,21,375,699800,160,85,75
1482,21,375,699900,574,291,283
1483,21,375,700000,997,507,490
1484,21,375,700100,72,35,37
1485,21,375,700200,486,262,224
1486,21,375,700300,407,201,206
1487,21,375,700400,190,99,91
1488,21,375,700500,594,299,295
1489,21,375,700600,2195,1182,1013
1490,21,375,700700,663,328,335
1491,21,375,700800,348,198,150
1492,21,375,700900,71,34,37
1493,21,375,701000,140,71,69
1494,21,375,701100,666,343,323
1495,21,375,701200,628,324,304
1496,21,375,701300,1492,762,730
1497,21,375,701400,256,125,131
1498,21,375,701500,1417,730,687
1499,21,375,701600,1363,681,682
1500,21,375,701700,246,126,120
1501,21,375,701800,121,63,58
1502,21,375,701900,570,307,263
1503,21,375,702000,102,47,55
1504,21,375,702100,432,213,219
1505,21,375,702200,245,131,114
1506,21,375,702300,508,254,254
1507,21,375,702400,775,387,388
1508,21,375,702500,957,456,501
1509,21,375,702600,625,310,315
1510,21,375,702700,441,220,221
1511,21,375,702800,895,474,421
1512,21,375,702900,340,176,164
1513,21,375,703000,118,62,56
1514,21,375,703100,229,115,114
1515,21,375,703200,0,0,0
1516,21,375,703300,279,125,154
1517,21,375,703400,316,155,161
1518,21,375,703500,366,183,183
1519,21,375,703600,447,211,236
1520,21,375,703700,1218,621,597
1521,21,375,703800,333,181,152
1522,21,375,703900,910,461,449
1523,21,375,704000,1862,951,911
1524,21,375,704100,754,387,367
1525,21,375,704200,1359,682,677
1526,21,375,704300,1708,847,861
1527,21,375,704400,1562,790,772
1528,21,375,704500,1727,851,876
1529,21,375,704600,750,366,384
1530,21,375,704700,438,234,204
1531,21,375,704800,326,156,170
1532,21,375,704900,242,119,123
1533,21,375,705000,4951,2587,2364
1534,21,375,705100,618,318,300
1535,21,375,705200,192,95,97
1536,21,375,705300,2063,1041,1022
1537,21,375,705400,535,267,268
1538,21,375,705500,391,176,215
1539,21,375,705600,977,490,487
1540,21,375,705700,1297,630,667
1541,21,375,705800,233,113,120
1542,21,375,705900,312,153,159
1543,21,375,706000,717,357,360
1544,21,375,706100,283,134,149
1545,21,375,706200,1354,678,676
1546,21,375,706300,1324,658,666
1547,21,375,706400,719,372,347
1548,21,375,706500,1273,637,636
1549,21,375,706600,457,233,224
1550,21,375,706700,447,243,204
1551,21,375,706800,1211,606,605
1552,21,375,706900,2038,1036,1002
1553,21,375,707000,2771,1403,1368
1554,21,375,707100,272,132,140
1555,21,375,707200,621,305,316
1556,21,375,707300,1299,657,642
1557,21,375,707400,137,78,59
1558,21,375,707500,236,118,118
1559,21,375,707600,0,0,0
1560,21,375,707700,539,280,259
1561,21,375,707800,196,110,86
1562,21,375,707900,2245,1118,1127
1563,21,375,708000,833,418,415
1564,21,375,708100,236,124,112
1565,21,375,708200,523,273,250
1566,21,375,708300,230,113,117
1567,21,375,708400,257,130,127
1568,21,375,708500,1185,575,610
1569,21,375,708600,449,234,215
1570,21,375,708700,110,57,53
1571,21,375,708800,256,129,127
1572,21,375,708900,967,478,489
1573,21,375,709000,515,257,258
1574,21,375,709100,520,267,253
1575,21,375,709200,108,55,53
1576,21,375,709300,9,3,6
1577,21,375,709400,457,219,238
1578,21,375,709500,241,110,131
1579,21,375,709600,95,48,47
1580,21,375,709700,70,36,34
1581,21,375,709800,296,145,151
1582,21,375,709900,343,184,159
1583,21,375,710000,637,318,319
1584,21,375,710100,0,0,0
1585,21,375,710200,1370,754,616
1586,21,375,710300,185,96,89
1587,21,375,710400,386,193,193
1588,21,375,710500,246,133,113
1589,21,375,710600,995,512,483
1590,21,375,710700,517,266,251
1591,21,375,710800,1121,555,566
1592,21,375,710900,731,404,327
1593,21,375,711000,122,57,65
1594,21,375,711100,442,211,231
1595,21,375,711200,149,74,75
1596,21,375,711300,615,304,311
1597,21,375,711400,219,108,111
1598,21,375,711500,391,198,193
1599,21,375,711600,1551,842,709
1600,21,375,711700,281,143,138
1601,21,375,711800,414,207,207
1602,21,375,711900,0,0,0
1603,21,375,712000,88,39,49
1604,21,375,712100,0,0,0
1605,21,375,712200,122,63,59
1606,21,375,712300,201,93,108
1607,21,375,712400,302,163,139
1608,21,375,712500,19,12,7
1609,21,375,712600,379,185,194
1610,21,375,712700,222,117,105
1611,21,375,712800,650,322,328
1612,21,375,712900,1034,525,509
1613,21,375,713000,340,173,167
1614,21,375,713100,394,206,188
1615,21,375,713200,622,325,297
1616,21,375,713300,1184,597,587
1617,21,375,713400,1975,1055,920
1618,21,375,713500,445,229,216
1619,21,375,713600,506,246,260
1620,21,375,713700,1141,561,580
1621,21,375,713800,529,267,262
1622,21,375,713900,717,350,367
1623,21,375,714000,908,460,448
1624,21,375,714100,1892,949,943
1625,21,375,714200,1078,560,518
1626,21,375,714300,0,0,0
1627,21,375,714400,1065,569,496
1628,21,375,714500,1178,618,560
1629,21,375,714600,2398,1219,1179
1630,21,375,714700,393,184,209
1631,21,375,714800,784,385,399
1632,21,375,714900,2026,1148,878
1633,21,375,715000,57,33,24
1634,21,375,715100,711,354,357
1635,21,375,715200,466,244,222
1636,21,375,715300,1920,963,957
1637,21,375,715400,1310,677,633
1638,21,375,715500,555,271,284
1639,21,375,715600,762,371,391
1640,21,375,715700,559,277,282
1641,21,375,715800,1385,707,678
1642,21,375,715900,1093,547,546
1643,21,375,716000,1182,569,613
1644,21,375,716100,1329,664,665
1645,21,375,716200,964,483,481
1646,21,375,716300,158,69,89
1647,21,375,716400,951,462,489
1648,21,375,716500,1474,748,726
1649,21,375,716600,1484,791,693
1650,21,375,716700,1454,740,714
1651,21,375,716800,546,288,258
1652,21,375,716900,621,302,319
1653,21,375,717000,2538,1228,1310
1654,21,375,717100,88,41,47
1655,21,375,717200,565,271,294
1656,21,375,717300,1927,985,942
1657,21,375,717400,265,129,136
1658,21,375,717500,666,340,326
1659,21,375,717600,922,463,459
1660,21,375,717700,1489,752,737
1661,21,375,717800,2038,1038,1000
1662,21,375,717900,419,208,211
1663,21,375,718000,306,152,154
1664,21,375,718100,3348,1702,1646
1665,21,375,718200,1004,530,474
1666,21,375,718300,767,372,395
1667,21,375,718400,440,216,224
1668,21,375,718500,1086,535,551
1669,21,375,718600,1625,847,778
1670,21,375,718700,276,140,136
1671,21,375,718800,953,489,464
1672,21,375,718900,734,370,364
1673,21,375,719000,2123,1066,1057
1674,21,375,719100,5166,2624,2542
1675,21,375,719200,1575,806,769
1676,21,375,719300,1967,986,981
1677,21,375,719400,540,273,267
1678,21,375,719500,0,0,0
1679,21,375,719600,201,100,101
1680,21,375,719700,344,173,171
1681,21,375,719800,113,65,48
1682,21,375,719900,0,0,0
1683,21,375,720000,1515,754,761
1684,21,375,720100,125,61,64
1685,21,375,720200,1536,758,778
1686,21,375,720300,1038,523,515
1687,21,375,720400,118,58,60
1688,21,375,720500,173,89,84
1689,21,375,720600,1646,835,811
1690,21,375,720700,877,442,435
1691,21,375,720800,575,287,288
1692,21,375,720900,2663,1362,1301
1693,21,375,721000,412,201,211
1694,21,375,721100,592,312,280
1695,21,375,721200,1159,577,582
1696,21,375,721300,640,314,326
1697,21,375,721400,1551,758,793
1698,21,375,721500,1340,664,676
1699,21,375,721600,1216,645,571
1700,21,375,721700,1025,516,509
1701,21,375,721800,870,462,408
1702,21,375,721900,1132,565,567
1703,21,375,722000,1535,785,750
1704,21,375,722100,1430,746,684
1705,21,375,722200,1577,798,779
1706,21,375,722300,844,440,404
1707,21,375,722400,960,477,483
1708,21,375,722500,947,490,457
1709,21,375,722600,1317,672,645
1710,21,375,722700,4618,2422,2196
1711,21,375,722800,2271,1182,1089
1712,21,375,722900,687,350,337
1713,21,375,723000,688,352,336
1714,21,375,723100,722,354,368
1715,21,375,723200,5607,2781,2826
1716,21,375,723300,64,25,39
1717,21,375,723400,0,0,0
1718,21,375,723500,0,0,0
1719,21,375,723600,605,344,261
1720,21,375,723700,342,177,165
1721,21,375,723800,277,140,137
1722,21,375,723900,2266,1146,1120
1723,21,375,724000,79,40,39
1724,21,375,724100,264,128,136
1725,21,375,724200,1088,574,514
1726,21,375,724300,311,170,141
1727,21,375,724400,843,441,402
1728,21,375,724500,1474,752,722
1729,21,375,724600,457,233,224
1730,21,375,724700,2722,1378,1344
1731,21,375,724800,500,271,229
1732,21,375,724900,483,250,233
1733,21,375,725000,1753,910,843
1734,21,375,725100,234,114,120
1735,21,375,725200,2157,1035,1122
1736,21,375,725300,513,250,263
1737,21,375,725400,1156,576,580
1738,21,375,725500,4596,2256,2340
1739,21,375,725600,769,381,388
1740,21,375,725700,3493,1750,1743
1741,21,375,725800,28,12,16
1742,21,375,725900,2354,1156,1198
1743,21,375,726000,1005,515,490
1744,21,375,726100,495,252,243
1745,21,375,726200,859,441,418
1746,21,375,726300,130,66,64
1747,21,375,726400,524,265,259
1748,21,375,726500,400,200,200
1749,21,375,726600,532,257,275
1750,21,375,726700,831,411,420
1751,21,375,726800,125,62,63
1752,21,375,726900,2528,1298,1230
1753,21,375,727000,847,406,441
1754,21,375,727100,896,470,426
1755,21,375,727200,549,272,277
1756,21,375,727300,1244,615,629
1757,21,375,727400,629,333,296
1758,21,375,727500,982,510,472
1759,21,375,727600,1467,734,733
1760,21,375,727700,557,281,276
1761,21,375,727800,837,453,384
1762,21,375,727900,42,18,24
1763,21,375,728000,0,0,0
1764,21,375,728100,1757,903,854
1765,21,375,728200,344,168,176
1766,21,375,728300,853,430,423
1767,21,375,728400,391,197,194
1768,21,375,728500,409,211,198
1769,21,375,728600,1000,500,500
1770,21,375,728700,486,260,226
1771,21,375,728800,364,176,188
1772,21,375,728900,632,333,299
1773,21,375,729000,689,362,327
1774,21,375,729100,617,332,285
1775,21,375,729200,140,71,69
1776,21,375,729300,587,301,286
1777,21,375,729400,2582,1284,1298
1778,21,375,729500,325,145,180
1779,21,375,729600,816,380,436
1780,21,375,729700,531,279,252
1781,21,375,729800,1400,685,715
1782,21,375,729900,590,305,285
1783,21,375,730000,710,364,346
1784,21,375,730100,207,100,107
1785,21,375,730200,303,137,166
1786,21,375,730300,151,77,74
1787,21,375,730400,102,55,47
1788,21,375,730500,0,0,0
1789,21,375,730600,696,362,334
1790,21,375,730700,1090,542,548
1791,21,375,730800,279,146,133
1792,21,375,730900,2447,1248,1199
1793,21,375,731000,1019,497,522
1794,21,375,731100,1275,666,609
1795,21,375,731200,1697,858,839
1796,21,375,731300,311,151,160
1797,21,375,731400,357,176,181
1798,21,375,731500,1542,806,736
1799,21,375,731600,1496,749,747
1800,21,375,731700,836,421,415
1801,21,375,731800,369,183,186
1802,21,375,731900,418,220,198
1803,21,375,732000,600,316,284
1804,21,375,732100,582,289,293
1805,21,375,732200,245,114,131
1806,21,375,732300,737,378,359
1807,21,375,732400,265,119,146
1808,21,375,732500,513,245,268
1809,21,375,732600,461,241,220
1810,21,375,732700,369,183,186
1811,21,375,732800,540,266,274
1812,21,375,732900,1574,743,831
1813,21,375,733000,897,431,466
1814,21,375,733100,140,72,68
1815,21,375,733200,264,133,131
1816,21,375,733300,863,447,416
1817,21,375,733400,363,175,188
1818,21,375,733500,339,171,168
1819,21,375,733600,367,185,182
1820,21,375,733700,738,348,390
1821,21,375,733800,568,283,285
1822,21,375,733900,333,173,160
1823,21,375,734000,258,124,134
1824,21,375,734100,294,159,135
1825,21,375,734200,1354,680,674
1826,21,375,734300,1239,684,555
1827,21,375,734400,1644,827,817
1828,21,375,734500,942,485,457
1829,21,375,734600,1318,637,681
1830,21,375,734700,899,462,437
1831,21,375,734800,531,269,262
1832,21,375,734900,584,294,290
1833,21,375,735000,1230,611,619
1834,21,375,735100,830,429,401
1835,21,375,735200,513,259,254
1836,21,375,735300,634,317,317
1837,21,375,735400,793,395,398
1838,21,375,735500,1455,719,736
1839,21,375,735600,0,0,0
1840,21,375,735700,1250,649,601
1841,21,375,735800,483,236,247
1842,21,375,735900,387,183,204
1843,21,375,736000,366,184,182
1844,21,375,736100,310,154,156
1845,21,375,736200,163,84,79
1846,21,375,736300,3080,1536,1544
1847,21,375,736400,116,56,60
1848,21,375,736500,1577,812,765
1849,21,375,736600,738,380,358
1850,21,375,736700,188,88,100
1851,21,375,736800,539,282,257
1852,21,375,736900,865,415,450
1853,21,375,737000,2431,1238,1193
1854,21,375,737100,463,234,229
1855,21,375,737200,891,427,464
1856,21,375,737300,1148,588,560
1857,21,375,737400,1528,798,730
1858,21,375,737500,70,33,37
1859,21,375,737600,264,137,127
1860,21,375,737700,231,121,110
1861,21,375,737800,558,297,261
1862,21,375,737900,335,178,157
1863,21,375,738000,947,485,462
1864,21,375,738100,328,171,157
1865,21,375,738200,892,466,426
1866,21,375,738300,456,241,215
1867,21,375,738400,1081,553,528
1868,21,375,738500,700,357,343
1869,21,375,738600,250,122,128
1870,21,375,738700,575,292,283
1871,21,375,738800,659,336,323
1872,21,375,738900,74,42,32
1873,21,375,739000,0,0,0
1874,21,375,739100,119,49,70
1875,21,375,739200,2124,1066,1058
1876,21,375,739300,776,366,410
1877,21,375,739400,2265,1137,1128
1878,21,375,739500,211,95,116
1879,21,375,739600,272,132,140
1880,21,375,739700,271,137,134
1881,21,375,739800,231,126,105
1882,21,375,739900,226,113,113
1883,21,375,740000,394,184,210
1884,21,375,740100,191,99,92
1885,21,375,740200,854,419,435
1886,21,375,740300,98,50,48
1887,21,375,740400,341,169,172
1888,21,375,740500,1560,801,759
1889,21,375,740600,438,219,219
1890,21,375,740700,764,378,386
1891,21,375,740800,429,211,218
1892,21,375,740900,618,335,283
1893,21,375,741000,649,334,315
1894,21,375,741100,115,62,53
1895,21,375,741200,929,501,428
1896,21,375,741300,192,101,91
1897,21,375,741400,950,483,467
1898,21,375,741500,204,113,91
1899,21,375,741600,904,482,422
1900,21,375,741700,2670,1334,1336
1901,21,375,741800,295,139,156
1902,21,375,741900,606,302,304
1903,21,375,742000,246,123,123
1904,21,375,742100,1468,741,727
1905,21,375,742200,468,227,241
1906,21,375,742300,988,509,479
1907,21,375,742400,1259,633,626
1908,21,375,742500,463,229,234
1909,21,375,742600,119,56,63
1910,21,375,742700,1228,635,593
1911,21,375,742800,1428,750,678
1912,21,375,742900,953,479,474
1913,21,375,743000,474,252,222
1914,21,375,743100,679,352,327
1915,21,375,743200,844,431,413
1916,21,375,743300,329,169,160
1917,21,375,743400,79,40,39
1918,21,375,743500,114,56,58
1919,21,375,743600,152,74,78
1920,21,375,743700,145,65,80
1921,21,375,743800,982,486,496
1922,21,375,743900,379,190,189
1923,21,375,744000,277,144,133
1924,21,375,744100,394,188,206
1925,21,375,744200,1111,597,514
1926,21,375,744300,451,251,200
1927,21,375,744400,532,250,282
1928,21,375,744500,763,401,362
1929,21,375,744600,545,269,276
1930,21,375,744700,193,99,94
1931,21,375,744800,9,5,4
1932,21,375,744900,44,24,20
1933,21,375,745000,630,337,293
1934,21,375,745100,919,438,481
1935,21,375,745200,2456,1236,1220
1936,21,375,745300,1269,628,641
1937,21,375,745400,611,294,317
1938,21,375,745500,470,212,258
1939,21,375,745600,190,98,92
1940,21,375,745700,1010,498,512
1941,21,375,745800,363,186,177
1942,21,375,745900,177,81,96
1943,21,375,746000,414,216,198
1944,21,375,746100,883,438,445
1945,21,375,746200,520,259,261
1946,21,375,746300,377,182,195
1947,21,375,746400,1122,539,583
1948,21,375,746500,262,129,133
1949,21,375,746600,622,342,280
1950,21,375,746700,356,183,173
1951,21,375,746800,114,57,57
1952,21,375,746900,1434,714,720
1953,21,375,747000,264,128,136
1954,21,375,747100,258,125,133
1955,21,375,747200,484,233,251
1956,21,375,747300,868,431,437
1957,21,375,747400,132,61,71
1958,21,375,747500,201,99,102
1959,21,375,747600,550,277,273
1960,21,375,747700,72,34,38
1961,21,375,747800,204,96,108
1962,21,375,747900,455,226,229
1963,21,375,748000,363,173,190
1964,21,375,748100,265,132,133
1965,21,375,748200,703,369,334
1966,21,375,748300,335,176,159
1967,21,375,748400,640,327,313
1968,21,375,748500,137,76,61
1969,21,375,748600,169,84,85
1970,21,375,748700,294,139,155
1971,21,375,748800,1496,749,747
1972,21,375,748900,226,128,98
1973,21,375,749000,355,163,192
1974,21,375,749100,155,81,74
1975,21,375,749200,549,264,285
1976,21,375,749300,739,379,360
1977,21,375,749400,504,272,232
1978,21,375,749500,391,203,188
1979,21,375,749600,955,477,478
1980,21,375,749700,208,110,98
1981,21,375,749800,740,392,348
1982,21,375,749900,151,71,80
1983,21,375,750000,0,0,0
1984,21,375,750100,739,363,376
1985,21,375,750200,493,253,240
1986,21,375,750300,1180,583,597
1987,21,375,750400,634,332,302
1988,21,375,750500,2182,1114,1068
1989,21,375,750600,507,243,264
1990,21,375,750700,479,242,237
1991,21,375,750800,535,253,282
1992,21,375,750900,1138,540,598
1993,21,375,751000,1717,840,877
1994,21,375,751100,1288,622,666
1995,21,375,751200,2721,1301,1420
1996,21,375,751300,2148,1070,1078
1997,21,375,751400,1009,497,512
1998,21,375,751500,2366,1207,1159
1999,21,375,751600,2572,1296,1276
2000,21,375,751700,1665,854,811
2001,21,375,751800,439,229,210
2002,21,375,751900,576,274,302
2003,21,375,752000,522,280,242
2004,21,375,752100,709,347,362
2005,21,375,752200,1545,776,769
2006,21,375,752300,1550,797,753
2007,21,375,752400,558,266,292
2008,21,375,752500,970,463,507
2009,21,375,752600,1719,851,868
2010,21,375,752700,4453,2207,2246
2011,21,375,752800,587,273,314
2012,21,375,752900,1617,809,808
2013,21,375,753000,867,429,438
2014,21,375,753100,1155,622,533
2015,21,375,753200,362,191,171
2016,21,375,753300,261,136,125
2017,21,375,753400,329,156,173
2018,21,375,753500,1408,711,697
2019,21,375,753600,339,169,170
2020,21,375,753700,507,274,233
2021,21,375,753800,243,132,111
2022,21,375,753900,1105,564,541
2023,21,375,754000,780,395,385
2024,21,375,754100,734,363,371
2025,21,375,754200,945,487,458
2026,21,375,754300,1665,852,813
2027,21,375,754400,921,482,439
2028,21,375,754500,3943,2012,1931
2029,21,375,754600,2276,1147,1129
2030,21,375,754700,936,485,451
2031,21,375,754800,827,415,412
2032,21,375,754900,534,262,272
2033,21,375,755000,239,130,109
2034,21,375,755100,997,478,519
2035,21,375,755200,227,119,108
2036,21,375,755300,484,252,232
2037,21,375,755400,222,106,116
2038,21,375,755500,147,78,69
2039,21,375,755600,569,287,282
2040,21,375,755700,515,264,251
2041,21,375,755800,471,246,225
2042,21,375,755900,923,477,446
2043,21,375,756000,1199,627,572
2044,21,375,756100,1183,596,587
2045,21,375,756200,743,381,362
2046,21,375,756300,235,106,129
2047,21,375,756400,456,249,207
2048,21,375,756500,0,0,0
2049,21,375,756600,622,301,321
2050,21,375,756700,388,201,187
2051,21,375,756800,419,214,205
2052,21,375,756900,990,495,495
2053,21,375,757000,432,214,218
2054,21,375,757100,893,427,466
2055,21,375,757200,131,65,66
2056,21,375,757300,1792,989,803
2057,21,375,757400,1867,952,915
2058,21,375,757500,291,141,150
2059,21,375,757600,1459,717,742
2060,21,375,757700,329,158,171
2061,21,375,757800,1990,990,1000
2062,21,375,757900,921,459,462
2063,21,375,758000,681,363,318
2064,21,375,758100,1436,718,718
2065,21,375,758200,714,446,268
2066,21,375,758300,684,343,341
2067,21,375,758400,342,175,167
2068,21,375,758500,107,59,48
2069,21,375,758600,494,254,240
2070,21,375,758700,297,143,154
2071,21,375,758800,1039,497,542
2072,21,375,758900,1246,626,620
2073,21,375,759000,365,189,176
2074,21,375,759100,427,208,219
2075,21,375,759200,377,183,194
2076,21,375,759300,2781,1409,1372
2077,21,375,759400,1528,788,740
2078,21,375,759500,2448,1233,1215
2079,21,375,759600,235,114,121
2080,21,375,759700,4129,2030,2099
2081,21,375,759800,119,63,56
2082,21,375,759900,2877,1478,1399
2083,21,375,760000,1414,710,704
2084,21,375,760100,630,316,314
2085,21,375,760200,1718,837,881
2086,21,375,760300,557,281,276
2087,21,375,760400,307,160,147
2088,21,375,760500,144,77,67
2089,21,375,760600,482,246,236
2090,21,375,760700,476,246,230
2091,21,375,760800,1462,735,727
2092,21,375,760900,980,492,488
2093,21,375,761000,344,182,162
2094,21,375,761100,2931,1499,1432
2095,21,375,761200,617,299,318
2096,21,375,761300,522,262,260
2097,21,375,761400,126,63,63
2098,21,375,761500,114,58,56
2099,21,375,761600,427,222,205
2100,21,375,761700,176,85,91
2101,21,375,761800,611,317,294
2102,21,375,761900,277,130,147
2103,21,375,762000,339,164,175
2104,21,375,762100,207,113,94
2105,21,375,762200,153,79,74
2106,21,375,762300,1027,512,515
2107,21,375,762400,382,181,201
2108,21,375,762500,872,439,433
2109,21,375,762600,199,95,104
2110,21,375,762700,664,339,325
2111,21,375,762800,567,289,278
2112,21,375,762900,1327,662,665
2113,21,375,763000,128,63,65
2114,21,375,763100,1211,627,584
2115,21,375,763200,117,64,53
2116,21,375,763300,201,104,97
2117,21,375,763400,975,471,504
2118,21,375,763500,0,0,0
2119,21,375,763600,193,102,91
2120,21,375,763700,34,16,18
2121,21,375,763800,0,0,0
