,Statecode,Districtcode,VillageCode,Population,Males,Females
0,21,1,100,1544,763,781
1,21,1,200,2710,1365,1345
2,21,1,300,869,422,447
3,21,1,400,778,392,386
4,21,1,500,838,386,452
5,21,1,600,1234,612,622
6,21,1,700,916,455,461
7,21,1,800,765,367,398
8,21,1,900,716,345,371
9,21,1,1000,825,398,427
10,21,1,1100,1138,568,570
11,21,1,1200,0,0,0
12,21,1,1300,2302,1149,1153
13,21,1,1400,488,243,245
14,21,1,1500,1071,529,542
15,21,1,1600,524,256,268
16,21,1,1700,1154,578,576
17,21,1,1800,606,313,293
18,21,1,1900,693,352,341
19,21,1,2000,1307,649,658
20,21,1,2100,1848,925,923
21,21,1,2200,657,322,335
22,21,1,2300,1062,508,554
23,21,1,2400,1527,758,769
24,21,1,2500,0,0,0
25,21,1,2600,348,172,176
26,21,1,2700,547,262,285
27,21,1,2800,385,196,189
28,21,1,2900,879,445,434
29,21,1,3000,1117,547,570
30,21,1,3100,1276,623,653
31,21,1,3200,542,282,260
32,21,1,3300,620,303,317
33,21,1,3400,446,238,208
34,21,1,3500,161,80,81
35,21,1,3600,963,475,488
36,21,1,3700,299,161,138
37,21,1,3800,280,133,147
38,21,1,3900,442,220,222
39,21,1,4000,596,292,304
40,21,1,4100,552,275,277
41,21,1,4200,223,103,120
42,21,1,4300,613,315,298
43,21,1,4400,891,451,440
44,21,1,4500,1111,634,477
45,21,1,4600,149,135,14
46,21,1,4700,215,72,143
47,21,1,4800,4308,2230,2078
48,21,1,4900,844,435,409
49,21,1,5000,485,235,250
50,21,1,5100,305,135,170
51,21,1,5200,1434,695,739
52,21,1,5300,1597,797,800
53,21,1,5400,459,226,233
54,21,1,5500,667,346,321
55,21,1,5600,947,468,479
56,21,1,5700,557,267,290
57,21,1,5800,404,194,210
58,21,1,5900,1122,612,510
59,21,1,6000,545,281,264
60,21,1,6100,1233,630,603
61,21,1,6200,536,249,287
62,21,1,6300,1774,879,895
63,21,1,6400,1358,663,695
64,21,1,6500,868,442,426
65,21,1,6600,795,385,410
66,21,1,6700,1473,731,742
67,21,1,6800,495,240,255
68,21,1,6900,875,443,432
69,21,1,7000,1181,562,619
70,21,1,7100,169,82,87
71,21,1,7200,348,188,160
72,21,1,7300,1204,622,582
73,21,1,7400,358,174,184
74,21,1,7500,257,123,134
75,21,1,7600,0,0,0
76,21,1,7700,326,152,174
77,21,1,7800,434,218,216
78,21,1,7900,1254,640,614
79,21,1,8000,117,46,71
80,21,1,8100,188,85,103
81,21,1,8200,128,64,64
82,21,1,8300,443,217,226
83,21,1,8400,330,147,183
84,21,1,8500,413,198,215
85,21,1,8600,397,199,198
86,21,1,8700,1527,747,780
87,21,1,8800,968,479,489
88,21,1,8900,1268,630,638
89,21,1,9000,950,488,462
90,21,1,9100,200,96,104
91,21,1,9200,2867,1457,1410
92,21,1,9300,1243,611,632
93,21,1,9400,1219,618,601
94,21,1,9500,1732,849,883
95,21,1,9600,798,386,412
96,21,1,9700,397,188,209
97,21,1,9800,640,297,343
98,21,1,9900,288,148,140
99,21,1,10000,672,327,345
100,21,1,10100,343,169,174
101,21,1,10200,835,421,414
102,21,1,10300,640,306,334
103,21,1,10400,1389,695,694
104,21,1,10500,986,478,508
105,21,1,10600,874,430,444
106,21,1,10700,751,365,386
107,21,1,10800,410,196,214
108,21,1,10900,675,334,341
109,21,1,11000,542,264,278
110,21,1,11100,1293,650,643
111,21,1,11200,552,293,259
112,21,1,11300,843,422,421
113,21,1,11400,1615,789,826
114,21,1,11500,1494,730,764
115,21,1,11600,1298,641,657
116,21,1,11700,1936,967,969
117,21,1,11800,815,405,410
118,21,1,11900,788,369,419
119,21,1,12000,818,421,397
120,21,1,12100,1912,964,948
121,21,1,12200,1136,547,589
122,21,1,12300,465,251,214
123,21,1,12400,1052,522,530
124,21,1,12500,407,203,204
125,21,1,12600,256,121,135
126,21,1,12700,575,334,241
127,21,1,12800,662,325,337
128,21,1,12900,561,266,295
129,21,1,13000,356,176,180
130,21,1,13100,868,441,427
131,21,1,13200,740,352,388
132,21,1,13300,635,313,322
133,21,1,13400,1378,699,679
134,21,1,13500,895,424,471
135,21,1,13600,1239,620,619
136,21,1,13700,893,449,444
137,21,1,13800,1704,860,844
138,21,1,13900,673,332,341
139,21,1,14000,770,398,372
140,21,1,14100,228,121,107
141,21,1,14200,1150,564,586
142,21,1,14300,890,458,432
143,21,1,14400,497,245,252
144,21,1,14500,1407,734,673
145,21,1,14600,1461,725,736
146,21,1,14700,580,290,290
147,21,1,14800,321,159,162
148,21,1,14900,151,80,71
149,21,1,15000,1222,611,611
150,21,1,15100,354,166,188
151,21,1,15200,1411,693,718
152,21,1,15300,1044,496,548
153,21,1,15400,990,468,522
154,21,1,15500,399,176,223
155,21,1,15600,332,160,172
156,21,1,15700,1442,695,747
157,21,1,15800,2463,1214,1249
158,21,1,15900,1100,533,567
159,21,1,16000,497,255,242
160,21,1,16100,385,198,187
161,21,1,16200,403,191,212
162,21,1,16300,1360,671,689
163,21,1,16400,469,233,236
164,21,1,16500,0,0,0
165,21,1,16600,0,0,0
166,21,1,16700,747,361,386
167,21,1,16800,0,0,0
168,21,1,16900,1161,567,594
169,21,1,17000,538,257,281
170,21,1,17100,1231,616,615
171,21,1,17200,3325,1681,1644
172,21,1,17300,528,276,252
173,21,1,17400,1599,760,839
174,21,1,17500,1186,576,610
175,21,1,17600,705,345,360
176,21,1,17700,1336,641,695
177,21,1,17800,828,407,421
178,21,1,17900,991,485,506
179,21,1,18000,876,427,449
180,21,1,18100,1107,542,565
181,21,1,18200,1235,622,613
182,21,1,18300,866,446,420
183,21,1,18400,1419,687,732
184,21,1,18500,138,73,65
185,21,1,18600,1472,738,734
186,21,1,18700,1143,563,580
187,21,1,18800,1195,575,620
188,21,1,18900,1463,718,745
189,21,1,19000,3790,1900,1890
190,21,1,19100,396,204,192
191,21,1,19200,775,387,388
192,21,1,19300,1271,631,640
193,21,1,19400,147,72,75
194,21,1,19500,1739,862,877
195,21,1,19600,575,301,274
196,21,1,19700,733,387,346
197,21,1,19800,1041,496,545
198,21,1,19900,301,157,144
199,21,1,20000,468,238,230
200,21,1,20100,1233,601,632
201,21,1,20200,885,424,461
202,21,1,20300,1407,699,708
203,21,1,20400,1794,892,902
204,21,1,20500,485,255,230
205,21,1,20600,1018,519,499
206,21,1,20700,1094,517,577
207,21,1,20800,183,93,90
208,21,1,20900,620,294,326
209,21,1,21000,642,326,316
210,21,1,21100,227,115,112
211,21,1,21200,55,31,24
212,21,1,21300,301,162,139
213,21,1,21400,135,61,74
214,21,1,21500,246,119,127
215,21,1,21600,0,0,0
216,21,1,21700,254,129,125
217,21,1,21800,0,0,0
218,21,1,21900,181,81,100
219,21,1,22000,649,322,327
220,21,1,22100,946,456,490
221,21,1,22200,0,0,0
222,21,1,22300,404,209,195
223,21,1,22400,1744,866,878
224,21,1,22500,607,301,306
225,21,1,22600,400,202,198
226,21,1,22700,1255,620,635
227,21,1,22800,444,228,216
228,21,1,22900,205,115,90
229,21,1,23000,376,183,193
230,21,1,23100,827,405,422
231,21,1,23200,1026,524,502
232,21,1,23300,261,130,131
233,21,1,23400,637,299,338
234,21,1,23500,170,90,80
235,21,1,23600,627,303,324
236,21,1,23700,744,359,385
237,21,1,23800,730,354,376
238,21,1,23900,561,288,273
239,21,1,24000,796,392,404
240,21,1,24100,523,266,257
241,21,1,24200,640,313,327
242,21,1,24300,721,383,338
243,21,1,24400,557,300,257
244,21,1,24500,335,173,162
245,21,1,24600,1642,859,783
246,21,1,24700,587,278,309
247,21,1,24800,665,344,321
248,21,1,24900,1820,925,895
249,21,1,25000,1528,751,777
250,21,1,25100,1135,573,562
251,21,1,25200,2852,1412,1440
252,21,1,25300,1498,740,758
253,21,1,25400,427,209,218
254,21,1,25500,916,442,474
255,21,1,25600,297,152,145
256,21,1,25700,671,336,335
257,21,1,25800,269,136,133
258,21,1,25900,1936,985,951
259,21,1,26000,599,294,305
260,21,1,26100,606,303,303
261,21,1,26200,1047,504,543
262,21,1,26300,82,42,40
263,21,1,26400,838,424,414
264,21,1,26500,744,383,361
265,21,1,26600,1090,551,539
266,21,1,26700,1445,707,738
267,21,1,26800,3286,1669,1617
268,21,1,26900,689,356,333
269,21,1,27000,640,309,331
270,21,1,27100,1217,610,607
271,21,1,27200,776,379,397
272,21,1,27300,2901,1450,1451
273,21,1,27400,1871,997,874
274,21,1,27500,101,56,45
275,21,1,27600,1792,860,932
276,21,1,27700,1127,561,566
277,21,1,27800,27,12,15
278,21,1,27900,854,424,430
279,21,1,28000,1040,529,511
280,21,1,28100,119,61,58
281,21,1,28200,657,314,343
282,21,1,28300,841,413,428
283,21,1,28400,594,286,308
284,21,1,28500,1991,1013,978
285,21,1,28600,861,434,427
286,21,1,28700,214,102,112
287,21,1,28800,256,125,131
288,21,1,28900,737,365,372
289,21,1,29000,396,203,193
290,21,1,29100,515,273,242
291,21,1,29200,555,293,262
292,21,1,29300,986,492,494
293,21,1,29400,632,305,327
294,21,1,29500,634,299,335
295,21,1,29600,681,354,327
296,21,1,29700,255,130,125
297,21,1,29800,1263,628,635
298,21,1,29900,397,203,194
299,21,1,30000,571,291,280
300,21,1,30100,1169,578,591
301,21,1,30200,1419,701,718
302,21,1,30300,587,281,306
303,21,1,30400,273,127,146
304,21,1,30500,0,0,0
305,21,1,30600,133,64,69
306,21,1,30700,474,218,256
307,21,1,30800,745,367,378
308,21,1,30900,202,101,101
309,21,1,31000,149,75,74
310,21,1,31100,1629,796,833
311,21,1,31200,499,251,248
312,21,1,31300,612,302,310
313,21,1,31400,2542,1276,1266
314,21,1,31500,534,282,252
315,21,1,31600,326,147,179
316,21,1,31700,0,0,0
317,21,1,31800,238,116,122
318,21,1,31900,198,110,88
319,21,1,32000,1067,539,528
320,21,1,32100,222,114,108
321,21,1,32200,452,213,239
322,21,1,32300,0,0,0
323,21,1,32400,116,53,63
324,21,1,32500,181,92,89
325,21,1,32600,0,0,0
326,21,1,32700,454,237,217
327,21,1,32800,287,139,148
328,21,1,32900,665,336,329
329,21,1,33000,589,292,297
330,21,1,33100,174,86,88
331,21,1,33200,449,232,217
332,21,1,33300,703,357,346
333,21,1,33400,981,484,497
334,21,1,33500,564,258,306
335,21,1,33600,58,23,35
336,21,1,33700,368,185,183
337,21,1,33800,298,158,140
338,21,1,33900,270,135,135
339,21,1,34000,232,118,114
340,21,1,34100,1094,543,551
341,21,1,34200,490,247,243
342,21,1,34300,1926,987,939
343,21,1,34400,1523,765,758
344,21,1,34500,1146,565,581
345,21,1,34600,972,479,493
346,21,1,34700,1252,610,642
347,21,1,34800,1048,508,540
348,21,1,34900,375,188,187
349,21,1,35000,1188,590,598
350,21,1,35100,1281,631,650
351,21,1,35200,538,262,276
352,21,1,35300,0,0,0
353,21,1,35400,1092,533,559
354,21,1,35500,767,402,365
355,21,1,35600,841,455,386
356,21,1,35700,918,463,455
357,21,1,35800,670,326,344
358,21,1,35900,753,381,372
359,21,1,36000,1378,678,700
360,21,1,36100,653,321,332
361,21,1,36200,1744,849,895
362,21,1,36300,634,321,313
363,21,1,36400,229,111,118
364,21,1,36500,2329,1208,1121
365,21,1,36600,2505,1285,1220
366,21,1,36700,880,433,447
367,21,1,36800,272,132,140
368,21,1,36900,873,435,438
369,21,1,37000,515,256,259
370,21,1,37100,541,269,272
371,21,1,37200,949,514,435
372,21,1,37300,437,233,204
373,21,1,37400,355,163,192
374,21,1,37500,1030,507,523
375,21,1,37600,1045,536,509
376,21,1,37700,946,444,502
377,21,1,37800,667,348,319
378,21,1,37900,827,401,426
379,21,1,38000,377,199,178
380,21,1,38100,436,201,235
381,21,1,38200,423,216,207
382,21,1,38300,383,193,190
383,21,1,38400,673,338,335
384,21,1,38500,1069,544,525
385,21,1,38600,764,385,379
386,21,1,38700,1290,646,644
387,21,1,38800,602,294,308
388,21,1,38900,1821,899,922
389,21,1,39000,387,194,193
390,21,1,39100,298,148,150
391,21,1,39200,890,454,436
392,21,1,39300,394,207,187
393,21,1,39400,237,122,115
394,21,1,39500,104,53,51
395,21,1,39600,391,200,191
396,21,1,39700,2430,1221,1209
397,21,1,39800,775,399,376
398,21,1,39900,777,387,390
399,21,1,40000,1210,629,581
400,21,1,40100,550,289,261
401,21,1,40200,1232,633,599
402,21,1,40300,1397,687,710
403,21,1,40400,523,249,274
404,21,1,40500,930,469,461
405,21,1,40600,1213,613,600
406,21,1,40700,560,262,298
407,21,1,40800,1467,766,701
408,21,1,40900,1137,547,590
409,21,1,41000,464,234,230
410,21,1,41100,1434,719,715
411,21,1,41200,338,173,165
412,21,1,41300,424,210,214
413,21,1,41400,1316,633,683
414,21,1,41500,90,42,48
415,21,1,41600,480,234,246
416,21,1,41700,422,224,198
417,21,1,41800,1900,924,976
418,21,1,41900,75,38,37
419,21,1,42000,1904,997,907
420,21,1,42100,1413,704,709
421,21,1,42200,315,151,164
422,21,1,42300,1192,597,595
423,21,1,42400,333,171,162
424,21,1,42500,357,179,178
425,21,1,42600,0,0,0
426,21,1,42700,347,166,181
427,21,1,42800,367,179,188
428,21,1,42900,365,190,175
429,21,1,43000,798,386,412
430,21,1,43100,2201,1093,1108
431,21,1,43200,1248,620,628
432,21,1,43300,950,477,473
433,21,1,43400,518,260,258
434,21,1,43500,3322,1684,1638
435,21,1,43600,467,243,224
436,21,1,43700,976,465,511
437,21,1,43800,2625,1320,1305
438,21,1,43900,309,146,163
439,21,1,44000,1129,565,564
440,21,1,44100,874,465,409
441,21,1,44200,1514,760,754
442,21,1,44300,1217,610,607
443,21,1,44400,402,207,195
444,21,1,44500,275,141,134
445,21,1,44600,453,246,207
446,21,1,44700,566,300,266
447,21,1,44800,832,423,409
448,21,1,44900,471,234,237
449,21,1,45000,1487,762,725
450,21,1,45100,646,322,324
451,21,1,45200,848,405,443
452,21,1,45300,932,470,462
453,21,1,45400,853,419,434
454,21,1,45500,1177,599,578
455,21,1,45600,310,146,164
456,21,1,45700,857,426,431
457,21,1,45800,821,431,390
458,21,1,45900,831,434,397
459,21,1,46000,545,277,268
460,21,1,46100,1627,827,800
461,21,1,46200,397,195,202
462,21,1,46300,1297,662,635
463,21,1,46400,759,365,394
464,21,1,46500,1887,960,927
465,21,1,46600,400,194,206
466,21,1,46700,335,173,162
467,21,1,46800,491,245,246
468,21,1,46900,341,179,162
469,21,1,47000,1265,635,630
470,21,1,47100,288,144,144
471,21,1,47200,777,393,384
472,21,1,47300,231,117,114
473,21,1,47400,485,246,239
474,21,1,47500,376,180,196
475,21,1,47600,290,140,150
476,21,1,47700,1865,930,935
477,21,1,47800,642,333,309
478,21,1,47900,602,280,322
479,21,1,48000,1439,722,717
480,21,1,48100,1338,690,648
481,21,1,48200,370,194,176
482,21,1,48300,1797,880,917
483,21,1,48400,807,412,395
484,21,1,48500,1336,684,652
485,21,1,48600,820,427,393
486,21,1,48700,529,270,259
487,21,1,48800,835,424,411
488,21,1,48900,929,486,443
489,21,1,49000,1104,557,547
490,21,1,49100,1926,950,976
491,21,1,49200,0,0,0
492,21,1,49300,1124,580,544
493,21,1,49400,671,344,327
494,21,1,49500,844,438,406
495,21,1,49600,1566,800,766
496,21,1,49700,1402,684,718
497,21,1,49800,1338,664,674
498,21,1,49900,455,224,231
499,21,1,50000,1105,541,564
500,21,1,50100,920,459,461
501,21,1,50200,1466,711,755
502,21,1,50300,820,440,380
503,21,1,50400,783,394,389
504,21,1,50500,672,359,313
505,21,1,50600,892,434,458
506,21,1,50700,229,122,107
507,21,1,50800,705,353,352
508,21,1,50900,2155,1085,1070
509,21,1,51000,1178,593,585
510,21,1,51100,1170,590,580
511,21,1,51200,68,35,33
512,21,1,51300,814,407,407
513,21,1,51400,456,237,219
514,21,1,51500,566,269,297
515,21,1,51600,1300,653,647
516,21,1,51700,1153,573,580
517,21,1,51800,1003,506,497
518,21,1,51900,404,203,201
519,21,1,52000,3237,1685,1552
520,21,1,52100,2727,1376,1351
521,21,1,52200,2593,1357,1236
522,21,1,52300,806,398,408
523,21,1,52400,825,404,421
524,21,1,52500,795,380,415
525,21,1,52600,601,290,311
526,21,1,52700,1549,792,757
527,21,1,52800,475,239,236
528,21,1,52900,687,343,344
529,21,1,53000,6732,3479,3253
530,21,1,53100,543,262,281
531,21,1,53200,1879,932,947
532,21,1,53300,232,130,102
533,21,1,53400,1332,662,670
534,21,1,53500,1499,745,754
535,21,1,53600,2546,1341,1205
536,21,1,53700,1020,521,499
537,21,1,53800,1151,590,561
538,21,1,53900,859,445,414
539,21,1,54000,322,160,162
540,21,1,54100,1253,635,618
541,21,1,54200,1128,574,554
542,21,1,54300,251,126,125
543,21,1,54400,1540,805,735
544,21,1,54500,637,327,310
545,21,1,54600,1044,500,544
546,21,1,54700,1553,804,749
547,21,1,54800,924,477,447
548,21,1,54900,1937,978,959
549,21,1,55000,896,437,459
550,21,1,55100,2928,1525,1403
551,21,1,55200,1641,873,768
552,21,1,55300,1810,915,895
553,21,1,55400,457,227,230
554,21,1,55500,1149,563,586
555,21,1,55600,628,301,327
556,21,1,55700,3162,1565,1597
557,21,1,55800,808,427,381
558,21,1,55900,1523,769,754
559,21,1,56000,576,287,289
560,21,1,56100,656,333,323
561,21,1,56200,931,443,488
562,21,1,56300,644,338,306
563,21,1,56400,813,418,395
564,21,1,56500,1283,651,632
565,21,1,56600,370,183,187
566,21,1,56700,365,160,205
567,21,1,56800,1453,738,715
568,21,1,56900,899,452,447
569,21,1,57000,385,189,196
570,21,1,57100,836,414,422
571,21,1,57200,798,410,388
572,21,1,57300,356,174,182
573,21,1,57400,730,366,364
574,21,1,57500,182,94,88
575,21,1,57600,248,128,120
576,21,1,57700,641,322,319
577,21,1,57800,2230,1169,1061
578,21,1,57900,529,278,251
579,21,1,58000,620,301,319
580,21,1,58100,1621,815,806
581,21,1,58200,681,343,338
582,21,1,58300,994,480,514
583,21,1,58400,1785,915,870
584,21,1,58500,1390,693,697
585,21,1,58600,1470,754,716
586,21,1,58700,978,484,494
587,21,1,58800,863,435,428
588,21,1,58900,588,290,298
589,21,1,59000,958,455,503
590,21,1,59100,400,203,197
591,21,1,59200,1123,568,555
592,21,1,59300,1422,725,697
593,21,1,59400,983,493,490
594,21,1,59500,466,225,241
595,21,1,59600,1258,635,623
596,21,1,59700,1013,510,503
597,21,1,59800,2067,1052,1015
598,21,1,59900,280,143,137
599,21,1,60000,411,202,209
600,21,1,60100,1046,512,534
601,21,1,60200,523,257,266
602,21,1,60300,1358,684,674
603,21,1,60400,1212,632,580
604,21,1,60500,607,298,309
605,21,1,60600,1660,877,783
606,21,1,60700,1018,519,499
607,21,1,60800,3412,1711,1701
608,21,1,60900,1245,619,626
609,21,1,61000,1608,778,830
610,21,1,61100,463,215,248
611,21,1,61200,720,366,354
612,21,1,61300,510,255,255
613,21,1,61400,635,311,324
614,21,1,61500,0,0,0
615,21,1,61600,734,374,360
616,21,1,61700,6438,3257,3181
617,21,1,61800,462,236,226
618,21,1,61900,2945,1481,1464
619,21,1,62000,675,341,334
620,21,1,62100,784,380,404
621,21,1,62200,528,255,273
622,21,1,62300,1731,854,877
623,21,1,62400,2539,1265,1274
624,21,1,62500,935,465,470
625,21,1,62600,665,343,322
626,21,1,62700,582,294,288
627,21,1,62800,948,473,475
628,21,1,62900,356,172,184
629,21,1,63000,962,475,487
630,21,1,63100,257,132,125
631,21,1,63200,382,201,181
632,21,1,63300,1685,857,828
633,21,1,63400,622,336,286
634,21,1,63500,345,174,171
635,21,1,63600,496,257,239
636,21,1,63700,212,112,100
637,21,1,63800,579,286,293
638,21,1,63900,1653,819,834
639,21,1,64000,1419,697,722
640,21,1,64100,643,314,329
641,21,1,64200,506,256,250
642,21,1,64300,1506,756,750
643,21,1,64400,902,453,449
644,21,1,64500,1276,678,598
645,21,1,64600,909,464,445
646,21,1,64700,817,390,427
647,21,1,64800,440,224,216
648,21,1,64900,1559,770,789
649,21,1,65000,2345,1180,1165
650,21,1,65100,511,246,265
651,21,1,65200,376,189,187
652,21,1,65300,485,228,257
653,21,1,65400,429,210,219
654,21,1,65500,853,423,430
655,21,1,65600,771,368,403
656,21,1,65700,469,229,240
657,21,1,65800,694,324,370
658,21,1,65900,788,387,401
659,21,1,66000,639,311,328
660,21,1,66100,387,194,193
661,21,1,66200,280,136,144
662,21,1,66300,382,192,190
663,21,1,66400,885,448,437
664,21,1,66500,1469,731,738
665,21,1,66600,264,124,140
666,21,1,66700,1132,565,567
667,21,1,66800,776,410,366
668,21,1,66900,1024,525,499
669,21,1,67000,366,198,168
670,21,1,67100,388,196,192
671,21,1,67200,555,261,294
672,21,1,67300,650,326,324
673,21,1,67400,105,51,54
674,21,1,67500,510,255,255
675,21,1,67600,839,407,432
676,21,1,67700,594,299,295
677,21,1,67800,1399,709,690
678,21,1,67900,446,227,219
679,21,1,68000,392,198,194
680,21,1,68100,1143,555,588
681,21,1,68200,836,416,420
682,21,1,68300,881,441,440
683,21,1,68400,953,479,474
684,21,1,68500,772,371,401
685,21,1,68600,849,441,408
686,21,1,68700,1126,565,561
687,21,1,68800,974,495,479
688,21,1,68900,1849,936,913
689,21,1,69000,513,260,253
690,21,1,69100,3562,1806,1756
691,21,1,69200,684,359,325
692,21,1,69300,401,218,183
693,21,1,69400,961,482,479
694,21,1,69500,1729,831,898
695,21,1,69600,1254,608,646
696,21,1,69700,813,387,426
697,21,1,69800,858,435,423
698,21,1,69900,833,424,409
699,21,1,70000,550,289,261
700,21,1,70100,1396,709,687
701,21,1,70200,883,449,434
702,21,1,70300,388,179,209
703,21,1,70400,2542,1290,1252
704,21,1,70500,1814,909,905
705,21,1,70600,1860,930,930
706,21,1,70700,1719,854,865
707,21,1,70800,2325,1165,1160
708,21,1,70900,820,419,401
709,21,1,71000,2095,1091,1004
710,21,1,71100,2664,1401,1263
711,21,1,71200,1027,517,510
712,21,1,71300,2115,1128,987
713,21,1,71400,1714,863,851
714,21,1,71500,8865,4521,4344
715,21,1,71600,3038,1553,1485
716,21,1,71700,1256,648,608
717,21,1,71800,1402,709,693
718,21,1,71900,739,393,346
719,21,1,72000,935,466,469
720,21,1,72100,1148,584,564
721,21,1,72200,456,226,230
722,21,1,72300,4261,2155,2106
723,21,1,72400,819,405,414
724,21,1,72500,1476,766,710
725,21,1,72600,633,315,318
726,21,1,72700,1884,937,947
727,21,1,72800,1564,781,783
728,21,1,72900,2761,1444,1317
729,21,1,73000,634,309,325
730,21,1,73100,919,478,441
731,21,1,73200,1274,659,615
732,21,1,73300,184,89,95
733,21,1,73400,3314,1729,1585
734,21,1,73500,2965,1553,1412
735,21,1,73600,3016,1552,1464
736,21,1,73700,963,498,465
737,21,1,73800,902,456,446
738,21,1,73900,651,323,328
739,21,1,74000,781,391,390
740,21,1,74100,0,0,0
741,21,1,74200,1022,533,489
742,21,1,74300,3016,1568,1448
743,21,1,74400,1758,950,808
744,21,1,74500,3858,1970,1888
745,21,1,74600,2240,1123,1117
746,21,1,74700,3639,1873,1766
747,21,1,74800,1531,782,749
748,21,1,74900,1373,706,667
749,21,1,75000,648,336,312
750,21,1,75100,1683,879,804
751,21,1,75200,751,377,374
752,21,1,75300,935,487,448
753,21,1,75400,1050,521,529
754,21,1,75500,865,447,418
755,21,1,75600,750,366,384
756,21,1,75700,462,238,224
757,21,1,75800,253,124,129
758,21,1,75900,1191,597,594
759,21,1,76000,1026,523,503
760,21,1,76100,1897,961,936
761,21,1,76200,617,317,300
762,21,1,76300,299,144,155
763,21,1,76400,560,267,293
764,21,1,76500,1278,645,633
765,21,1,76600,227,116,111
766,21,1,76700,1441,752,689
767,21,1,76800,727,356,371
768,21,1,76900,1336,684,652
769,21,1,77000,317,165,152
770,21,1,77100,580,299,281
771,21,1,77200,456,216,240
772,21,1,77300,930,476,454
773,21,1,77400,1703,860,843
774,21,1,77500,2216,1079,1137
775,21,1,77600,1443,714,729
776,21,1,77700,928,473,455
777,21,1,77800,0,0,0
778,21,1,77900,0,0,0
779,21,1,78000,3946,2029,1917
780,21,1,78100,6791,3440,3351
781,21,1,78200,818,430,388
782,21,1,78300,912,447,465
783,21,1,78400,1392,716,676
784,21,1,78500,1040,519,521
785,21,1,78600,1300,671,629
786,21,1,78700,3380,1741,1639
787,21,1,78800,1200,609,591
788,21,1,78900,1200,610,590
789,21,1,79000,1161,605,556
790,21,1,79100,1836,951,885
791,21,1,79200,1344,693,651
792,21,1,79300,860,412,448
793,21,1,79400,809,413,396
794,21,1,79500,1287,653,634
795,21,1,79600,389,189,200
796,21,1,79700,927,455,472
797,21,1,79800,1016,499,517
798,21,1,79900,533,269,264
799,21,1,80000,3716,1900,1816
800,21,1,80100,893,454,439
801,21,1,80200,269,137,132
802,21,1,80300,2337,1166,1171
803,21,1,80400,1640,835,805
804,21,1,80500,2377,1184,1193
805,21,1,80600,2721,1381,1340
806,21,1,80700,609,302,307
807,21,1,80800,1025,531,494
808,21,1,80900,1990,1017,973
809,21,1,81000,1671,868,803
810,21,1,81100,723,380,343
811,21,1,81200,1245,618,627
812,21,1,81300,2769,1397,1372
813,21,1,81400,4099,2050,2049
814,21,1,81500,1287,641,646
815,21,1,81600,661,317,344
816,21,1,81700,511,286,225
817,21,1,81800,932,492,440
818,21,1,81900,2609,1304,1305
819,21,1,82000,1087,557,530
820,21,1,82100,1061,535,526
821,21,1,82200,469,240,229
822,21,1,82300,464,236,228
823,21,1,82400,500,245,255
824,21,1,82500,1014,513,501
825,21,1,82600,556,288,268
826,21,1,82700,1710,866,844
827,21,1,82800,284,144,140
828,21,1,82900,342,172,170
829,21,1,83000,1316,671,645
830,21,1,83100,354,185,169
831,21,1,83200,1040,545,495
832,21,1,83300,780,393,387
833,21,1,83400,198,105,93
834,21,1,83500,1346,642,704
835,21,1,83600,564,288,276
836,21,1,83700,140,67,73
837,21,1,83800,1436,744,692
838,21,1,83900,2435,1257,1178
839,21,1,84000,1753,899,854
840,21,1,84100,810,396,414
841,21,1,84200,4795,2388,2407
842,21,1,84300,3082,1582,1500
843,21,1,84400,681,342,339
844,21,1,84500,611,298,313
845,21,1,84600,524,257,267
846,21,1,84700,1348,690,658
847,21,1,84800,1195,599,596
848,21,1,84900,3245,1629,1616
849,21,1,85000,1169,611,558
850,21,1,85100,3269,1656,1613
851,21,1,85200,1282,675,607
852,21,1,85300,2111,1081,1030
853,21,1,85400,1527,774,753
854,21,1,85500,561,297,264
855,21,1,85600,787,402,385
856,21,1,85700,551,292,259
857,21,1,85800,451,236,215
858,21,1,85900,572,288,284
859,21,1,86000,945,510,435
860,21,1,86100,723,379,344
861,21,1,86200,654,342,312
862,21,1,86300,1457,745,712
863,21,1,86400,1007,490,517
864,21,1,86500,2505,1280,1225
865,21,1,86600,3377,1743,1634
866,21,1,86700,3410,1727,1683
867,21,1,86800,1003,490,513
868,21,1,86900,930,470,460
869,21,1,87000,534,281,253
870,21,1,87100,1392,719,673
871,21,1,87200,1079,546,533
872,21,1,87300,345,170,175
873,21,1,87400,1078,560,518
874,21,1,87500,488,247,241
875,21,1,87600,952,488,464
876,21,1,87700,6439,3252,3187
877,21,1,87800,2583,1321,1262
878,21,1,87900,499,253,246
879,21,1,88000,2730,1359,1371
880,21,1,88100,2414,1231,1183
881,21,1,88200,1571,820,751
882,21,1,88300,4257,2226,2031
883,21,1,88400,5152,2595,2557
884,21,1,88500,6644,3426,3218
885,21,1,88600,541,281,260
886,21,1,88700,591,283,308
887,21,1,88800,1978,1028,950
888,21,1,88900,913,453,460
889,21,1,89000,965,517,448
890,21,1,89100,1371,694,677
891,21,1,89200,1495,763,732
892,21,1,89300,1458,733,725
893,21,1,89400,2124,1084,1040
894,21,1,89500,2939,1514,1425
895,21,1,89600,3949,1992,1957
896,21,1,89700,4552,2375,2177
897,21,1,89800,3778,1934,1844
898,21,1,89900,2518,1313,1205
899,21,1,90000,15080,7818,7262
900,21,1,90100,630,322,308
901,21,1,90200,708,359,349
902,21,1,90300,3898,2029,1869
903,21,1,90400,2911,1445,1466
904,21,1,90500,2422,1221,1201
905,21,1,90600,539,270,269
906,21,1,90700,1155,580,575
907,21,1,90800,1128,577,551
908,21,1,90900,4398,2229,2169
909,21,1,91000,1970,986,984
910,21,1,91100,6081,3170,2911
911,21,1,91200,1248,627,621
912,21,1,91300,5151,2695,2456
913,21,1,91400,4300,2213,2087
914,21,1,91500,5165,2643,2522
915,21,1,91600,3285,1639,1646
916,21,1,91700,1079,565,514
917,21,1,91800,644,323,321
918,21,1,91900,6541,3367,3174
919,21,1,92000,4162,2112,2050
920,21,1,92100,4815,2438,2377
921,21,1,92200,671,337,334
922,21,1,92300,675,342,333
923,21,1,92400,1067,517,550
924,21,1,92500,1638,853,785
925,21,1,92600,1513,783,730
926,21,1,92700,1968,1007,961
927,21,1,92800,730,370,360
928,21,1,92900,1093,569,524
929,21,1,93000,2366,1233,1133
930,21,1,93100,605,295,310
931,21,1,93200,1660,835,825
932,21,1,93300,1938,973,965
933,21,1,93400,1939,989,950
934,21,1,93500,1336,659,677
935,21,1,93600,2126,1081,1045
936,21,1,93700,213,105,108
937,21,1,93800,233,107,126
938,21,1,93900,789,414,375
939,21,1,94000,294,158,136
940,21,1,94100,521,265,256
941,21,1,94200,606,313,293
942,21,1,94300,327,163,164
943,21,1,94400,1256,659,597
944,21,1,94500,1148,607,541
945,21,1,94600,481,249,232
946,21,1,94700,1085,557,528
947,21,1,94800,985,504,481
948,21,1,94900,1770,858,912
949,21,1,95000,793,397,396
950,21,1,95100,1423,720,703
951,21,1,95200,2194,1135,1059
952,21,1,95300,2633,1336,1297
953,21,1,95400,62,27,35
954,21,1,95500,670,327,343
955,21,1,95600,1913,975,938
956,21,1,95700,309,154,155
957,21,1,95800,453,231,222
958,21,1,95900,1462,751,711
959,21,1,96000,1040,528,512
960,21,1,96100,631,317,314
961,21,1,96200,527,258,269
962,21,1,96300,1037,524,513
963,21,1,96400,743,379,364
964,21,1,96500,633,326,307
965,21,1,96600,539,264,275
966,21,1,96700,748,372,376
967,21,1,96800,498,243,255
968,21,1,96900,161,72,89
969,21,1,97000,717,324,393
970,21,1,97100,341,167,174
971,21,1,97200,1942,992,950
972,21,1,97300,3182,1629,1553
973,21,1,97400,706,366,340
974,21,1,97500,813,410,403
975,21,1,97600,3119,1594,1525
976,21,1,97700,1154,586,568
977,21,1,97800,4467,2282,2185
978,21,1,97900,1620,829,791
979,21,1,98000,1303,683,620
980,21,1,98100,1270,650,620
981,21,1,98200,1413,709,704
982,21,1,98300,4699,2324,2375
983,21,1,98400,1574,822,752
984,21,1,98500,744,379,365
985,21,1,98600,716,381,335
986,21,1,98700,2795,1410,1385
987,21,1,98800,583,284,299
988,21,1,98900,646,324,322
989,21,1,99000,541,261,280
990,21,1,99100,833,409,424
991,21,1,99200,1077,556,521
992,21,1,99300,745,361,384
993,21,1,99400,1564,755,809
994,21,1,99500,2320,1184,1136
995,21,1,99600,1077,536,541
996,21,1,99700,1187,589,598
997,21,1,99800,426,220,206
998,21,1,99900,204,107,97
999,21,1,100000,1374,674,700
1000,21,1,100100,1243,620,623
1001,21,1,100200,435,213,222
1002,21,1,100300,958,487,471
1003,21,1,100400,926,452,474
1004,21,1,100500,611,317,294
1005,21,1,100600,2069,1062,1007
1006,21,1,100700,1566,794,772
1007,21,1,100800,744,352,392
1008,21,1,100900,1765,928,837
1009,21,1,101000,1236,611,625
1010,21,1,101100,598,301,297
1011,21,1,101200,1015,514,501
1012,21,1,101300,697,357,340
1013,21,1,101400,1871,958,913
1014,21,1,101500,457,229,228
1015,21,1,101600,534,251,283
1016,21,1,101700,575,290,285
1017,21,1,101800,854,429,425
1018,21,1,101900,639,304,335
1019,21,1,102000,1253,652,601
1020,21,1,102100,3245,1677,1568
1021,21,1,102200,1024,495,529
1022,21,1,102300,613,331,282
1023,21,1,102400,382,189,193
1024,21,1,102500,56,27,29
1025,21,1,102600,301,148,153
1026,21,1,102700,372,185,187
1027,21,1,102800,140,61,79
1028,21,1,102900,159,84,75
1029,21,1,103000,390,181,209
1030,21,1,103100,419,195,224
1031,21,1,103200,890,435,455
1032,21,1,103300,521,259,262
1033,21,1,103400,621,320,301
1034,21,1,103500,730,359,371
1035,21,1,103600,1681,894,787
1036,21,1,103700,697,333,364
1037,21,1,103800,565,284,281
1038,21,1,103900,298,146,152
1039,21,1,104000,375,190,185
1040,21,1,104100,427,226,201
1041,21,1,104200,157,73,84
1042,21,1,104300,308,146,162
1043,21,1,104400,726,357,369
1044,21,1,104500,350,166,184
1045,21,1,104600,782,387,395
1046,21,1,104700,444,222,222
1047,21,1,104800,573,290,283
1048,21,1,104900,2044,1048,996
1049,21,1,105000,283,151,132
1050,21,1,105100,261,148,113
1051,21,1,105200,815,416,399
1052,21,1,105300,914,448,466
1053,21,1,105400,475,228,247
1054,21,1,105500,1060,518,542
1055,21,1,105600,611,306,305
1056,21,1,105700,1541,769,772
1057,21,1,105800,334,159,175
1058,21,1,105900,1048,535,513
1059,21,1,106000,775,408,367
1060,21,1,106100,685,336,349
1061,21,1,106200,598,306,292
1062,21,1,106300,1025,536,489
1063,21,1,106400,2402,1234,1168
1064,21,1,106500,563,273,290
1065,21,1,106600,566,290,276
1066,21,1,106700,420,225,195
1067,21,1,106800,888,438,450
1068,21,1,106900,552,284,268
1069,21,1,107000,427,223,204
1070,21,1,107100,733,368,365
1071,21,1,107200,712,368,344
1072,21,1,107300,518,260,258
1073,21,1,107400,210,115,95
1074,21,1,107500,2055,1062,993
1075,21,1,107600,1208,604,604
1076,21,1,107700,387,202,185
1077,21,1,107800,482,249,233
1078,21,1,107900,424,209,215
1079,21,1,108000,501,259,242
1080,21,1,108100,2357,1194,1163
1081,21,1,108200,2164,1093,1071
1082,21,1,108300,1002,506,496
1083,21,1,108400,583,278,305
1084,21,1,108500,885,426,459
1085,21,1,108600,556,266,290
1086,21,1,108700,666,320,346
1087,21,1,108800,1457,736,721
1088,21,1,108900,2147,1089,1058
1089,21,1,109000,692,335,357
1090,21,1,109100,653,343,310
1091,21,1,109200,1792,905,887
1092,21,1,109300,357,177,180
1093,21,1,109400,550,271,279
1094,21,1,109500,188,99,89
1095,21,1,109600,229,122,107
1096,21,1,109700,518,260,258
1097,21,1,109800,356,182,174
1098,21,1,109900,1204,584,620
1099,21,1,110000,551,275,276
1100,21,1,110100,721,355,366
1101,21,1,110200,248,126,122
1102,21,1,110300,333,162,171
1103,21,1,110400,404,201,203
1104,21,1,110500,1159,578,581
1105,21,1,110600,223,114,109
1106,21,1,110700,334,162,172
1107,21,1,110800,732,389,343
1108,21,1,110900,136,68,68
1109,21,1,111000,0,0,0
1110,21,1,111100,180,81,99
1111,21,1,111200,239,119,120
1112,21,1,111300,123,58,65
1113,21,1,111400,416,212,204
1114,21,1,111500,372,183,189
1115,21,1,111600,338,176,162
1116,21,1,111700,196,102,94
1117,21,1,111800,136,77,59
1118,21,1,111900,422,218,204
1119,21,1,112000,117,58,59
1120,21,1,112100,653,336,317
1121,21,1,112200,467,238,229
1122,21,1,112300,184,93,91
1123,21,1,112400,0,0,0
1124,21,1,112500,0,0,0
1125,21,1,112600,47,26,21
1126,21,1,112700,0,0,0
1127,21,1,112800,148,75,73
1128,21,1,112900,0,0,0
1129,21,1,113000,57,29,28
1130,21,1,113100,192,97,95
1131,21,1,113200,63,35,28
1132,21,1,113300,469,232,237
1133,21,1,113400,429,209,220
1134,21,1,113500,407,207,200
1135,21,1,113600,723,356,367
1136,21,1,113700,5252,2589,2663
1137,21,1,113800,38,26,12
1138,21,1,113900,2210,1125,1085
1139,21,1,114000,712,361,351
1140,21,1,114100,4858,2476,2382
1141,21,1,114200,657,339,318
1142,21,1,114300,6436,3275,3161
1143,21,1,114400,5700,2966,2734
1144,21,1,114500,3869,1961,1908
1145,21,1,114600,744,378,366
1146,21,1,114700,962,487,475
1147,21,1,114800,1949,983,966
1148,21,1,114900,1331,657,674
1149,21,1,115000,855,436,419
1150,21,1,115100,1636,829,807
1151,21,1,115200,3393,1684,1709
1152,21,1,115300,1299,656,643
1153,21,1,115400,185,89,96
1154,21,1,115500,644,311,333
1155,21,1,115600,1206,602,604
1156,21,1,115700,1156,601,555
1157,21,1,115800,2704,1358,1346
1158,21,1,115900,1105,556,549
1159,21,1,116000,349,179,170
1160,21,1,116100,913,470,443
1161,21,1,116200,3334,1648,1686
1162,21,1,116300,4370,2222,2148
1163,21,1,116400,1462,748,714
1164,21,1,116500,2751,1376,1375
1165,21,1,116600,5342,2742,2600
1166,21,1,116700,4283,2209,2074
1167,21,1,116800,2254,1169,1085
1168,21,1,116900,916,465,451
1169,21,1,117000,7536,3845,3691
1170,21,1,117100,2550,1297,1253
1171,21,1,117200,2155,1103,1052
1172,21,1,117300,1098,550,548
1173,21,1,117400,11001,5664,5337
1174,21,1,117500,973,489,484
1175,21,1,117600,1837,1043,794
1176,21,1,117700,1256,619,637
1177,21,1,117800,2907,1470,1437
1178,21,1,117900,3815,1950,1865
1179,21,1,118000,514,265,249
1180,21,1,118100,1201,620,581
1181,21,1,118200,3466,1738,1728
1182,21,1,118300,549,280,269
1183,21,1,118400,2443,1233,1210
1184,21,1,118500,5143,2593,2550
1185,21,1,118600,1962,1009,953
1186,21,1,118700,2352,1223,1129
1187,21,1,118800,367,189,178
1188,21,1,118900,2149,1100,1049
1189,21,1,119000,0,0,0
1190,21,1,119100,1199,604,595
1191,21,1,119200,4815,2443,2372
1192,21,1,119300,0,0,0
1193,21,1,119400,5965,3080,2885
1194,21,1,119500,2613,1320,1293
1195,21,1,119600,1859,948,911
1196,21,1,119700,1142,583,559
1197,21,1,119800,2763,1385,1378
1198,21,1,119900,1210,594,616
1199,21,1,120000,609,313,296
1200,21,1,120100,3455,1780,1675
1201,21,1,120200,3081,1575,1506
1202,21,1,120300,1663,827,836
1203,21,1,120400,984,499,485
1204,21,1,120500,2742,1348,1394
1205,21,1,120600,1594,820,774
1206,21,1,120700,327,172,155
