,Statecode,Districtcode,VillageCode,Population,Males,Females
0,21,396,4470900,44,22,22
1,21,396,4471000,45,19,26
2,21,396,4471100,43,23,20
3,21,396,4471200,57,27,30
4,21,396,4471300,41,23,18
5,21,396,4471400,59,30,29
6,21,396,4471500,29,15,14
7,21,396,4471600,101,58,43
8,21,396,4471700,418,213,205
9,21,396,4471800,754,364,390
10,21,396,4471900,105,57,48
11,21,396,4472000,713,356,357
12,21,396,4472100,44,20,24
13,21,396,4472200,0,0,0
14,21,396,4472300,12,4,8
15,21,396,4472400,79,43,36
16,21,396,4472500,55,26,29
17,21,396,4472600,0,0,0
18,21,396,4472700,104,53,51
19,21,396,4472800,54,30,24
20,21,396,4472900,59,31,28
21,21,396,4473000,0,0,0
22,21,396,4473100,61,34,27
23,21,396,4473200,33,11,22
24,21,396,4473300,0,0,0
25,21,396,4473400,20,10,10
26,21,396,4473500,0,0,0
27,21,396,4473600,71,38,33
28,21,396,4473700,30,12,18
29,21,396,4473800,0,0,0
30,21,396,4473900,0,0,0
31,21,396,4474000,29,13,16
32,21,396,4474100,104,44,60
33,21,396,4474200,24,11,13
34,21,396,4474300,128,60,68
35,21,396,4474400,62,29,33
36,21,396,4474500,67,34,33
37,21,396,4474600,34,15,19
38,21,396,4474700,121,62,59
39,21,396,4474800,24,6,18
40,21,396,4474900,33,13,20
41,21,396,4475000,262,133,129
42,21,396,4475100,27,13,14
43,21,396,4475200,74,37,37
44,21,396,4475300,31,12,19
45,21,396,4475400,0,0,0
46,21,396,4475500,57,30,27
47,21,396,4475600,439,204,235
48,21,396,4475700,33,18,15
49,21,396,4475800,103,44,59
50,21,396,4475900,87,36,51
51,21,396,4476000,0,0,0
52,21,396,4476100,19,6,13
53,21,396,4476200,19,9,10
54,21,396,4476300,24,11,13
55,21,396,4476400,30,15,15
56,21,396,4476500,53,29,24
57,21,396,4476600,86,39,47
58,21,396,4476700,0,0,0
59,21,396,4476800,202,104,98
60,21,396,4476900,25,10,15
61,21,396,4477000,26,13,13
62,21,396,4477100,19,10,9
63,21,396,4477200,55,30,25
64,21,396,4477300,46,22,24
65,21,396,4477400,5,2,3
66,21,396,4477500,9,8,1
67,21,396,4477600,26,13,13
68,21,396,4477700,10,6,4
69,21,396,4477800,2,1,1
70,21,396,4477900,32,12,20
71,21,396,4478000,0,0,0
72,21,396,4478100,285,132,153
73,21,396,4478200,618,294,324
74,21,396,4478300,74,34,40
75,21,396,4478400,117,47,70
76,21,396,4478500,75,38,37
77,21,396,4478600,51,25,26
78,21,396,4478700,12,6,6
79,21,396,4478800,4,2,2
80,21,396,4478900,67,37,30
81,21,396,4479000,76,34,42
82,21,396,4479100,17,5,12
83,21,396,4479200,105,58,47
84,21,396,4479300,19,11,8
85,21,396,4479400,1,1,0
86,21,396,4479500,83,45,38
87,21,396,4479600,122,61,61
88,21,396,4479700,288,147,141
89,21,396,4479800,23,10,13
90,21,396,4479900,102,51,51
91,21,396,4480000,238,110,128
92,21,396,4480100,174,85,89
93,21,396,4480200,167,86,81
94,21,396,4480300,27,15,12
95,21,396,4480400,126,65,61
96,21,396,4480500,167,82,85
97,21,396,4480600,158,73,85
98,21,396,4480700,86,44,42
99,21,396,4480800,47,18,29
100,21,396,4480900,0,0,0
101,21,396,4481000,44,27,17
102,21,396,4481100,117,64,53
103,21,396,4481200,125,66,59
104,21,396,4481300,256,135,121
105,21,396,4481400,16,5,11
106,21,396,4481500,0,0,0
107,21,396,4481600,0,0,0
108,21,396,4481700,89,48,41
109,21,396,4481800,0,0,0
110,21,396,4481900,0,0,0
111,21,396,4482000,47,26,21
112,21,396,4482100,180,88,92
113,21,396,4482200,267,130,137
114,21,396,4482300,184,93,91
115,21,396,4482400,29,17,12
116,21,396,4482500,19,11,8
117,21,396,4482600,0,0,0
118,21,396,4482700,26,13,13
119,21,396,4482800,215,110,105
120,21,396,4482900,74,37,37
121,21,396,4483000,64,32,32
122,21,396,4483100,399,197,202
123,21,396,4483200,271,116,155
124,21,396,4483300,58,26,32
125,21,396,4483400,153,67,86
126,21,396,4483500,252,119,133
127,21,396,4483600,154,82,72
128,21,396,4483700,522,255,267
129,21,396,4483800,157,79,78
130,21,396,4483900,85,52,33
131,21,396,4484000,177,97,80
132,21,396,4484100,498,276,222
133,21,396,4484200,266,137,129
134,21,396,4484300,174,85,89
135,21,396,4484400,117,57,60
136,21,396,4484500,118,64,54
137,21,396,4484600,239,121,118
138,21,396,4484700,223,119,104
139,21,396,4484800,447,222,225
140,21,396,4484900,794,409,385
141,21,396,4485000,460,305,155
142,21,396,4485100,1679,880,799
143,21,396,4485200,3358,1724,1634
144,21,396,4485300,177,83,94
145,21,396,4485400,67,34,33
146,21,396,4485500,121,68,53
147,21,396,4485600,64,31,33
148,21,396,4485700,46,26,20
149,21,396,4485800,0,0,0
150,21,396,4485900,0,0,0
151,21,396,4486000,52,25,27
152,21,396,4486100,9,4,5
153,21,396,4486200,0,0,0
154,21,396,4486300,38,18,20
155,21,396,4486400,52,31,21
156,21,396,4486500,53,26,27
157,21,396,4486600,88,38,50
158,21,396,4486700,38,17,21
159,21,396,4486800,0,0,0
160,21,396,4486900,75,43,32
161,21,396,4487000,407,214,193
162,21,396,4487100,12,4,8
163,21,396,4487200,9,5,4
164,21,396,4487300,17,10,7
165,21,396,4487400,58,24,34
166,21,396,4487500,4,3,1
167,21,396,4487600,15,8,7
168,21,396,4487700,93,44,49
169,21,396,4487800,68,36,32
170,21,396,4487900,94,43,51
171,21,396,4488000,30,18,12
172,21,396,4488100,62,27,35
173,21,396,4488200,46,19,27
174,21,396,4488300,0,0,0
175,21,396,4488400,79,41,38
176,21,396,4488500,117,51,66
177,21,396,4488600,2,1,1
178,21,396,4488700,3610,1842,1768
179,21,396,4488800,349,185,164
180,21,396,4488900,211,110,101
181,21,396,4489000,378,180,198
182,21,396,4489100,513,258,255
183,21,396,4489200,47,24,23
184,21,396,4489300,0,0,0
185,21,396,4489400,284,135,149
186,21,396,4489500,107,45,62
187,21,396,4489600,142,69,73
188,21,396,4489700,0,0,0
189,21,396,4489800,0,0,0
190,21,396,4489900,197,97,100
191,21,396,4490000,73,32,41
192,21,396,4490100,0,0,0
193,21,396,4490200,76,39,37
194,21,396,4490300,192,96,96
195,21,396,4490400,526,269,257
196,21,396,4490500,117,58,59
197,21,396,4490600,131,65,66
198,21,396,4490700,51,27,24
199,21,396,4490800,11,3,8
200,21,396,4490900,0,0,0
201,21,396,4491000,18,9,9
202,21,396,4491100,0,0,0
203,21,396,4491200,85,34,51
204,21,396,4491300,161,80,81
205,21,396,4491400,109,48,61
206,21,396,4491500,94,40,54
207,21,396,4491600,0,0,0
208,21,396,4491700,30,10,20
209,21,396,4491800,43,18,25
210,21,396,4491900,93,46,47
211,21,396,4492000,0,0,0
212,21,396,4492100,173,76,97
213,21,396,4492200,95,40,55
214,21,396,4492300,20,10,10
215,21,396,4492400,150,71,79
216,21,396,4492500,164,81,83
217,21,396,4492600,48,24,24
218,21,396,4492700,116,53,63
219,21,396,4492800,111,53,58
220,21,396,4492900,10,5,5
221,21,396,4493000,192,98,94
222,21,396,4493100,51,24,27
223,21,396,4493200,411,239,172
224,21,396,4493300,221,112,109
225,21,396,4493400,1265,654,611
226,21,396,4493500,0,0,0
227,21,396,4493600,66,32,34
228,21,396,4493700,0,0,0
229,21,396,4493800,61,34,27
230,21,396,4493900,31,13,18
231,21,396,4494000,60,30,30
232,21,396,4494100,166,83,83
233,21,396,4494200,79,40,39
234,21,396,4494300,82,40,42
235,21,396,4494400,276,130,146
236,21,396,4494500,86,43,43
237,21,396,4494600,55,30,25
238,21,396,4494700,145,68,77
239,21,396,4494800,319,166,153
240,21,396,4494900,87,46,41
241,21,396,4495000,73,32,41
242,21,396,4495100,259,121,138
243,21,396,4495200,109,58,51
244,21,396,4495300,112,54,58
245,21,396,4495400,52,17,35
246,21,396,4495500,131,59,72
247,21,396,4495600,259,129,130
248,21,396,4495700,116,51,65
249,21,396,4495800,58,24,34
250,21,396,4495900,54,29,25
251,21,396,4496000,553,257,296
252,21,396,4496100,208,95,113
253,21,396,4496200,41,17,24
254,21,396,4496300,184,83,101
255,21,396,4496400,0,0,0
256,21,396,4496500,511,244,267
257,21,396,4496600,111,51,60
258,21,396,4496700,71,32,39
259,21,396,4496800,262,131,131
260,21,396,4496900,140,71,69
261,21,396,4497000,390,189,201
262,21,396,4497100,0,0,0
263,21,396,4497200,174,80,94
264,21,396,4497300,563,284,279
265,21,396,4497400,41,19,22
266,21,396,4497500,0,0,0
267,21,396,4497600,25,15,10
268,21,396,4497700,294,145,149
269,21,396,4497800,0,0,0
270,21,396,4497900,164,76,88
271,21,396,4498000,18,11,7
272,21,396,4498100,65,31,34
273,21,396,4498200,78,37,41
274,21,396,4498300,174,86,88
275,21,396,4498400,97,54,43
276,21,396,4498500,0,0,0
277,21,396,4498600,64,31,33
278,21,396,4498700,0,0,0
279,21,396,4498800,0,0,0
280,21,396,4498900,706,364,342
281,21,396,4499000,208,104,104
282,21,396,4499100,168,80,88
283,21,396,4499200,132,50,82
284,21,396,4499300,130,61,69
285,21,396,4499400,116,60,56
286,21,396,4499500,174,93,81
287,21,396,4499600,0,0,0
288,21,396,4499700,343,166,177
289,21,396,4499800,453,207,246
290,21,396,4499900,1142,632,510
291,21,396,4500000,151,74,77
292,21,396,4500100,0,0,0
293,21,396,4500200,210,111,99
294,21,396,4500300,36,18,18
295,21,396,4500400,231,110,121
296,21,396,4500500,451,221,230
297,21,396,4500600,343,181,162
298,21,396,4500700,123,65,58
299,21,396,4500800,294,133,161
300,21,396,4500900,172,82,90
301,21,396,4501000,122,68,54
302,21,396,4501100,117,53,64
303,21,396,4501200,192,87,105
304,21,396,4501300,128,60,68
305,21,396,4501400,23,12,11
306,21,396,4501500,313,144,169
307,21,396,4501600,765,379,386
308,21,396,4501700,8,3,5
309,21,396,4501800,412,194,218
310,21,396,4501900,50,25,25
311,21,396,4502000,327,167,160
312,21,396,4502100,101,50,51
313,21,396,4502200,241,112,129
314,21,396,4502300,238,115,123
315,21,396,4502400,377,184,193
316,21,396,4502500,207,97,110
317,21,396,4502600,448,221,227
318,21,396,4502700,626,314,312
319,21,396,4502800,0,0,0
320,21,396,4502900,526,288,238
321,21,396,4503000,140,73,67
322,21,396,4503100,101,47,54
323,21,396,4503200,97,46,51
324,21,396,4503300,12,8,4
325,21,396,4503400,93,52,41
326,21,396,4503500,448,225,223
327,21,396,4503600,71,33,38
328,21,396,4503700,0,0,0
329,21,396,4503800,0,0,0
330,21,396,4503900,34,15,19
331,21,396,4504000,0,0,0
332,21,396,4504100,0,0,0
333,21,396,4504200,74,32,42
334,21,396,4504300,17,6,11
335,21,396,4504400,82,33,49
336,21,396,4504500,72,39,33
337,21,396,4504600,0,0,0
338,21,396,4504700,341,154,187
339,21,396,4504800,348,156,192
340,21,396,4504900,32,13,19
341,21,396,4505000,256,130,126
342,21,396,4505100,0,0,0
343,21,396,4505200,801,377,424
344,21,396,4505300,600,282,318
345,21,396,4505400,129,68,61
346,21,396,4505500,189,88,101
347,21,396,4505600,632,308,324
348,21,396,4505700,124,62,62
349,21,396,4505800,68,31,37
350,21,396,4505900,218,100,118
351,21,396,4506000,121,58,63
352,21,396,4506100,843,413,430
353,21,396,4506200,1529,802,727
354,21,396,4506300,0,0,0
355,21,396,4506400,185,93,92
356,21,396,4506500,1147,584,563
357,21,396,4506600,136,72,64
358,21,396,4506700,395,213,182
359,21,396,4506800,281,146,135
360,21,396,4506900,201,100,101
361,21,396,4507000,508,251,257
362,21,396,4507100,46,26,20
363,21,396,4507200,352,174,178
364,21,396,4507300,57,30,27
365,21,396,4507400,71,31,40
366,21,396,4507500,40,22,18
367,21,396,4507600,95,46,49
368,21,396,4507700,74,37,37
369,21,396,4507800,117,57,60
370,21,396,4507900,76,31,45
371,21,396,4508000,0,0,0
372,21,396,4508100,255,121,134
373,21,396,4508200,0,0,0
374,21,396,4508300,258,128,130
375,21,396,4508400,401,199,202
376,21,396,4508500,69,33,36
377,21,396,4508600,118,62,56
378,21,396,4508700,96,55,41
379,21,396,4508800,316,144,172
380,21,396,4508900,36,23,13
381,21,396,4509000,305,151,154
382,21,396,4509100,41,29,12
383,21,396,4509200,239,110,129
384,21,396,4509300,193,89,104
385,21,396,4509400,52,26,26
386,21,396,4509500,108,59,49
387,21,396,4509600,43,12,31
388,21,396,4509700,10,5,5
389,21,396,4509800,1236,600,636
390,21,396,4509900,185,89,96
391,21,396,4510000,22,6,16
392,21,396,4510100,146,75,71
393,21,396,4510200,257,125,132
394,21,396,4510300,94,45,49
395,21,396,4510400,441,186,255
396,21,396,4510500,2526,1327,1199
397,21,396,4510600,129,65,64
398,21,396,4510700,73,34,39
399,21,396,4510800,152,68,84
400,21,396,4510900,107,55,52
401,21,396,4511000,0,0,0
402,21,396,4511100,202,95,107
403,21,396,4511200,0,0,0
404,21,396,4511300,0,0,0
405,21,396,4511400,118,50,68
406,21,396,4511500,81,38,43
407,21,396,4511600,754,482,272
408,21,396,4511700,108,52,56
409,21,396,4511800,16,6,10
410,21,396,4511900,158,85,73
411,21,396,4512000,166,75,91
412,21,396,4512100,371,180,191
413,21,396,4512200,350,175,175
414,21,396,4512300,15,8,7
415,21,396,4512400,48,27,21
416,21,396,4512500,238,115,123
417,21,396,4512600,302,158,144
418,21,396,4512700,32,16,16
419,21,396,4512800,142,66,76
420,21,396,4512900,5,2,3
421,21,396,4513000,69,29,40
422,21,396,4513100,39,19,20
423,21,396,4513200,139,71,68
424,21,396,4513300,312,161,151
425,21,396,4513400,89,48,41
426,21,396,4513500,5,3,2
427,21,396,4513600,371,190,181
428,21,396,4513700,114,54,60
429,21,396,4513800,279,125,154
430,21,396,4513900,15,6,9
431,21,396,4514000,915,449,466
432,21,396,4514100,310,159,151
433,21,396,4514200,342,164,178
434,21,396,4514300,469,216,253
435,21,396,4514400,815,380,435
436,21,396,4514500,96,44,52
437,21,396,4514600,422,197,225
438,21,396,4514700,110,51,59
439,21,396,4514800,457,220,237
440,21,396,4514900,702,337,365
441,21,396,4515000,164,83,81
442,21,396,4515100,18,6,12
443,21,396,4515200,85,41,44
444,21,396,4515300,505,264,241
445,21,396,4515400,142,59,83
446,21,396,4515500,41,23,18
447,21,396,4515600,69,29,40
448,21,396,4515700,104,47,57
449,21,396,4515800,82,27,55
450,21,396,4515900,9,3,6
451,21,396,4516000,0,0,0
452,21,396,4516100,72,36,36
453,21,396,4516200,0,0,0
454,21,396,4516300,59,29,30
455,21,396,4516400,515,228,287
456,21,396,4516500,62,25,37
457,21,396,4516600,182,79,103
458,21,396,4516700,421,173,248
459,21,396,4516800,321,130,191
460,21,396,4516900,132,50,82
461,21,396,4517000,209,72,137
462,21,396,4517100,621,298,323
463,21,396,4517200,158,48,110
464,21,396,4517300,20,9,11
465,21,396,4517400,170,81,89
466,21,396,4517500,0,0,0
467,21,396,4517600,1015,496,519
468,21,396,4517700,1940,925,1015
469,21,396,4517800,7200,3705,3495
470,21,396,4517900,1731,860,871
471,21,396,4518000,119,59,60
472,21,396,4518100,3307,1665,1642
473,21,396,4518200,321,119,202
474,21,396,4518300,217,104,113
475,21,396,4518400,338,167,171
476,21,396,4518500,13,5,8
477,21,396,4518600,552,260,292
478,21,396,4518700,100,44,56
479,21,396,4518800,0,0,0
480,21,396,4518900,0,0,0
481,21,396,4519000,543,278,265
482,21,396,4519100,52,26,26
483,21,396,4519200,36,13,23
484,21,396,4519300,245,118,127
485,21,396,4519400,399,206,193
486,21,396,4519500,220,112,108
487,21,396,4519600,503,253,250
488,21,396,4519700,840,425,415
489,21,396,4519800,45,22,23
490,21,396,4519900,75,34,41
491,21,396,4520000,451,228,223
492,21,396,4520100,1233,620,613
493,21,396,4520200,541,284,257
494,21,396,4520300,378,184,194
495,21,396,4520400,1452,710,742
496,21,396,4520500,617,299,318
497,21,396,4520600,117,66,51
498,21,396,4520700,532,263,269
499,21,396,4520800,470,232,238
500,21,396,4520900,0,0,0
501,21,396,4521000,64,29,35
502,21,396,4521100,123,60,63
503,21,396,4521200,190,98,92
504,21,396,4521300,230,115,115
505,21,396,4521400,189,88,101
506,21,396,4521500,101,50,51
507,21,396,4521600,78,37,41
508,21,396,4521700,323,140,183
509,21,396,4521800,62,32,30
510,21,396,4521900,5,4,1
511,21,396,4522000,1602,897,705
512,21,396,4522100,285,139,146
513,21,396,4522200,0,0,0
514,21,396,4522300,82,44,38
515,21,396,4522400,151,68,83
516,21,396,4522500,65,29,36
517,21,396,4522600,0,0,0
518,21,396,4522700,388,199,189
519,21,396,4522800,59,30,29
520,21,396,4522900,280,145,135
521,21,396,4523000,11,5,6
522,21,396,4523100,126,69,57
523,21,396,4523200,57,30,27
524,21,396,4523300,111,53,58
525,21,396,4523400,218,102,116
526,21,396,4523500,76,43,33
527,21,396,4523600,19,9,10
528,21,396,4523700,330,172,158
529,21,396,4523800,94,53,41
530,21,396,4523900,15,8,7
531,21,396,4524000,780,407,373
532,21,396,4524100,221,123,98
533,21,396,4524200,153,72,81
534,21,396,4524300,54,29,25
535,21,396,4524400,101,51,50
536,21,396,4524500,336,173,163
537,21,396,4524600,143,76,67
538,21,396,4524700,78,36,42
539,21,396,4524800,71,32,39
540,21,396,4524900,486,251,235
541,21,396,4525000,306,168,138
542,21,396,4525100,66,38,28
543,21,396,4525200,182,87,95
544,21,396,4525300,223,104,119
545,21,396,4525400,178,93,85
546,21,396,4525500,343,171,172
547,21,396,4525600,609,299,310
548,21,396,4525700,89,44,45
549,21,396,4525800,263,135,128
550,21,396,4525900,276,143,133
551,21,396,4526000,143,59,84
552,21,396,4526100,284,143,141
553,21,396,4526200,40,20,20
554,21,396,4526300,187,86,101
555,21,396,4526400,317,164,153
556,21,396,4526500,90,53,37
557,21,396,4526600,112,55,57
558,21,396,4526700,355,170,185
559,21,396,4526800,192,95,97
560,21,396,4526900,105,53,52
561,21,396,4527000,86,40,46
562,21,396,4527100,8,4,4
563,21,396,4527200,89,44,45
564,21,396,4527300,100,50,50
565,21,396,4527400,279,140,139
566,21,396,4527500,0,0,0
567,21,396,4527600,102,54,48
568,21,396,4527700,259,139,120
569,21,396,4527800,121,62,59
570,21,396,4527900,34,22,12
571,21,396,4528000,118,62,56
572,21,396,4528100,60,36,24
573,21,396,4528200,117,60,57
574,21,396,4528300,39,23,16
575,21,396,4528400,82,46,36
576,21,396,4528500,76,33,43
577,21,396,4528600,60,27,33
578,21,396,4528700,174,96,78
579,21,396,4528800,58,31,27
580,21,396,4528900,0,0,0
581,21,396,4529000,0,0,0
582,21,396,4529100,572,277,295
583,21,396,4529200,398,186,212
584,21,396,4529300,103,53,50
585,21,396,4529400,69,39,30
586,21,396,4529500,161,78,83
587,21,396,4529600,36,20,16
588,21,396,4529700,40,19,21
589,21,396,4529800,67,36,31
590,21,396,4529900,83,36,47
591,21,396,4530000,285,143,142
592,21,396,4530100,29,12,17
593,21,396,4530200,138,61,77
594,21,396,4530300,95,46,49
595,21,396,4530400,154,79,75
596,21,396,4530500,45,19,26
597,21,396,4530600,0,0,0
598,21,396,4530700,160,79,81
599,21,396,4530800,861,427,434
600,21,396,4530900,209,125,84
601,21,396,4531000,20,12,8
602,21,396,4531100,161,80,81
603,21,396,4531200,159,78,81
604,21,396,4531300,269,135,134
605,21,396,4531400,114,50,64
606,21,396,4531500,344,172,172
607,21,396,4531600,88,44,44
608,21,396,4531700,265,146,119
609,21,396,4531800,208,97,111
610,21,396,4531900,154,75,79
611,21,396,4532000,115,54,61
612,21,396,4532100,185,82,103
613,21,396,4532200,139,74,65
614,21,396,4532300,170,96,74
615,21,396,4532400,0,0,0
616,21,396,4532500,115,60,55
617,21,396,4532600,31,17,14
618,21,396,4532700,192,65,127
619,21,396,4532800,224,102,122
620,21,396,4532900,394,168,226
621,21,396,4533000,115,54,61
622,21,396,4533100,497,230,267
623,21,396,4533200,379,189,190
624,21,396,4533300,186,83,103
625,21,396,4533400,225,122,103
626,21,396,4533500,682,319,363
627,21,396,4533600,539,264,275
628,21,396,4533700,0,0,0
629,21,396,4533800,215,98,117
630,21,396,4533900,1795,894,901
631,21,396,4534000,178,75,103
632,21,396,4534100,336,153,183
633,21,396,4534200,461,221,240
634,21,396,4534300,648,314,334
635,21,396,4534400,293,151,142
636,21,396,4534500,246,119,127
637,21,396,4534600,235,114,121
638,21,396,4534700,232,144,88
639,21,396,4534800,0,0,0
640,21,396,4534900,149,71,78
641,21,396,4535000,276,130,146
642,21,396,4535100,15,6,9
643,21,396,4535200,158,78,80
644,21,396,4535300,343,161,182
645,21,396,4535400,172,82,90
646,21,396,4535500,171,83,88
647,21,396,4535600,117,62,55
648,21,396,4535700,173,90,83
649,21,396,4535800,50,22,28
650,21,396,4535900,217,112,105
651,21,396,4536000,25,13,12
652,21,396,4536100,305,159,146
653,21,396,4536200,156,74,82
654,21,396,4536300,104,45,59
655,21,396,4536400,122,57,65
656,21,396,4536500,277,145,132
657,21,396,4536600,0,0,0
658,21,396,4536700,177,82,95
659,21,396,4536800,0,0,0
660,21,396,4536900,257,140,117
661,21,396,4537000,201,95,106
662,21,396,4537100,64,30,34
663,21,396,4537200,244,118,126
664,21,396,4537300,294,150,144
665,21,396,4537400,43,23,20
666,21,396,4537500,130,78,52
667,21,396,4537600,137,67,70
668,21,396,4537700,361,175,186
669,21,396,4537800,160,87,73
670,21,396,4537900,945,453,492
671,21,396,4538000,272,130,142
672,21,396,4538100,250,123,127
673,21,396,4538200,93,37,56
674,21,396,4538300,149,75,74
675,21,396,4538400,172,81,91
676,21,396,4538500,274,136,138
677,21,396,4538600,116,62,54
678,21,396,4538700,206,98,108
679,21,396,4538800,461,208,253
680,21,396,4538900,160,82,78
681,21,396,4539000,86,38,48
682,21,396,4539100,87,37,50
683,21,396,4539200,51,22,29
684,21,396,4539300,428,151,277
685,21,396,4539400,1543,698,845
686,21,396,4539500,934,432,502
687,21,396,4539600,296,142,154
688,21,396,4539700,145,69,76
689,21,396,4539800,243,143,100
690,21,396,4539900,425,179,246
691,21,396,4540000,165,74,91
692,21,396,4540100,287,126,161
693,21,396,4540200,43,19,24
694,21,396,4540300,154,64,90
695,21,396,4540400,64,27,37
696,21,396,4540500,100,50,50
697,21,396,4540600,36,13,23
698,21,396,4540700,124,59,65
699,21,396,4540800,227,114,113
700,21,396,4540900,0,0,0
701,21,396,4541000,11,5,6
702,21,396,4541100,69,30,39
703,21,396,4541200,357,172,185
704,21,396,4541300,103,48,55
705,21,396,4541400,483,216,267
706,21,396,4541500,197,90,107
707,21,396,4541600,5,2,3
708,21,396,4541700,251,128,123
709,21,396,4541800,19,6,13
710,21,396,4541900,358,160,198
711,21,396,4542000,152,73,79
712,21,396,4542100,338,168,170
713,21,396,4542200,182,97,85
714,21,396,4542300,366,177,189
715,21,396,4542400,0,0,0
716,21,396,4542500,151,71,80
717,21,396,4542600,76,39,37
718,21,396,4542700,1321,682,639
719,21,396,4542800,81,38,43
720,21,396,4542900,0,0,0
721,21,396,4543000,161,76,85
722,21,396,4543100,231,119,112
723,21,396,4543200,111,51,60
724,21,396,4543300,279,136,143
725,21,396,4543400,670,337,333
726,21,396,4543500,153,76,77
727,21,396,4543600,187,105,82
728,21,396,4543700,18,11,7
729,21,396,4543800,317,147,170
730,21,396,4543900,145,64,81
731,21,396,4544000,340,197,143
732,21,396,4544100,434,221,213
733,21,396,4544200,125,65,60
734,21,396,4544300,175,75,100
735,21,396,4544400,185,89,96
736,21,396,4544500,180,80,100
737,21,396,4544600,166,75,91
738,21,396,4544700,0,0,0
739,21,396,4544800,209,107,102
740,21,396,4544900,0,0,0
741,21,396,4545000,166,83,83
742,21,396,4545100,0,0,0
743,21,396,4545200,0,0,0
744,21,396,4545300,150,65,85
745,21,396,4545400,313,152,161
746,21,396,4545500,122,48,74
747,21,396,4545600,45,20,25
748,21,396,4545700,0,0,0
749,21,396,4545800,259,138,121
750,21,396,4545900,95,41,54
751,21,396,4546000,222,116,106
752,21,396,4546100,130,67,63
753,21,396,4546200,73,40,33
754,21,396,4546300,229,116,113
755,21,396,4546400,52,20,32
756,21,396,4546500,88,37,51
757,21,396,4546600,30,13,17
758,21,396,4546700,253,131,122
759,21,396,4546800,234,115,119
760,21,396,4546900,251,129,122
761,21,396,4547000,0,0,0
762,21,396,4547100,501,231,270
763,21,396,4547200,998,571,427
764,21,396,4547300,0,0,0
765,21,396,4547400,22,8,14
766,21,396,4547500,66,34,32
767,21,396,4547600,133,55,78
768,21,396,4547700,0,0,0
769,21,396,4547800,193,92,101
770,21,396,4547900,116,60,56
771,21,396,4548000,388,190,198
772,21,396,4548100,202,80,122
773,21,396,4548200,102,51,51
774,21,396,4548300,135,61,74
775,21,396,4548400,76,38,38
776,21,396,4548500,278,150,128
777,21,396,4548600,316,157,159
778,21,396,4548700,108,55,53
779,21,396,4548800,571,267,304
780,21,396,4548900,1163,637,526
781,21,396,4549000,814,401,413
782,21,396,4549100,95,40,55
783,21,396,4549200,938,435,503
784,21,396,4549300,2542,1242,1300
785,21,396,4549400,253,112,141
786,21,396,4549500,234,107,127
787,21,396,4549600,103,39,64
788,21,396,4549700,0,0,0
789,21,396,4549800,19,10,9
790,21,396,4549900,570,266,304
791,21,396,4550000,126,61,65
792,21,396,4550100,1094,536,558
793,21,396,4550200,282,129,153
794,21,396,4550300,660,313,347
795,21,396,4550400,0,0,0
796,21,396,4550500,317,138,179
797,21,396,4550600,526,242,284
798,21,396,4550700,0,0,0
799,21,396,4550800,559,269,290
800,21,396,4550900,133,71,62
801,21,396,4551000,277,143,134
802,21,396,4551100,242,123,119
803,21,396,4551200,208,92,116
804,21,396,4551300,263,125,138
805,21,396,4551400,230,98,132
806,21,396,4551500,48,20,28
807,21,396,4551600,229,121,108
808,21,396,4551700,246,119,127
809,21,396,4551800,168,73,95
810,21,396,4551900,249,109,140
811,21,396,4552000,414,223,191
812,21,396,4552100,0,0,0
813,21,396,4552200,185,80,105
814,21,396,4552300,278,138,140
815,21,396,4552400,321,164,157
816,21,396,4552500,170,87,83
817,21,396,4552600,688,345,343
818,21,396,4552700,119,60,59
819,21,396,4552800,600,284,316
820,21,396,4552900,561,252,309
821,21,396,4553000,131,64,67
822,21,396,4553100,79,46,33
823,21,396,4553200,472,214,258
824,21,396,4553300,235,121,114
825,21,396,4553400,540,270,270
826,21,396,4553500,279,136,143
827,21,396,4553600,0,0,0
828,21,396,4553700,465,214,251
829,21,396,4553800,436,204,232
830,21,396,4553900,583,263,320
831,21,396,4554000,471,210,261
832,21,396,4554100,0,0,0
833,21,396,4554200,224,89,135
834,21,396,4554300,195,88,107
835,21,396,4554400,69,30,39
836,21,396,4554500,685,317,368
837,21,396,4554600,727,335,392
838,21,396,4554700,397,173,224
839,21,396,4554800,0,0,0
840,21,396,4554900,161,79,82
841,21,396,4555000,293,132,161
842,21,396,4555100,140,54,86
843,21,396,4555200,305,140,165
844,21,396,4555300,555,266,289
845,21,396,4555400,204,100,104
846,21,396,4555500,574,372,202
847,21,396,4555600,34,16,18
848,21,396,4555700,161,78,83
849,21,396,4555800,242,111,131
850,21,396,4555900,189,96,93
851,21,396,4556000,312,149,163
852,21,396,4556100,351,165,186
853,21,396,4556200,300,172,128
854,21,396,4556300,189,87,102
855,21,396,4556400,238,103,135
856,21,396,4556500,184,85,99
857,21,396,4556600,678,331,347
858,21,396,4556700,461,200,261
859,21,396,4556800,123,60,63
860,21,396,4556900,161,79,82
861,21,396,4557000,660,323,337
862,21,396,4557100,0,0,0
863,21,396,4557200,177,86,91
864,21,396,4557300,224,107,117
865,21,396,4557400,0,0,0
866,21,396,4557500,59,33,26
867,21,396,4557600,119,61,58
868,21,396,4557700,413,186,227
869,21,396,4557800,285,122,163
870,21,396,4557900,238,105,133
871,21,396,4558000,163,87,76
872,21,396,4558100,188,83,105
873,21,396,4558200,256,125,131
874,21,396,4558300,1389,726,663
875,21,396,4558400,174,73,101
876,21,396,4558500,282,115,167
877,21,396,4558600,0,0,0
878,21,396,4558700,631,322,309
879,21,396,4558800,211,93,118
880,21,396,4558900,197,98,99
881,21,396,4559000,208,96,112
882,21,396,4559100,153,68,85
883,21,396,4559200,0,0,0
884,21,396,4559300,0,0,0
885,21,396,4559400,0,0,0
886,21,396,4559500,30,11,19
887,21,396,4559600,0,0,0
888,21,396,4559700,234,109,125
889,21,396,4559800,328,172,156
890,21,396,4559900,180,88,92
891,21,396,4560000,221,114,107
892,21,396,4560100,175,86,89
893,21,396,4560200,199,100,99
894,21,396,4560300,308,125,183
895,21,396,4560400,0,0,0
896,21,396,4560500,228,109,119
897,21,396,4560600,681,334,347
898,21,396,4560700,291,126,165
899,21,396,4560800,237,103,134
900,21,396,4560900,94,40,54
901,21,396,4561000,1685,880,805
902,21,396,4561100,285,139,146
903,21,396,4561200,225,107,118
904,21,396,4561300,121,54,67
905,21,396,4561400,218,114,104
906,21,396,4561500,213,97,116
907,21,396,4561600,363,178,185
908,21,396,4561700,202,100,102
909,21,396,4561800,25,11,14
910,21,396,4561900,0,0,0
911,21,396,4562000,295,137,158
912,21,396,4562100,41,22,19
913,21,396,4562200,126,60,66
914,21,396,4562300,122,61,61
915,21,396,4562400,71,25,46
916,21,396,4562500,231,119,112
917,21,396,4562600,263,143,120
918,21,396,4562700,548,264,284
919,21,396,4562800,607,306,301
920,21,396,4562900,93,37,56
921,21,396,4563000,649,303,346
922,21,396,4563100,150,74,76
923,21,396,4563200,51,25,26
924,21,396,4563300,444,194,250
925,21,396,4563400,110,48,62
926,21,396,4563500,18,4,14
927,21,396,4563600,159,67,92
928,21,396,4563700,25,13,12
929,21,396,4563800,178,83,95
930,21,396,4563900,44,22,22
931,21,396,4564000,69,33,36
932,21,396,4564100,274,131,143
933,21,396,4564200,449,209,240
934,21,396,4564300,1029,482,547
935,21,396,4564400,27,10,17
936,21,396,4564500,44,22,22
937,21,396,4564600,43,24,19
938,21,396,4564700,55,27,28
939,21,396,4564800,102,51,51
940,21,396,4564900,31,17,14
941,21,396,4565000,0,0,0
942,21,396,4565100,794,450,344
943,21,396,4565200,65,27,38
944,21,396,4565300,138,67,71
945,21,396,4565400,0,0,0
946,21,396,4565500,43,23,20
947,21,396,4565600,110,57,53
948,21,396,4565700,110,55,55
949,21,396,4565800,92,41,51
950,21,396,4565900,356,167,189
951,21,396,4566000,475,255,220
952,21,396,4566100,252,115,137
953,21,396,4566200,104,50,54
954,21,396,4566300,118,58,60
955,21,396,4566400,242,115,127
956,21,396,4566500,185,108,77
957,21,396,4566600,313,157,156
958,21,396,4566700,0,0,0
959,21,396,4566800,0,0,0
960,21,396,4566900,298,143,155
961,21,396,4567000,44,20,24
962,21,396,4567100,118,58,60
963,21,396,4567200,224,107,117
964,21,396,4567300,151,69,82
965,21,396,4567400,357,166,191
966,21,396,4567500,0,0,0
967,21,396,4567600,276,126,150
968,21,396,4567700,501,234,267
969,21,396,4567800,89,43,46
970,21,396,4567900,1346,716,630
971,21,396,4568000,76,32,44
972,21,396,4568100,26,16,10
973,21,396,4568200,565,276,289
974,21,396,4568300,89,46,43
975,21,396,4568400,24,9,15
976,21,396,4568500,673,320,353
977,21,396,4568600,97,44,53
978,21,396,4568700,204,100,104
979,21,396,4568800,72,33,39
980,21,396,4568900,87,44,43
981,21,396,4569000,100,50,50
982,21,396,4569100,160,78,82
983,21,396,4569200,150,78,72
984,21,396,4569300,238,114,124
985,21,396,4569400,195,95,100
986,21,396,4569500,292,131,161
987,21,396,4569600,216,108,108
988,21,396,4569700,0,0,0
989,21,396,4569800,129,61,68
990,21,396,4569900,121,58,63
991,21,396,4570000,166,71,95
992,21,396,4570100,170,69,101
993,21,396,4570200,171,88,83
994,21,396,4570300,65,32,33
995,21,396,4570400,86,48,38
996,21,396,4570500,123,62,61
997,21,396,4570600,9,5,4
998,21,396,4570700,60,27,33
999,21,396,4570800,8,3,5
1000,21,396,4570900,143,67,76
1001,21,396,4571000,60,29,31
1002,21,396,4571100,302,156,146
1003,21,396,4571200,144,67,77
1004,21,396,4571300,190,98,92
1005,21,396,4571400,105,51,54
1006,21,396,4571500,214,102,112
1007,21,396,4571600,142,69,73
1008,21,396,4571700,92,43,49
1009,21,396,4571800,81,32,49
1010,21,396,4571900,72,38,34
1011,21,396,4572000,447,218,229
1012,21,396,4572100,680,347,333
1013,21,396,4572200,1258,634,624
1014,21,396,4572300,695,333,362
1015,21,396,4572400,230,111,119
1016,21,396,4572500,391,199,192
1017,21,396,4572600,272,143,129
1018,21,396,4572700,0,0,0
1019,21,396,4572800,190,92,98
1020,21,396,4572900,82,41,41
1021,21,396,4573000,309,145,164
1022,21,396,4573100,182,96,86
1023,21,396,4573200,546,279,267
1024,21,396,4573300,237,122,115
1025,21,396,4573400,100,44,56
1026,21,396,4573500,518,287,231
1027,21,396,4573600,245,116,129
1028,21,396,4573700,913,435,478
1029,21,396,4573800,571,280,291
1030,21,396,4573900,1074,541,533
1031,21,396,4574000,278,138,140
1032,21,396,4574100,103,50,53
1033,21,396,4574200,72,36,36
1034,21,396,4574300,476,231,245
1035,21,396,4574400,365,179,186
1036,21,396,4574500,50,26,24
1037,21,396,4574600,76,40,36
1038,21,396,4574700,549,265,284
1039,21,396,4574800,347,165,182
1040,21,396,4574900,432,201,231
1041,21,396,4575000,999,491,508
1042,21,396,4575100,709,378,331
1043,21,396,4575200,119,53,66
1044,21,396,4575300,199,89,110
1045,21,396,4575400,94,45,49
1046,21,396,4575500,147,64,83
1047,21,396,4575600,71,34,37
1048,21,396,4575700,177,86,91
1049,21,396,4575800,0,0,0
1050,21,396,4575900,82,39,43
1051,21,396,4576000,132,64,68
1052,21,396,4576100,165,85,80
1053,21,396,4576200,515,241,274
1054,21,396,4576300,132,68,64
1055,21,396,4576400,192,104,88
1056,21,396,4576500,107,50,57
1057,21,396,4576600,93,52,41
1058,21,396,4576700,145,66,79
1059,21,396,4576800,97,55,42
1060,21,396,4576900,236,128,108
1061,21,396,4577000,22,11,11
1062,21,396,4577100,143,74,69
1063,21,396,4577200,13,9,4
1064,21,396,4577300,67,33,34
1065,21,396,4577400,158,85,73
1066,21,396,4577500,142,75,67
1067,21,396,4577600,111,59,52
1068,21,396,4577700,52,25,27
1069,21,396,4577800,395,196,199
1070,21,396,4577900,463,248,215
1071,21,396,4578000,248,128,120
1072,21,396,4578100,593,319,274
1073,21,396,4578200,584,276,308
1074,21,396,4578300,55,25,30
1075,21,396,4578400,328,168,160
1076,21,396,4578500,1322,644,678
1077,21,396,4578600,780,395,385
1078,21,396,4578700,852,400,452
1079,21,396,4578800,300,152,148
1080,21,396,4578900,288,138,150
1081,21,396,4579000,8,5,3
1082,21,396,4579100,295,140,155
1083,21,396,4579200,89,45,44
1084,21,396,4579300,498,248,250
1085,21,396,4579400,397,189,208
1086,21,396,4579500,76,36,40
1087,21,396,4579600,769,397,372
1088,21,396,4579700,194,104,90
1089,21,396,4579800,94,52,42
1090,21,396,4579900,86,41,45
1091,21,396,4580000,93,39,54
1092,21,396,4580100,462,238,224
1093,21,396,4580200,87,38,49
1094,21,396,4580300,66,24,42
1095,21,396,4580400,64,30,34
1096,21,396,4580500,121,61,60
1097,21,396,4580600,123,53,70
1098,21,396,4580700,0,0,0
1099,21,396,4580800,277,142,135
1100,21,396,4580900,147,73,74
1101,21,396,4581000,129,54,75
1102,21,396,4581100,0,0,0
1103,21,396,4581200,142,68,74
1104,21,396,4581300,105,46,59
1105,21,396,4581400,185,87,98
1106,21,396,4581500,55,26,29
1107,21,396,4581600,419,215,204
1108,21,396,4581700,108,52,56
1109,21,396,4581800,715,337,378
1110,21,396,4581900,1421,706,715
1111,21,396,4582000,517,236,281
1112,21,396,4582100,545,273,272
1113,21,396,4582200,582,295,287
1114,21,396,4582300,510,264,246
1115,21,396,4582400,546,273,273
1116,21,396,4582500,669,299,370
1117,21,396,4582600,331,171,160
1118,21,396,4582700,624,306,318
1119,21,396,4582800,1072,550,522
1120,21,396,4582900,1326,654,672
1121,21,396,4583000,525,265,260
1122,21,396,4583100,2123,1065,1058
1123,21,396,4583200,0,0,0
1124,21,396,4583300,96,40,56
1125,21,396,4583400,237,116,121
1126,21,396,4583500,83,37,46
1127,21,396,4583600,50,27,23
1128,21,396,4583700,1030,492,538
1129,21,396,4583800,2295,1197,1098
1130,21,396,4583900,165,89,76
1131,21,396,4584000,506,239,267
1132,21,396,4584100,493,235,258
1133,21,396,4584200,0,0,0
1134,21,396,4584300,81,38,43
1135,21,396,4584400,51,26,25
1136,21,396,4584500,48,19,29
1137,21,396,4584600,165,81,84
1138,21,396,4584700,200,96,104
1139,21,396,4584800,19,9,10
1140,21,396,4584900,204,87,117
1141,21,396,4585000,11,6,5
1142,21,396,4585100,0,0,0
1143,21,396,4585200,463,221,242
1144,21,396,4585300,471,278,193
1145,21,396,4585400,143,68,75
1146,21,396,4585500,257,123,134
1147,21,396,4585600,48,17,31
1148,21,396,4585700,436,218,218
1149,21,396,4585800,0,0,0
1150,21,396,4585900,73,27,46
1151,21,396,4586000,345,170,175
1152,21,396,4586100,269,133,136
1153,21,396,4586200,213,96,117
1154,21,396,4586300,165,83,82
1155,21,396,4586400,105,46,59
1156,21,396,4586500,103,39,64
1157,21,396,4586600,39,20,19
1158,21,396,4586700,18,9,9
1159,21,396,4586800,109,47,62
1160,21,396,4586900,366,210,156
1161,21,396,4587000,44,23,21
1162,21,396,4587100,132,61,71
1163,21,396,4587200,272,147,125
1164,21,396,4587300,0,0,0
1165,21,396,4587400,270,144,126
1166,21,396,4587500,0,0,0
1167,21,396,4587600,257,130,127
1168,21,396,4587700,147,75,72
1169,21,396,4587800,505,255,250
1170,21,396,4587900,1017,526,491
1171,21,396,4588000,293,156,137
1172,21,396,4588100,1565,815,750
1173,21,396,4588200,355,179,176
1174,21,396,4588300,322,159,163
1175,21,396,4588400,75,40,35
1176,21,396,4588500,171,83,88
1177,21,396,4588600,277,145,132
1178,21,396,4588700,76,41,35
1179,21,396,4588800,330,151,179
1180,21,396,4588900,83,41,42
1181,21,396,4589000,53,25,28
1182,21,396,4589100,483,238,245
1183,21,396,4589200,128,64,64
1184,21,396,4589300,663,305,358
1185,21,396,4589400,1398,684,714
1186,21,396,4589500,156,69,87
1187,21,396,4589600,160,79,81
1188,21,396,4589700,1389,682,707
1189,21,396,4589800,616,307,309
1190,21,396,4589900,2353,1148,1205
1191,21,396,4590000,1394,697,697
1192,21,396,4590100,291,146,145
1193,21,396,4590200,515,256,259
1194,21,396,4590300,1368,641,727
1195,21,396,4590400,432,203,229
1196,21,396,4590500,422,181,241
1197,21,396,4590600,93,43,50
1198,21,396,4590700,161,81,80
1199,21,396,4590800,740,370,370
1200,21,396,4590900,252,119,133
1201,21,396,4591000,269,114,155
1202,21,396,4591100,246,111,135
1203,21,396,4591200,193,92,101
1204,21,396,4591300,92,47,45
1205,21,396,4591400,133,73,60
1206,21,396,4591500,73,34,39
1207,21,396,4591600,111,58,53
1208,21,396,4591700,0,0,0
1209,21,396,4591800,794,393,401
1210,21,396,4591900,922,468,454
1211,21,396,4592000,1106,547,559
1212,21,396,4592100,170,81,89
1213,21,396,4592200,838,447,391
1214,21,396,4592300,717,352,365
1215,21,396,4592400,282,144,138
1216,21,396,4592500,7604,3913,3691
1217,21,396,4592600,756,372,384
1218,21,396,4592700,1522,779,743
1219,21,396,4592800,478,231,247
1220,21,396,4592900,613,309,304
1221,21,396,4593000,388,187,201
1222,21,396,4593100,0,0,0
1223,21,396,4593200,138,64,74
1224,21,396,4593300,147,66,81
1225,21,396,4593400,125,60,65
1226,21,396,4593500,520,243,277
1227,21,396,4593600,885,446,439
1228,21,396,4593700,480,237,243
1229,21,396,4593800,492,232,260
1230,21,396,4593900,766,315,451
1231,21,396,4594000,625,314,311
1232,21,396,4594100,394,193,201
1233,21,396,4594200,166,80,86
1234,21,396,4594300,8,4,4
1235,21,396,4594400,340,163,177
1236,21,396,4594500,178,94,84
1237,21,396,4594600,101,51,50
1238,21,396,4594700,136,68,68
1239,21,396,4594800,37,19,18
1240,21,396,4594900,0,0,0
1241,21,396,4595000,349,181,168
1242,21,396,4595100,944,489,455
1243,21,396,4595200,542,271,271
1244,21,396,4595300,0,0,0
1245,21,396,4595400,560,298,262
1246,21,396,4595500,255,135,120
1247,21,396,4595600,267,135,132
1248,21,396,4595700,1629,814,815
1249,21,396,4595800,262,122,140
1250,21,396,4595900,428,245,183
1251,21,396,4596000,384,189,195
1252,21,396,4596100,392,199,193
1253,21,396,4596200,109,53,56
1254,21,396,4596300,280,135,145
1255,21,396,4596400,355,173,182
1256,21,396,4596500,206,101,105
1257,21,396,4596600,153,80,73
1258,21,396,4596700,582,262,320
1259,21,396,4596800,577,272,305
1260,21,396,4596900,260,138,122
1261,21,396,4597000,494,236,258
1262,21,396,4597100,180,85,95
1263,21,396,4597200,1276,582,694
1264,21,396,4597300,135,66,69
1265,21,396,4597400,126,48,78
1266,21,396,4597500,518,232,286
1267,21,396,4597600,1604,736,868
1268,21,396,4597700,612,289,323
1269,21,396,4597800,269,125,144
1270,21,396,4597900,583,286,297
1271,21,396,4598000,3094,1456,1638
1272,21,396,4598100,736,354,382
1273,21,396,4598200,0,0,0
1274,21,396,4598300,1585,732,853
1275,21,396,4598400,2259,1143,1116
1276,21,396,4598500,767,303,464
1277,21,396,4598600,88,37,51
1278,21,396,4598700,588,267,321
1279,21,396,4598800,584,285,299
1280,21,396,4598900,934,463,471
1281,21,396,4599000,3266,1487,1779
1282,21,396,4599100,1065,487,578
1283,21,396,4599200,384,179,205
1284,21,396,4599300,769,351,418
1285,21,396,4599400,333,151,182
1286,21,396,4599500,234,92,142
1287,21,396,4599600,577,267,310
1288,21,396,4599700,74,30,44
1289,21,396,4599800,491,231,260
1290,21,396,4599900,677,321,356
1291,21,396,4600000,1197,582,615
1292,21,396,4600100,689,322,367
1293,21,396,4600200,475,217,258
1294,21,396,4600300,215,97,118
1295,21,396,4600400,333,157,176
1296,21,396,4600500,157,69,88
1297,21,396,4600600,345,163,182
1298,21,396,4600700,157,80,77
1299,21,396,4600800,0,0,0
1300,21,396,4600900,26,12,14
1301,21,396,4601000,100,48,52
1302,21,396,4601100,193,92,101
1303,21,396,4601200,298,139,159
1304,21,396,4601300,770,345,425
1305,21,396,4601400,276,119,157
1306,21,396,4601500,38,17,21
1307,21,396,4601600,336,167,169
1308,21,396,4601700,266,122,144
1309,21,396,4601800,130,66,64
1310,21,396,4601900,217,97,120
1311,21,396,4602000,645,322,323
1312,21,396,4602100,83,39,44
1313,21,396,4602200,378,193,185
1314,21,396,4602300,303,146,157
1315,21,396,4602400,293,132,161
1316,21,396,4602500,149,75,74
1317,21,396,4602600,52,30,22
1318,21,396,4602700,674,323,351
1319,21,396,4602800,276,132,144
1320,21,396,4602900,159,79,80
1321,21,396,4603000,843,444,399
1322,21,396,4603100,154,73,81
1323,21,396,4603200,3234,1636,1598
1324,21,396,4603300,135,74,61
1325,21,396,4603400,189,95,94
1326,21,396,4603500,167,86,81
1327,21,396,4603600,92,41,51
1328,21,396,4603700,435,220,215
1329,21,396,4603800,105,50,55
1330,21,396,4603900,82,48,34
1331,21,396,4604000,525,249,276
1332,21,396,4604100,282,172,110
1333,21,396,4604200,519,258,261
1334,21,396,4604300,370,185,185
1335,21,396,4604400,364,246,118
1336,21,396,4604500,281,119,162
1337,21,396,4604600,405,195,210
1338,21,396,4604700,259,125,134
1339,21,396,4604800,467,239,228
1340,21,396,4604900,345,189,156
1341,21,396,4605000,0,0,0
1342,21,396,4605100,739,362,377
1343,21,396,4605200,0,0,0
1344,21,396,4605300,194,94,100
1345,21,396,4605400,122,55,67
1346,21,396,4605500,1243,638,605
1347,21,396,4605600,920,441,479
1348,21,396,4605700,668,321,347
1349,21,396,4605800,1257,617,640
1350,21,396,4605900,864,463,401
1351,21,396,4606000,348,171,177
1352,21,396,4606100,517,246,271
1353,21,396,4606200,642,342,300
1354,21,396,4606300,432,222,210
1355,21,396,4606400,936,469,467
1356,21,396,4606500,651,338,313
1357,21,396,4606600,401,206,195
1358,21,396,4606700,387,194,193
1359,21,396,4606800,278,138,140
1360,21,396,4606900,158,72,86
1361,21,396,4607000,368,174,194
1362,21,396,4607100,96,51,45
1363,21,396,4607200,114,53,61
1364,21,396,4607300,319,153,166
1365,21,396,4607400,246,124,122
1366,21,396,4607500,260,137,123
1367,21,396,4607600,193,98,95
1368,21,396,4607700,494,257,237
1369,21,396,4607800,600,294,306
1370,21,396,4607900,350,174,176
1371,21,396,4608000,547,272,275
1372,21,396,4608100,216,112,104
1373,21,396,4608200,110,64,46
1374,21,396,4608300,809,420,389
1375,21,396,4608400,678,322,356
1376,21,396,4608500,3619,1856,1763
1377,21,396,4608600,3923,1899,2024
1378,21,396,4608700,497,235,262
1379,21,396,4608800,206,90,116
1380,21,396,4608900,518,267,251
1381,21,396,4609000,380,194,186
1382,21,396,4609100,420,222,198
1383,21,396,4609200,2862,1292,1570
1384,21,396,4609300,730,373,357
1385,21,396,4609400,1575,769,806
1386,21,396,4609500,991,463,528
1387,21,396,4609600,1081,513,568
1388,21,396,4609700,201,126,75
1389,21,396,4609800,100,45,55
1390,21,396,4609900,380,188,192
1391,21,396,4610000,201,101,100
1392,21,396,4610100,674,348,326
1393,21,396,4610200,1909,928,981
1394,21,396,4610300,733,364,369
1395,21,396,4610400,473,239,234
1396,21,396,4610500,363,172,191
1397,21,396,4610600,317,154,163
1398,21,396,4610700,1593,773,820
1399,21,396,4610800,0,0,0
1400,21,396,4610900,475,228,247
1401,21,396,4611000,278,140,138
1402,21,396,4611100,520,255,265
1403,21,396,4611200,193,112,81
1404,21,396,4611300,122,58,64
1405,21,396,4611400,0,0,0
1406,21,396,4611500,218,103,115
1407,21,396,4611600,202,88,114
1408,21,396,4611700,224,102,122
1409,21,396,4611800,670,355,315
1410,21,396,4611900,55,29,26
1411,21,396,4612000,78,39,39
1412,21,396,4612100,73,32,41
1413,21,396,4612200,0,0,0
1414,21,396,4612300,81,33,48
1415,21,396,4612400,62,33,29
1416,21,396,4612500,0,0,0
1417,21,396,4612600,618,324,294
1418,21,396,4612700,591,277,314
1419,21,396,4612800,522,244,278
1420,21,396,4612900,406,201,205
1421,21,396,4613000,1254,644,610
1422,21,396,4613100,1107,606,501
1423,21,396,4613200,857,420,437
1424,21,396,4613300,598,281,317
1425,21,396,4613400,400,207,193
1426,21,396,4613500,211,97,114
1427,21,396,4613600,531,259,272
1428,21,396,4613700,1578,783,795
1429,21,396,4613800,0,0,0
1430,21,396,4613900,251,124,127
1431,21,396,4614000,38,18,20
1432,21,396,4614100,160,79,81
1433,21,396,4614200,194,100,94
1434,21,396,4614300,234,110,124
1435,21,396,4614400,507,257,250
1436,21,396,4614500,152,75,77
1437,21,396,4614600,98,54,44
1438,21,396,4614700,101,54,47
1439,21,396,4614800,83,41,42
1440,21,396,4614900,144,71,73
1441,21,396,4615000,110,55,55
1442,21,396,4615100,225,112,113
1443,21,396,4615200,164,86,78
1444,21,396,4615300,490,258,232
1445,21,396,4615400,102,52,50
1446,21,396,4615500,329,178,151
1447,21,396,4615600,192,103,89
1448,21,396,4615700,522,282,240
1449,21,396,4615800,816,386,430
1450,21,396,4615900,467,229,238
1451,21,396,4616000,265,129,136
1452,21,396,4616100,398,196,202
1453,21,396,4616200,245,121,124
1454,21,396,4616300,506,238,268
1455,21,396,4616400,1673,822,851
1456,21,396,4616500,393,231,162
1457,21,396,4616600,218,119,99
1458,21,396,4616700,1326,652,674
1459,21,396,4616800,822,415,407
1460,21,396,4616900,1321,675,646
1461,21,396,4617000,484,236,248
1462,21,396,4617100,187,92,95
1463,21,396,4617200,607,262,345
1464,21,396,4617300,246,124,122
1465,21,396,4617400,1043,542,501
1466,21,396,4617500,338,167,171
1467,21,396,4617600,604,276,328
1468,21,396,4617700,477,231,246
1469,21,396,4617800,718,383,335
1470,21,396,4617900,308,165,143
1471,21,396,4618000,610,301,309
1472,21,396,4618100,179,75,104
1473,21,396,4618200,305,151,154
1474,21,396,4618300,1046,579,467
1475,21,396,4618400,421,203,218
1476,21,396,4618500,15,8,7
1477,21,396,4618600,152,64,88
1478,21,396,4618700,485,204,281
1479,21,396,4618800,211,88,123
1480,21,396,4618900,298,146,152
1481,21,396,4619000,718,328,390
1482,21,396,4619100,1129,562,567
1483,21,396,4619200,880,406,474
1484,21,396,4619300,395,181,214
1485,21,396,4619400,533,248,285
1486,21,396,4619500,531,255,276
1487,21,396,4619600,71,30,41
1488,21,396,4619700,343,163,180
1489,21,396,4619800,508,246,262
1490,21,396,4619900,4649,2420,2229
1491,21,396,4620000,48,26,22
1492,21,396,4620100,2076,1071,1005
1493,21,396,4620200,209,95,114
1494,21,396,4620300,52,19,33
1495,21,396,4620400,159,75,84
1496,21,396,4620500,100,44,56
1497,21,396,4620600,775,386,389
1498,21,396,4620700,553,280,273
1499,21,396,4620800,373,164,209
1500,21,396,4620900,906,415,491
1501,21,396,4621000,355,165,190
1502,21,396,4621100,738,375,363
1503,21,396,4621200,448,222,226
1504,21,396,4621300,197,85,112
1505,21,396,4621400,292,135,157
1506,21,396,4621500,68,32,36
1507,21,396,4621600,440,194,246
1508,21,396,4621700,1203,569,634
1509,21,396,4621800,718,336,382
1510,21,396,4621900,250,117,133
1511,21,396,4622000,620,270,350
1512,21,396,4622100,0,0,0
1513,21,396,4622200,420,207,213
1514,21,396,4622300,409,200,209
1515,21,396,4622400,124,66,58
1516,21,396,4622500,497,217,280
1517,21,396,4622600,699,370,329
1518,21,396,4622700,756,364,392
1519,21,396,4622800,882,419,463
1520,21,396,4622900,336,137,199
1521,21,396,4623000,0,0,0
1522,21,396,4623100,140,67,73
1523,21,396,4623200,498,204,294
1524,21,396,4623300,547,263,284
1525,21,396,4623400,239,123,116
1526,21,396,4623500,272,133,139
1527,21,396,4623600,906,486,420
1528,21,396,4623700,57,29,28
1529,21,396,4623800,646,278,368
1530,21,396,4623900,55,25,30
1531,21,396,4624000,638,314,324
1532,21,396,4624100,167,90,77
1533,21,396,4624200,736,357,379
1534,21,396,4624300,439,208,231
1535,21,396,4624400,1000,478,522
1536,21,396,4624500,341,147,194
1537,21,396,4624600,458,200,258
1538,21,396,4624700,571,265,306
1539,21,396,4624800,555,276,279
1540,21,396,4624900,999,529,470
1541,21,396,4625000,303,122,181
1542,21,396,4625100,833,391,442
1543,21,396,4625200,906,444,462
1544,21,396,4625300,479,210,269
1545,21,396,4625400,119,55,64
1546,21,396,4625500,401,180,221
1547,21,396,4625600,612,310,302
1548,21,396,4625700,0,0,0
1549,21,396,4625800,611,303,308
1550,21,396,4625900,167,86,81
1551,21,396,4626000,203,93,110
1552,21,396,4626100,0,0,0
1553,21,396,4626200,115,57,58
1554,21,396,4626300,184,89,95
1555,21,396,4626400,182,83,99
1556,21,396,4626500,484,229,255
1557,21,396,4626600,300,142,158
1558,21,396,4626700,314,151,163
1559,21,396,4626800,251,129,122
1560,21,396,4626900,527,133,394
1561,21,396,4627000,370,175,195
1562,21,396,4627100,692,477,215
1563,21,396,4627200,135,61,74
1564,21,396,4627300,432,211,221
1565,21,396,4627400,163,81,82
1566,21,396,4627500,413,211,202
1567,21,396,4627600,313,152,161
1568,21,396,4627700,192,90,102
1569,21,396,4627800,145,72,73
1570,21,396,4627900,243,128,115
1571,21,396,4628000,320,143,177
1572,21,396,4628100,546,239,307
1573,21,396,4628200,145,64,81
1574,21,396,4628300,189,86,103
1575,21,396,4628400,100,45,55
1576,21,396,4628500,581,269,312
1577,21,396,4628600,2293,1179,1114
1578,21,396,4628700,154,80,74
1579,21,396,4628800,124,60,64
1580,21,396,4628900,3048,1496,1552
1581,21,396,4629000,1650,801,849
1582,21,396,4629100,655,299,356
1583,21,396,4629200,210,100,110
1584,21,396,4629300,69,32,37
1585,21,396,4629400,88,48,40
1586,21,396,4629500,272,140,132
1587,21,396,4629600,83,39,44
1588,21,396,4629700,192,88,104
1589,21,396,4629800,178,83,95
1590,21,396,4629900,109,47,62
1591,21,396,4630000,0,0,0
1592,21,396,4630100,181,79,102
1593,21,396,4630200,161,88,73
1594,21,396,4630300,281,115,166
1595,21,396,4630400,515,255,260
1596,21,396,4630500,32,18,14
1597,21,396,4630600,22,8,14
1598,21,396,4630700,310,145,165
1599,21,396,4630800,393,196,197
1600,21,396,4630900,158,78,80
1601,21,396,4631000,144,64,80
1602,21,396,4631100,326,156,170
1603,21,396,4631200,217,104,113
1604,21,396,4631300,145,67,78
1605,21,396,4631400,81,38,43
1606,21,396,4631500,181,88,93
1607,21,396,4631600,126,62,64
1608,21,396,4631700,217,109,108
1609,21,396,4631800,116,51,65
1610,21,396,4631900,138,61,77
1611,21,396,4632000,204,110,94
1612,21,396,4632100,366,184,182
1613,21,396,4632200,699,342,357
1614,21,396,4632300,420,184,236
1615,21,396,4632400,3901,1915,1986
1616,21,396,4632500,115,46,69
1617,21,396,4632600,1199,572,627
1618,21,396,4632700,569,250,319
1619,21,396,4632800,282,138,144
1620,21,396,4632900,209,89,120
1621,21,396,4633000,564,293,271
1622,21,396,4633100,312,146,166
1623,21,396,4633200,23,12,11
1624,21,396,4633300,69,30,39
1625,21,396,4633400,165,79,86
1626,21,396,4633500,67,30,37
1627,21,396,4633600,204,82,122
1628,21,396,4633700,82,45,37
1629,21,396,4633800,555,262,293
1630,21,396,4633900,149,64,85
1631,21,396,4634000,274,136,138
1632,21,396,4634100,543,285,258
1633,21,396,4634200,209,98,111
1634,21,396,4634300,80,34,46
1635,21,396,4634400,293,146,147
1636,21,396,4634500,321,161,160
1637,21,396,4634600,357,168,189
1638,21,396,4634700,326,150,176
1639,21,396,4634800,83,40,43
1640,21,396,4634900,301,157,144
1641,21,396,4635000,1299,689,610
1642,21,396,4635100,227,101,126
1643,21,396,4635200,0,0,0
1644,21,396,4635300,190,98,92
1645,21,396,4635400,1092,581,511
1646,21,396,4635500,46,19,27
1647,21,396,4635600,305,143,162
1648,21,396,4635700,182,83,99
1649,21,396,4635800,121,55,66
1650,21,396,4635900,269,129,140
1651,21,396,4636000,520,237,283
1652,21,396,4636100,439,192,247
1653,21,396,4636200,85,40,45
1654,21,396,4636300,1094,498,596
1655,21,396,4636400,178,72,106
1656,21,396,4636500,531,255,276
1657,21,396,4636600,166,92,74
1658,21,396,4636700,681,375,306
1659,21,396,4636800,854,407,447
1660,21,396,4636900,206,97,109
1661,21,396,4637000,555,292,263
1662,21,396,4637100,114,54,60
1663,21,396,4637200,348,164,184
1664,21,396,4637300,58,25,33
1665,21,396,4637400,341,171,170
1666,21,396,4637500,0,0,0
1667,21,396,4637600,74,34,40
1668,21,396,4637700,128,59,69
1669,21,396,4637800,172,82,90
1670,21,396,4637900,22,9,13
1671,21,396,4638000,90,36,54
1672,21,396,4638100,211,100,111
1673,21,396,4638200,208,93,115
1674,21,396,4638300,244,128,116
1675,21,396,4638400,0,0,0
1676,21,396,4638500,384,188,196
1677,21,396,4638600,61,39,22
1678,21,396,4638700,267,118,149
1679,21,396,4638800,245,111,134
1680,21,396,4638900,2923,1405,1518
1681,21,396,4639000,3734,1794,1940
1682,21,396,4639100,920,478,442
1683,21,396,4639200,231,119,112
1684,21,396,4639300,1411,583,828
1685,21,396,4639400,291,144,147
1686,21,396,4639500,171,76,95
1687,21,396,4639600,257,123,134
1688,21,396,4639700,351,163,188
1689,21,396,4639800,579,300,279
1690,21,396,4639900,484,222,262
1691,21,396,4640000,194,90,104
1692,21,396,4640100,29,15,14
1693,21,396,4640200,352,177,175
1694,21,396,4640300,159,71,88
1695,21,396,4640400,348,171,177
1696,21,396,4640500,385,189,196
1697,21,396,4640600,174,79,95
1698,21,396,4640700,281,131,150
1699,21,396,4640800,69,45,24
1700,21,396,4640900,137,71,66
1701,21,396,4641000,204,103,101
1702,21,396,4641100,341,159,182
1703,21,396,4641200,168,78,90
1704,21,396,4641300,376,203,173
1705,21,396,4641400,158,79,79
1706,21,396,4641500,430,227,203
1707,21,396,4641600,1028,517,511
1708,21,396,4641700,262,125,137
1709,21,396,4641800,241,125,116
1710,21,396,4641900,190,90,100
1711,21,396,4642000,532,279,253
1712,21,396,4642100,279,152,127
1713,21,396,4642200,938,449,489
1714,21,396,4642300,1233,584,649
1715,21,396,4642400,105,53,52
1716,21,396,4642500,234,112,122
1717,21,396,4642600,0,0,0
1718,21,396,4642700,308,123,185
1719,21,396,4642800,1031,482,549
1720,21,396,4642900,330,170,160
1721,21,396,4643000,239,115,124
1722,21,396,4643100,0,0,0
1723,21,396,4643200,156,68,88
1724,21,396,4643300,271,139,132
1725,21,396,4643400,72,34,38
1726,21,396,4643500,0,0,0
1727,21,396,4643600,92,38,54
1728,21,396,4643700,295,142,153
1729,21,396,4643800,78,37,41
1730,21,396,4643900,227,92,135
1731,21,396,4644000,18,9,9
1732,21,396,4644100,351,166,185
1733,21,396,4644200,121,57,64
1734,21,396,4644300,730,336,394
1735,21,396,4644400,362,172,190
1736,21,396,4644500,87,39,48
1737,21,396,4644600,418,192,226
1738,21,396,4644700,47,18,29
1739,21,396,4644800,195,80,115
1740,21,396,4644900,274,123,151
1741,21,396,4645000,496,244,252
1742,21,396,4645100,151,75,76
1743,21,396,4645200,124,58,66
1744,21,396,4645300,457,221,236
1745,21,396,4645400,110,58,52
1746,21,396,4645500,217,102,115
1747,21,396,4645600,115,54,61
1748,21,396,4645700,208,100,108
1749,21,396,4645800,186,83,103
1750,21,396,4645900,255,123,132
1751,21,396,4646000,172,83,89
1752,21,396,4646100,313,145,168
1753,21,396,4646200,315,158,157
1754,21,396,4646300,228,114,114
1755,21,396,4646400,53,27,26
1756,21,396,4646500,110,52,58
1757,21,396,4646600,122,59,63
1758,21,396,4646700,135,66,69
1759,21,396,4646800,156,83,73
1760,21,396,4646900,220,102,118
1761,21,396,4647000,617,301,316
1762,21,396,4647100,492,237,255
1763,21,396,4647200,894,412,482
1764,21,396,4647300,451,214,237
1765,21,396,4647400,291,142,149
1766,21,396,4647500,335,147,188
1767,21,396,4647600,72,36,36
1768,21,396,4647700,251,107,144
1769,21,396,4647800,59,29,30
1770,21,396,4647900,8,4,4
1771,21,396,4648000,59,31,28
1772,21,396,4648100,109,59,50
1773,21,396,4648200,0,0,0
1774,21,396,4648300,0,0,0
1775,21,396,4648400,263,128,135
1776,21,396,4648500,330,133,197
1777,21,396,4648600,1063,513,550
1778,21,396,4648700,577,284,293
1779,21,396,4648800,447,227,220
1780,21,396,4648900,147,73,74
1781,21,396,4649000,174,81,93
1782,21,396,4649100,0,0,0
1783,21,396,4649200,164,82,82
1784,21,396,4649300,174,83,91
1785,21,396,4649400,302,142,160
1786,21,396,4649500,308,147,161
1787,21,396,4649600,326,151,175
1788,21,396,4649700,78,36,42
1789,21,396,4649800,110,50,60
1790,21,396,4649900,630,294,336
1791,21,396,4650000,491,244,247
1792,21,396,4650100,1219,696,523
1793,21,396,4650200,882,428,454
1794,21,396,4650300,173,95,78
1795,21,396,4650400,136,62,74
1796,21,396,4650500,572,280,292
1797,21,396,4650600,444,216,228
1798,21,396,4650700,80,36,44
1799,21,396,4650800,125,59,66
1800,21,396,4650900,26,13,13
1801,21,396,4651000,0,0,0
1802,21,396,4651100,131,60,71
1803,21,396,4651200,46,27,19
1804,21,396,4651300,138,61,77
1805,21,396,4651400,1454,655,799
1806,21,396,4651500,661,314,347
1807,21,396,4651600,125,55,70
1808,21,396,4651700,421,210,211
1809,21,396,4651800,243,119,124
1810,21,396,4651900,295,133,162
1811,21,396,4652000,184,81,103
1812,21,396,4652100,210,109,101
1813,21,396,4652200,189,93,96
1814,21,396,4652300,315,171,144
1815,21,396,4652400,387,195,192
1816,21,396,4652500,1405,835,570
1817,21,396,4652600,94,50,44
1818,21,396,4652700,100,53,47
1819,21,396,4652800,102,58,44
1820,21,396,4652900,298,146,152
1821,21,396,4653000,123,50,73
1822,21,396,4653100,400,190,210
1823,21,396,4653200,418,181,237
1824,21,396,4653300,223,105,118
1825,21,396,4653400,248,111,137
1826,21,396,4653500,908,519,389
1827,21,396,4653600,379,177,202
1828,21,396,4653700,543,263,280
1829,21,396,4653800,0,0,0
1830,21,396,4653900,68,39,29
1831,21,396,4654000,471,222,249
1832,21,396,4654100,174,74,100
1833,21,396,4654200,40,22,18
1834,21,396,4654300,150,67,83
1835,21,396,4654400,280,126,154
1836,21,396,4654500,321,135,186
1837,21,396,4654600,308,133,175
1838,21,396,4654700,888,407,481
1839,21,396,4654800,802,376,426
1840,21,396,4654900,288,133,155
1841,21,396,4655000,0,0,0
1842,21,396,4655100,69,32,37
1843,21,396,4655200,365,164,201
1844,21,396,4655300,208,101,107
1845,21,396,4655400,673,305,368
1846,21,396,4655500,196,107,89
1847,21,396,4655600,291,151,140
1848,21,396,4655700,301,168,133
1849,21,396,4655800,790,398,392
1850,21,396,4655900,766,355,411
1851,21,396,4656000,0,0,0
1852,21,396,4656100,492,234,258
1853,21,396,4656200,0,0,0
1854,21,396,4656300,1035,494,541
1855,21,396,4656400,811,391,420
1856,21,396,4656500,394,197,197
1857,21,396,4656600,364,186,178
1858,21,396,4656700,296,142,154
1859,21,396,4656800,333,153,180
1860,21,396,4656900,265,125,140
1861,21,396,4657000,285,153,132
1862,21,396,4657100,154,81,73
1863,21,396,4657200,272,111,161
1864,21,396,4657300,465,204,261
1865,21,396,4657400,255,115,140
1866,21,396,4657500,25,12,13
1867,21,396,4657600,152,64,88
1868,21,396,4657700,667,302,365
1869,21,396,4657800,181,80,101
1870,21,396,4657900,249,115,134
1871,21,396,4658000,73,33,40
1872,21,396,4658100,229,119,110
1873,21,396,4658200,217,102,115
1874,21,396,4658300,122,57,65
1875,21,396,4658400,260,122,138
1876,21,396,4658500,66,34,32
1877,21,396,4658600,192,96,96
1878,21,396,4658700,359,143,216
1879,21,396,4658800,58,32,26
1880,21,396,4658900,312,136,176
1881,21,396,4659000,179,83,96
1882,21,396,4659100,269,114,155
1883,21,396,4659200,189,86,103
1884,21,396,4659300,229,105,124
1885,21,396,4659400,50,23,27
1886,21,396,4659500,652,299,353
1887,21,396,4659600,423,185,238
1888,21,396,4659700,899,427,472
1889,21,396,4659800,65,31,34
1890,21,396,4659900,319,151,168
1891,21,396,4660000,372,190,182
1892,21,396,4660100,328,153,175
1893,21,396,4660200,319,159,160
1894,21,396,4660300,613,288,325
1895,21,396,4660400,281,137,144
1896,21,396,4660500,239,111,128
1897,21,396,4660600,1199,585,614
1898,21,396,4660700,772,349,423
1899,21,396,4660800,229,112,117
1900,21,396,4660900,572,281,291
1901,21,396,4661000,94,47,47
1902,21,396,4661100,443,208,235
1903,21,396,4661200,146,71,75
1904,21,396,4661300,156,86,70
1905,21,396,4661400,644,319,325
1906,21,396,4661500,335,153,182
1907,21,396,4661600,25,15,10
1908,21,396,4661700,875,425,450
1909,21,396,4661800,458,220,238
1910,21,396,4661900,94,40,54
1911,21,396,4662000,299,130,169
1912,21,396,4662100,465,213,252
1913,21,396,4662200,257,123,134
1914,21,396,4662300,26,12,14
1915,21,396,4662400,225,97,128
1916,21,396,4662500,118,53,65
1917,21,396,4662600,0,0,0
1918,21,396,4662700,74,40,34
1919,21,396,4662800,9,5,4
1920,21,396,4662900,685,334,351
1921,21,396,4663000,244,108,136
1922,21,396,4663100,385,168,217
1923,21,396,4663200,492,266,226
1924,21,396,4663300,118,64,54
1925,21,396,4663400,0,0,0
1926,21,396,4663500,58,19,39
1927,21,396,4663600,343,147,196
1928,21,396,4663700,681,321,360
1929,21,396,4663800,119,58,61
1930,21,396,4663900,165,75,90
1931,21,396,4664000,142,72,70
1932,21,396,4664100,1370,659,711
1933,21,396,4664200,343,158,185
1934,21,396,4664300,262,133,129
1935,21,396,4664400,236,105,131
1936,21,396,4664500,900,436,464
1937,21,396,4664600,748,377,371
1938,21,396,4664700,79,36,43
1939,21,396,4664800,87,37,50
1940,21,396,4664900,0,0,0
1941,21,396,4665000,372,178,194
1942,21,396,4665100,1129,691,438
1943,21,396,4665200,1005,528,477
1944,21,396,4665300,690,335,355
1945,21,396,4665400,476,235,241
1946,21,396,4665500,216,94,122
1947,21,396,4665600,655,368,287
1948,21,396,4665700,733,342,391
1949,21,396,4665800,266,131,135
1950,21,396,4665900,1472,791,681
1951,21,396,4666000,0,0,0
1952,21,396,4666100,954,479,475
1953,21,396,4666200,85,41,44
1954,21,396,4666300,310,152,158
1955,21,396,4666400,58,29,29
1956,21,396,4666500,72,37,35
1957,21,396,4666600,0,0,0
1958,21,396,4666700,105,51,54
1959,21,396,4666800,94,50,44
1960,21,396,4666900,82,43,39
1961,21,396,4667000,33,18,15
1962,21,396,4667100,31,12,19
1963,21,396,4667200,337,124,213
1964,21,396,4667300,111,44,67
1965,21,396,4667400,221,93,128
1966,21,396,4667500,78,37,41
1967,21,396,4667600,95,37,58
1968,21,396,4667700,45,22,23
1969,21,396,4667800,74,39,35
1970,21,396,4667900,80,30,50
1971,21,396,4668000,30,15,15
1972,21,396,4668100,75,36,39
1973,21,396,4668200,22,11,11
1974,21,396,4668300,102,48,54
1975,21,396,4668400,5,1,4
1976,21,396,4668500,66,27,39
1977,21,396,4668600,427,202,225
1978,21,396,4668700,0,0,0
1979,21,396,4668800,259,117,142
1980,21,396,4668900,180,90,90
1981,21,396,4669000,184,81,103
1982,21,396,4669100,27,15,12
1983,21,396,4669200,782,368,414
1984,21,396,4669300,139,67,72
1985,21,396,4669400,130,58,72
1986,21,396,4669500,517,252,265
1987,21,396,4669600,62,32,30
1988,21,396,4669700,184,88,96
1989,21,396,4669800,102,47,55
1990,21,396,4669900,0,0,0
1991,21,396,4670000,203,101,102
1992,21,396,4670100,16,8,8
1993,21,396,4670200,295,138,157
1994,21,396,4670300,166,75,91
1995,21,396,4670400,267,112,155
1996,21,396,4670500,37,20,17
1997,21,396,4670600,255,115,140
1998,21,396,4670700,0,0,0
1999,21,396,4670800,103,46,57
2000,21,396,4670900,85,41,44
2001,21,396,4671000,0,0,0
2002,21,396,4671100,124,53,71
2003,21,396,4671200,44,17,27
2004,21,396,4671300,0,0,0
2005,21,396,4671400,83,38,45
2006,21,396,4671500,55,29,26
2007,21,396,4671600,4,1,3
2008,21,396,4671700,519,248,271
2009,21,396,4671800,87,36,51
2010,21,396,4671900,347,156,191
2011,21,396,4672000,61,22,39
2012,21,396,4672100,82,33,49
2013,21,396,4672200,76,39,37
2014,21,396,4672300,189,90,99
2015,21,396,4672400,0,0,0
2016,21,396,4672500,58,27,31
2017,21,396,4672600,81,36,45
2018,21,396,4672700,73,33,40
2019,21,396,4672800,76,37,39
2020,21,396,4672900,280,123,157
2021,21,396,4673000,0,0,0
2022,21,396,4673100,43,20,23
2023,21,396,4673200,201,95,106
2024,21,396,4673300,196,96,100
2025,21,396,4673400,563,281,282
2026,21,396,4673500,187,88,99
2027,21,396,4673600,135,78,57
2028,21,396,4673700,0,0,0
2029,21,396,4673800,314,149,165
2030,21,396,4673900,713,349,364
2031,21,396,4674000,0,0,0
2032,21,396,4674100,5310,2675,2635
2033,21,396,4674200,140,65,75
2034,21,396,4674300,195,92,103
2035,21,396,4674400,637,307,330
2036,21,396,4674500,329,133,196
2037,21,396,4674600,95,43,52
2038,21,396,4674700,249,131,118
2039,21,396,4674800,114,48,66
2040,21,396,4674900,202,97,105
2041,21,396,4675000,62,33,29
2042,21,396,4675100,89,44,45
2043,21,396,4675200,663,331,332
2044,21,396,4675300,0,0,0
2045,21,396,4675400,0,0,0
2046,21,396,4675500,368,177,191
2047,21,396,4675600,457,213,244
2048,21,396,4675700,193,95,98
2049,21,396,4675800,263,119,144
2050,21,396,4675900,75,37,38
2051,21,396,4676000,607,279,328
2052,21,396,4676100,47,19,28
2053,21,396,4676200,29,15,14
2054,21,396,4676300,298,136,162
2055,21,396,4676400,153,81,72
2056,21,396,4676500,437,213,224
2057,21,396,4676600,180,89,91
2058,21,396,4676700,0,0,0
2059,21,396,4676800,335,159,176
2060,21,396,4676900,124,59,65
2061,21,396,4677000,96,46,50
2062,21,396,4677100,303,147,156
2063,21,396,4677200,199,95,104
2064,21,396,4677300,237,117,120
2065,21,396,4677400,161,76,85
2066,21,396,4677500,526,257,269
2067,21,396,4677600,227,94,133
2068,21,396,4677700,0,0,0
2069,21,396,4677800,92,40,52
2070,21,396,4677900,0,0,0
2071,21,396,4678000,435,206,229
2072,21,396,4678100,72,38,34
2073,21,396,4678200,216,104,112
2074,21,396,4678300,51,27,24
2075,21,396,4678400,267,121,146
2076,21,396,4678500,220,96,124
2077,21,396,4678600,126,55,71
2078,21,396,4678700,901,451,450
2079,21,396,4678800,125,54,71
2080,21,396,4678900,464,222,242
2081,21,396,4679000,166,69,97
2082,21,396,4679100,264,138,126
2083,21,396,4679200,225,105,120
2084,21,396,4679300,390,170,220
2085,21,396,4679400,572,301,271
2086,21,396,4679500,734,340,394
2087,21,396,4679600,100,39,61
2088,21,396,4679700,228,107,121
2089,21,396,4679800,220,103,117
2090,21,396,4679900,184,88,96
2091,21,396,4680000,334,150,184
2092,21,396,4680100,486,221,265
2093,21,396,4680200,252,117,135
2094,21,396,4680300,366,167,199
2095,21,396,4680400,38,15,23
2096,21,396,4680500,164,76,88
2097,21,396,4680600,13,5,8
2098,21,396,4680700,697,350,347
2099,21,396,4680800,363,171,192
2100,21,396,4680900,48,26,22
2101,21,396,4681000,154,75,79
2102,21,396,4681100,57,25,32
2103,21,396,4681200,217,109,108
2104,21,396,4681300,853,439,414
2105,21,396,4681400,266,129,137
2106,21,396,4681500,1021,494,527
2107,21,396,4681600,267,128,139
2108,21,396,4681700,188,87,101
2109,21,396,4681800,123,62,61
2110,21,396,4681900,203,98,105
2111,21,396,4682000,154,78,76
2112,21,396,4682100,194,89,105
2113,21,396,4682200,153,83,70
2114,21,396,4682300,95,51,44
2115,21,396,4682400,110,54,56
2116,21,396,4682500,126,60,66
2117,21,396,4682600,118,53,65
2118,21,396,4682700,131,59,72
2119,21,396,4682800,188,83,105
2120,21,396,4682900,561,271,290
2121,21,396,4683000,370,182,188
2122,21,396,4683100,190,88,102
2123,21,396,4683200,923,549,374
2124,21,396,4683300,824,381,443
2125,21,396,4683400,197,90,107
2126,21,396,4683500,259,126,133
2127,21,396,4683600,550,257,293
2128,21,396,4683700,152,64,88
2129,21,396,4683800,1207,599,608
2130,21,396,4683900,256,124,132
2131,21,396,4684000,145,81,64
2132,21,396,4684100,259,121,138
2133,21,396,4684200,79,40,39
2134,21,396,4684300,498,234,264
2135,21,396,4684400,135,60,75
2136,21,396,4684500,204,100,104
2137,21,396,4684600,238,105,133
2138,21,396,4684700,930,552,378
2139,21,396,4684800,58,26,32
2140,21,396,4684900,0,0,0
2141,21,396,4685000,563,274,289
2142,21,396,4685100,165,78,87
2143,21,396,4685200,260,126,134
2144,21,396,4685300,282,131,151
2145,21,396,4685400,273,133,140
2146,21,396,4685500,102,47,55
2147,21,396,4685600,621,289,332
2148,21,396,4685700,167,71,96
2149,21,396,4685800,3308,1646,1662
2150,21,396,4685900,117,55,62
2151,21,396,4686000,993,486,507
2152,21,396,4686100,476,248,228
2153,21,396,4686200,344,150,194
2154,21,396,4686300,153,71,82
2155,21,396,4686400,255,123,132
2156,21,396,4686500,215,94,121
2157,21,396,4686600,436,209,227
2158,21,396,4686700,103,51,52
2159,21,396,4686800,72,36,36
2160,21,396,4686900,108,52,56
2161,21,396,4687000,100,47,53
2162,21,396,4687100,867,395,472
2163,21,396,4687200,437,190,247
2164,21,396,4687300,473,227,246
2165,21,396,4687400,203,93,110
2166,21,396,4687500,337,150,187
2167,21,396,4687600,102,50,52
2168,21,396,4687700,366,166,200
2169,21,396,4687800,342,166,176
2170,21,396,4687900,135,67,68
2171,21,396,4688000,62,31,31
2172,21,396,4688100,787,371,416
2173,21,396,4688200,96,46,50
2174,21,396,4688300,143,60,83
2175,21,396,4688400,52,19,33
2176,21,396,4688500,121,52,69
2177,21,396,4688600,159,75,84
2178,21,396,4688700,341,160,181
2179,21,396,4688800,163,78,85
2180,21,396,4688900,117,61,56
2181,21,396,4689000,408,186,222
2182,21,396,4689100,271,126,145
2183,21,396,4689200,192,96,96
2184,21,396,4689300,327,156,171
2185,21,396,4689400,168,83,85
2186,21,396,4689500,313,136,177
2187,21,396,4689600,398,180,218
2188,21,396,4689700,0,0,0
2189,21,396,4689800,76,37,39
2190,21,396,4689900,80,37,43
2191,21,396,4690000,171,79,92
2192,21,396,4690100,116,50,66
2193,21,396,4690200,177,83,94
2194,21,396,4690300,18,9,9
2195,21,396,4690400,611,303,308
2196,21,396,4690500,197,97,100
2197,21,396,4690600,161,73,88
2198,21,396,4690700,211,105,106
2199,21,396,4690800,54,29,25
2200,21,396,4690900,117,55,62
2201,21,396,4691000,114,57,57
2202,21,396,4691100,494,230,264
2203,21,396,4691200,292,139,153
2204,21,396,4691300,510,256,254
2205,21,396,4691400,519,265,254
2206,21,396,4691500,146,59,87
2207,21,396,4691600,385,185,200
2208,21,396,4691700,143,55,88
2209,21,396,4691800,46,20,26
2210,21,396,4691900,472,220,252
2211,21,396,4692000,200,94,106
2212,21,396,4692100,222,95,127
2213,21,396,4692200,60,33,27
2214,21,396,4692300,218,102,116
2215,21,396,4692400,189,95,94
2216,21,396,4692500,243,116,127
2217,21,396,4692600,145,74,71
2218,21,396,4692700,345,180,165
2219,21,396,4692800,314,158,156
2220,21,396,4692900,112,60,52
2221,21,396,4693000,115,46,69
2222,21,396,4693100,246,121,125
2223,21,396,4693200,123,66,57
2224,21,396,4693300,269,123,146
2225,21,396,4693400,572,280,292
2226,21,396,4693500,175,85,90
2227,21,396,4693600,130,68,62
2228,21,396,4693700,239,116,123
2229,21,396,4693800,96,54,42
2230,21,396,4693900,256,115,141
2231,21,396,4694000,0,0,0
2232,21,396,4694100,153,73,80
2233,21,396,4694200,780,391,389
2234,21,396,4694300,6,4,2
2235,21,396,4694400,620,288,332
2236,21,396,4694500,41,26,15
2237,21,396,4694600,95,53,42
2238,21,396,4694700,692,340,352
2239,21,396,4694800,352,184,168
2240,21,396,4694900,238,112,126
2241,21,396,4695000,756,358,398
2242,21,396,4695100,0,0,0
2243,21,396,4695200,309,159,150
2244,21,396,4695300,221,111,110
2245,21,396,4695400,128,66,62
2246,21,396,4695500,34,13,21
2247,21,396,4695600,273,138,135
2248,21,396,4695700,33,18,15
2249,21,396,4695800,316,151,165
2250,21,396,4695900,41,19,22
2251,21,396,4696000,20,8,12
2252,21,396,4696100,0,0,0
2253,21,396,4696200,477,242,235
2254,21,396,4696300,130,55,75
2255,21,396,4696400,156,71,85
2256,21,396,4696500,0,0,0
2257,21,396,4696600,0,0,0
2258,21,396,4696700,224,103,121
2259,21,396,4696800,492,239,253
2260,21,396,4696900,94,46,48
2261,21,396,4697000,554,273,281
2262,21,396,4697100,146,64,82
2263,21,396,4697200,464,231,233
2264,21,396,4697300,581,267,314
2265,21,396,4697400,46,18,28
2266,21,396,4697500,1230,612,618
2267,21,396,4697600,1006,498,508
2268,21,396,4697700,0,0,0
2269,21,396,4697800,1067,536,531
2270,21,396,4697900,95,45,50
2271,21,396,4698000,64,29,35
2272,21,396,4698100,157,78,79
2273,21,396,4698200,235,107,128
2274,21,396,4698300,345,157,188
2275,21,396,4698400,122,58,64
2276,21,396,4698500,485,223,262
2277,21,396,4698600,54,26,28
2278,21,396,4698700,48,22,26
2279,21,396,4698800,194,83,111
2280,21,396,4698900,548,260,288
2281,21,396,4699000,542,253,289
2282,21,396,4699100,266,135,131
2283,21,396,4699200,65,31,34
2284,21,396,4699300,309,150,159
2285,21,396,4699400,249,122,127
2286,21,396,4699500,186,89,97
2287,21,396,4699600,45,27,18
2288,21,396,4699700,208,102,106
2289,21,396,4699800,300,143,157
2290,21,396,4699900,429,232,197
2291,21,396,4700000,211,101,110
2292,21,396,4700100,23,10,13
2293,21,396,4700200,456,209,247
2294,21,396,4700300,279,133,146
2295,21,396,4700400,41,16,25
2296,21,396,4700500,540,255,285
2297,21,396,4700600,416,200,216
2298,21,396,4700700,0,0,0
2299,21,396,4700800,507,249,258
2300,21,396,4700900,0,0,0
2301,21,396,4701000,560,266,294
2302,21,396,4701100,0,0,0
2303,21,396,4701200,585,287,298
2304,21,396,4701300,505,251,254
2305,21,396,4701400,0,0,0
2306,21,396,4701500,236,111,125
2307,21,396,4701600,1345,666,679
2308,21,396,4701700,27,12,15
2309,21,396,4701800,251,124,127
2310,21,396,4701900,173,80,93
2311,21,396,4702000,51,22,29
2312,21,396,4702100,755,375,380
2313,21,396,4702200,0,0,0
2314,21,396,4702300,69,39,30
2315,21,396,4702400,110,48,62
2316,21,396,4702500,0,0,0
2317,21,396,4702600,0,0,0
2318,21,396,4702700,36,17,19
2319,21,396,4702800,6,2,4
2320,21,396,4702900,199,100,99
2321,21,396,4703000,48,19,29
2322,21,396,4703100,86,45,41
2323,21,396,4703200,13,6,7
2324,21,396,4703300,109,57,52
2325,21,396,4703400,32,15,17
2326,21,396,4703500,68,36,32
2327,21,396,4703600,75,32,43
2328,21,396,4703700,394,227,167
2329,21,396,4703800,111,46,65
2330,21,396,4703900,98,46,52
2331,21,396,4704000,107,53,54
2332,21,396,4704100,104,55,49
2333,21,396,4704200,139,68,71
2334,21,396,4704300,368,178,190
2335,21,396,4704400,89,37,52
2336,21,396,4704500,121,55,66
2337,21,396,4704600,61,25,36
2338,21,396,4704700,129,67,62
2339,21,396,4704800,122,55,67
2340,21,396,4704900,246,121,125
2341,21,396,4705000,632,317,315
2342,21,396,4705100,43,20,23
2343,21,396,4705200,303,144,159
2344,21,396,4705300,193,96,97
2345,21,396,4705400,252,133,119
2346,21,396,4705500,180,95,85
2347,21,396,4705600,153,76,77
2348,21,396,4705700,0,0,0
2349,21,396,4705800,373,173,200
2350,21,396,4705900,385,157,228
2351,21,396,4706000,262,132,130
2352,21,396,4706100,43,23,20
2353,21,396,4706200,239,112,127
2354,21,396,4706300,195,97,98
2355,21,396,4706400,460,211,249
2356,21,396,4706500,228,109,119
2357,21,396,4706600,179,92,87
2358,21,396,4706700,652,306,346
2359,21,396,4706800,0,0,0
2360,21,396,4706900,66,31,35
2361,21,396,4707000,483,241,242
2362,21,396,4707100,74,36,38
2363,21,396,4707200,408,202,206
2364,21,396,4707300,157,73,84
2365,21,396,4707400,378,181,197
2366,21,396,4707500,715,370,345
2367,21,396,4707600,231,112,119
2368,21,396,4707700,0,0,0
2369,21,396,4707800,235,122,113
2370,21,396,4707900,432,228,204
2371,21,396,4708000,111,60,51
2372,21,396,4708100,999,517,482
2373,21,396,4708200,30,13,17
2374,21,396,4708300,44,23,21
2375,21,396,4708400,538,269,269
2376,21,396,4708500,363,174,189
2377,21,396,4708600,334,172,162
2378,21,396,4708700,65,33,32
2379,21,396,4708800,31,18,13
2380,21,396,4708900,0,0,0
2381,21,396,4709000,0,0,0
2382,21,396,4709100,737,386,351
2383,21,396,4709200,41,19,22
2384,21,396,4709300,0,0,0
2385,21,396,4709400,100,51,49
2386,21,396,4709500,725,348,377
2387,21,396,4709600,6291,3163,3128
2388,21,396,4709700,68,31,37
2389,21,396,4709800,591,273,318
2390,21,396,4709900,316,152,164
2391,21,396,4710000,92,43,49
2392,21,396,4710100,209,87,122
2393,21,396,4710200,136,64,72
2394,21,396,4710300,0,0,0
2395,21,396,4710400,131,59,72
2396,21,396,4710500,18,8,10
2397,21,396,4710600,984,487,497
2398,21,396,4710700,72,30,42
2399,21,396,4710800,206,105,101
2400,21,396,4710900,118,61,57
2401,21,396,4711000,147,66,81
2402,21,396,4711100,58,23,35
2403,21,396,4711200,163,74,89
2404,21,396,4711300,327,164,163
2405,21,396,4711400,34,13,21
2406,21,396,4711500,53,24,29
2407,21,396,4711600,222,121,101
2408,21,396,4711700,76,37,39
2409,21,396,4711800,95,45,50
2410,21,396,4711900,81,38,43
2411,21,396,4712000,22,12,10
2412,21,396,4712100,200,93,107
2413,21,396,4712200,93,50,43
2414,21,396,4712300,48,23,25
2415,21,396,4712400,173,82,91
2416,21,396,4712500,45,16,29
2417,21,396,4712600,0,0,0
2418,21,396,4712700,26,15,11
2419,21,396,4712800,427,221,206
2420,21,396,4712900,33,18,15
2421,21,396,4713000,365,170,195
2422,21,396,4713100,521,252,269
2423,21,396,4713200,831,420,411
2424,21,396,4713300,390,185,205
2425,21,396,4713400,942,479,463
2426,21,396,4713500,887,413,474
2427,21,396,4713600,52,25,27
2428,21,396,4713700,175,86,89
2429,21,396,4713800,1622,794,828
2430,21,396,4713900,259,119,140
2431,21,396,4714000,924,450,474
2432,21,396,4714100,187,89,98
2433,21,396,4714200,0,0,0
2434,21,396,4714300,112,58,54
2435,21,396,4714400,327,160,167
2436,21,396,4714500,112,57,55
2437,21,396,4714600,384,181,203
2438,21,396,4714700,596,286,310
2439,21,396,4714800,175,82,93
2440,21,396,4714900,847,407,440
2441,21,396,4715000,118,55,63
2442,21,396,4715100,526,255,271
2443,21,396,4715200,334,170,164
2444,21,396,4715300,618,303,315
2445,21,396,4715400,402,181,221
2446,21,396,4715500,1254,639,615
2447,21,396,4715600,259,129,130
2448,21,396,4715700,218,105,113
2449,21,396,4715800,189,104,85
2450,21,396,4715900,108,48,60
2451,21,396,4716000,17,6,11
2452,21,396,4716100,51,25,26
2453,21,396,4716200,62,32,30
2454,21,396,4716300,47,20,27
2455,21,396,4716400,29,17,12
2456,21,396,4716500,66,31,35
2457,21,396,4716600,60,27,33
2458,21,396,4716700,0,0,0
2459,21,396,4716800,50,22,28
2460,21,396,4716900,103,51,52
2461,21,396,4717000,402,211,191
2462,21,396,4717100,86,43,43
2463,21,396,4717200,129,66,63
2464,21,396,4717300,0,0,0
2465,21,396,4717400,139,75,64
2466,21,396,4717500,79,39,40
2467,21,396,4717600,0,0,0
2468,21,396,4717700,215,108,107
2469,21,396,4717800,79,37,42
2470,21,396,4717900,315,149,166
2471,21,396,4718000,48,19,29
2472,21,396,4718100,129,57,72
2473,21,396,4718200,139,75,64
2474,21,396,4718300,29,13,16
2475,21,396,4718400,17,4,13
2476,21,396,4718500,150,69,81
2477,21,396,4718600,358,178,180
2478,21,396,4718700,116,53,63
2479,21,396,4718800,37,13,24
2480,21,396,4718900,170,80,90
2481,21,396,4719000,0,0,0
2482,21,396,4719100,50,25,25
2483,21,396,4719200,1051,498,553
2484,21,396,4719300,450,218,232
2485,21,396,4719400,263,129,134
2486,21,396,4719500,434,202,232
2487,21,396,4719600,13,8,5
2488,21,396,4719700,143,75,68
2489,21,396,4719800,603,313,290
2490,21,396,4719900,322,153,169
2491,21,396,4720000,666,316,350
2492,21,396,4720100,963,455,508
2493,21,396,4720200,33,15,18
2494,21,396,4720300,327,159,168
2495,21,396,4720400,436,213,223
2496,21,396,4720500,732,363,369
2497,21,396,4720600,0,0,0
2498,21,396,4720700,85,39,46
2499,21,396,4720800,72,36,36
2500,21,396,4720900,444,217,227
2501,21,396,4721000,37,24,13
2502,21,396,4721100,45,23,22
2503,21,396,4721200,60,30,30
2504,21,396,4721300,64,34,30
2505,21,396,4721400,64,26,38
2506,21,396,4721500,114,58,56
2507,21,396,4721600,117,64,53
2508,21,396,4721700,92,41,51
2509,21,396,4721800,153,78,75
2510,21,396,4721900,142,81,61
2511,21,396,4722000,119,66,53
2512,21,396,4722100,236,123,113
2513,21,396,4722200,43,22,21
2514,21,396,4722300,321,165,156
2515,21,396,4722400,274,132,142
2516,21,396,4722500,197,96,101
2517,21,396,4722600,66,36,30
2518,21,396,4722700,160,81,79
2519,21,396,4722800,267,129,138
2520,21,396,4722900,170,87,83
2521,21,396,4723000,45,22,23
2522,21,396,4723100,680,334,346
2523,21,396,4723200,1137,589,548
2524,21,396,4723300,221,97,124
2525,21,396,4723400,170,71,99
2526,21,396,4723500,821,434,387
2527,21,396,4723600,315,158,157
2528,21,396,4723700,341,187,154
2529,21,396,4723800,197,89,108
2530,21,396,4723900,344,175,169
2531,21,396,4724000,549,276,273
2532,21,396,4724100,55,25,30
2533,21,396,4724200,513,237,276
2534,21,396,4724300,197,104,93
2535,21,396,4724400,288,147,141
2536,21,396,4724500,208,103,105
2537,21,396,4724600,552,264,288
2538,21,396,4724700,0,0,0
2539,21,396,4724800,89,44,45
2540,21,396,4724900,433,220,213
2541,21,396,4725000,69,30,39
2542,21,396,4725100,150,62,88
2543,21,396,4725200,23,9,14
2544,21,396,4725300,529,266,263
2545,21,396,4725400,67,33,34
2546,21,396,4725500,129,62,67
2547,21,396,4725600,126,64,62
2548,21,396,4725700,69,30,39
2549,21,396,4725800,104,50,54
2550,21,396,4725900,213,110,103
2551,21,396,4726000,1487,666,821
2552,21,396,4726100,211,97,114
2553,21,396,4726200,236,117,119
2554,21,396,4726300,0,0,0
2555,21,396,4726400,284,136,148
2556,21,396,4726500,817,423,394
2557,21,396,4726600,197,95,102
2558,21,396,4726700,858,406,452
2559,21,396,4726800,998,454,544
2560,21,396,4726900,543,270,273
2561,21,396,4727000,1319,768,551
2562,21,396,4727100,521,230,291
2563,21,396,4727200,402,195,207
2564,21,396,4727300,644,310,334
2565,21,396,4727400,343,170,173
2566,21,396,4727500,606,323,283
2567,21,396,4727600,211,105,106
2568,21,396,4727700,429,210,219
2569,21,396,4727800,140,74,66
2570,21,396,4727900,18,6,12
2571,21,396,4728000,780,372,408
2572,21,396,4728100,270,121,149
2573,21,396,4728200,232,116,116
2574,21,396,4728300,819,412,407
2575,21,396,4728400,30,13,17
2576,21,396,4728500,709,468,241
2577,21,396,4728600,293,140,153
2578,21,396,4728700,184,95,89
2579,21,396,4728800,345,163,182
2580,21,396,4728900,415,201,214
2581,21,396,4729000,324,158,166
2582,21,396,4729100,88,37,51
2583,21,396,4729200,867,419,448
2584,21,396,4729300,110,47,63
2585,21,396,4729400,0,0,0
2586,21,396,4729500,1383,709,674
2587,21,396,4729600,110,55,55
2588,21,396,4729700,364,165,199
2589,21,396,4729800,207,114,93
2590,21,396,4729900,201,95,106
2591,21,396,4730000,68,32,36
2592,21,396,4730100,239,109,130
2593,21,396,4730200,89,45,44
2594,21,396,4730300,145,72,73
2595,21,396,4730400,71,33,38
2596,21,396,4730500,0,0,0
2597,21,396,4730600,160,81,79
2598,21,396,4730700,0,0,0
2599,21,396,4730800,274,142,132
2600,21,396,4730900,98,54,44
2601,21,396,4731000,4,2,2
2602,21,396,4731100,92,54,38
2603,21,396,4731200,152,75,77
2604,21,396,4731300,66,31,35
2605,21,396,4731400,720,348,372
2606,21,396,4731500,407,227,180
2607,21,396,4731600,371,172,199
2608,21,396,4731700,336,180,156
2609,21,396,4731800,2033,980,1053
2610,21,396,4731900,228,110,118
2611,21,396,4732000,0,0,0
2612,21,396,4732100,787,381,406
2613,21,396,4732200,538,258,280
2614,21,396,4732300,591,294,297
2615,21,396,4732400,334,177,157
2616,21,396,4732500,2310,1207,1103
2617,21,396,4732600,451,225,226
2618,21,396,4732700,216,114,102
2619,21,396,4732800,559,259,300
2620,21,396,4732900,26,13,13
2621,21,396,4733000,126,64,62
2622,21,396,4733100,1052,518,534
2623,21,396,4733200,376,186,190
2624,21,396,4733300,986,484,502
2625,21,396,4733400,98,45,53
2626,21,396,4733500,160,79,81
2627,21,396,4733600,97,48,49
2628,21,396,4733700,94,47,47
2629,21,396,4733800,1283,648,635
2630,21,396,4733900,256,121,135
2631,21,396,4734000,153,73,80
2632,21,396,4734100,168,78,90
2633,21,396,4734200,135,62,73
2634,21,396,4734300,90,52,38
2635,21,396,4734400,467,229,238
2636,21,396,4734500,405,200,205
2637,21,396,4734600,1219,595,624
2638,21,396,4734700,237,102,135
2639,21,396,4734800,286,149,137
2640,21,396,4734900,116,59,57
2641,21,396,4735000,507,245,262
2642,21,396,4735100,236,117,119
2643,21,396,4735200,503,249,254
2644,21,396,4735300,287,136,151
2645,21,396,4735400,835,379,456
2646,21,396,4735500,230,97,133
2647,21,396,4735600,386,184,202
2648,21,396,4735700,469,264,205
2649,21,396,4735800,1149,628,521
2650,21,396,4735900,1352,678,674
2651,21,396,4736000,1447,759,688
2652,21,396,4736100,724,348,376
2653,21,396,4736200,264,135,129
2654,21,396,4736300,238,123,115
2655,21,396,4736400,151,74,77
2656,21,396,4736500,362,171,191
2657,21,396,4736600,1816,897,919
2658,21,396,4736700,364,188,176
2659,21,396,4736800,1229,654,575
2660,21,396,4736900,156,69,87
2661,21,396,4737000,343,168,175
2662,21,396,4737100,173,89,84
2663,21,396,4737200,324,156,168
2664,21,396,4737300,287,136,151
2665,21,396,4737400,197,88,109
2666,21,396,4737500,1052,575,477
