,Statecode,Districtcode,VillageCode,Population,Males,Females
0,21,12,1868000,1151,593,558
1,21,12,1868100,1272,667,605
2,21,12,1868200,1066,558,508
3,21,12,1868300,980,506,474
4,21,12,1868400,171,94,77
5,21,12,1868500,848,409,439
6,21,12,1868600,427,211,216
7,21,12,1868700,970,473,497
8,21,12,1868800,1240,600,640
9,21,12,1868900,1430,709,721
10,21,12,1869000,3077,1560,1517
11,21,12,1869100,0,0,0
12,21,12,1869200,1453,716,737
13,21,12,1869300,502,247,255
14,21,12,1869400,533,267,266
15,21,12,1869500,62,41,21
16,21,12,1869600,189,93,96
17,21,12,1869700,243,124,119
18,21,12,1869800,2211,1091,1120
19,21,12,1869900,967,489,478
20,21,12,1870000,1118,562,556
21,21,12,1870100,2931,1512,1419
22,21,12,1870200,1958,979,979
23,21,12,1870300,814,405,409
24,21,12,1870400,1024,510,514
25,21,12,1870500,476,239,237
26,21,12,1870600,1623,823,800
27,21,12,1870700,848,415,433
28,21,12,1870800,126,66,60
29,21,12,1870900,2774,1391,1383
30,21,12,1871000,436,235,201
31,21,12,1871100,473,248,225
32,21,12,1871200,669,341,328
33,21,12,1871300,986,513,473
34,21,12,1871400,872,478,394
35,21,12,1871500,747,358,389
36,21,12,1871600,894,470,424
37,21,12,1871700,257,123,134
38,21,12,1871800,1202,596,606
39,21,12,1871900,1266,636,630
40,21,12,1872000,1690,859,831
41,21,12,1872100,421,205,216
42,21,12,1872200,767,391,376
43,21,12,1872300,1243,637,606
44,21,12,1872400,606,310,296
45,21,12,1872500,2904,1488,1416
46,21,12,1872600,136,79,57
47,21,12,1872700,521,280,241
48,21,12,1872800,455,228,227
49,21,12,1872900,983,484,499
50,21,12,1873000,2363,1197,1166
51,21,12,1873100,430,216,214
52,21,12,1873200,424,212,212
53,21,12,1873300,182,97,85
54,21,12,1873400,1335,682,653
55,21,12,1873500,822,427,395
56,21,12,1873600,3425,1784,1641
57,21,12,1873700,436,228,208
58,21,12,1873800,2310,1228,1082
59,21,12,1873900,22,13,9
60,21,12,1874000,1717,897,820
61,21,12,1874100,739,372,367
62,21,12,1874200,1113,561,552
63,21,12,1874300,940,466,474
64,21,12,1874400,1626,837,789
65,21,12,1874500,826,413,413
66,21,12,1874600,321,159,162
67,21,12,1874700,2452,1243,1209
68,21,12,1874800,578,317,261
69,21,12,1874900,903,460,443
70,21,12,1875000,477,253,224
71,21,12,1875100,799,422,377
72,21,12,1875200,627,304,323
73,21,12,1875300,219,104,115
74,21,12,1875400,549,286,263
75,21,12,1875500,1534,782,752
76,21,12,1875600,1053,549,504
77,21,12,1875700,493,245,248
78,21,12,1875800,704,347,357
79,21,12,1875900,528,270,258
80,21,12,1876000,281,140,141
81,21,12,1876100,665,337,328
82,21,12,1876200,232,122,110
83,21,12,1876300,863,418,445
84,21,12,1876400,286,151,135
85,21,12,1876500,951,479,472
86,21,12,1876600,263,134,129
87,21,12,1876700,530,267,263
88,21,12,1876800,300,145,155
89,21,12,1876900,999,512,487
90,21,12,1877000,0,0,0
91,21,12,1877100,570,291,279
92,21,12,1877200,1582,810,772
93,21,12,1877300,1207,614,593
94,21,12,1877400,1478,737,741
95,21,12,1877500,1753,894,859
96,21,12,1877600,1419,718,701
97,21,12,1877700,688,347,341
98,21,12,1877800,614,310,304
99,21,12,1877900,799,406,393
100,21,12,1878000,476,255,221
101,21,12,1878100,540,278,262
102,21,12,1878200,1146,606,540
103,21,12,1878300,1510,773,737
104,21,12,1878400,714,353,361
105,21,12,1878500,1729,890,839
106,21,12,1878600,1010,515,495
107,21,12,1878700,723,357,366
108,21,12,1878800,863,441,422
109,21,12,1878900,775,390,385
110,21,12,1879000,549,261,288
111,21,12,1879100,717,359,358
112,21,12,1879200,729,376,353
113,21,12,1879300,328,163,165
114,21,12,1879400,874,459,415
115,21,12,1879500,661,341,320
116,21,12,1879600,410,219,191
117,21,12,1879700,517,252,265
118,21,12,1879800,3003,1487,1516
119,21,12,1879900,2260,1154,1106
120,21,12,1880000,2542,1237,1305
121,21,12,1880100,1031,517,514
122,21,12,1880200,606,311,295
123,21,12,1880300,1586,812,774
124,21,12,1880400,628,317,311
125,21,12,1880500,995,495,500
126,21,12,1880600,3637,1863,1774
127,21,12,1880700,413,195,218
128,21,12,1880800,196,97,99
129,21,12,1880900,385,211,174
130,21,12,1881000,173,81,92
131,21,12,1881100,202,100,102
132,21,12,1881200,1684,830,854
133,21,12,1881300,286,153,133
134,21,12,1881400,936,474,462
135,21,12,1881500,455,223,232
136,21,12,1881600,437,217,220
137,21,12,1881700,849,450,399
138,21,12,1881800,144,63,81
139,21,12,1881900,186,90,96
140,21,12,1882000,144,75,69
141,21,12,1882100,1237,638,599
142,21,12,1882200,376,196,180
143,21,12,1882300,615,334,281
144,21,12,1882400,521,256,265
145,21,12,1882500,1320,656,664
146,21,12,1882600,69,35,34
147,21,12,1882700,512,257,255
148,21,12,1882800,1470,762,708
149,21,12,1882900,392,200,192
150,21,12,1883000,104,59,45
151,21,12,1883100,837,429,408
152,21,12,1883200,184,84,100
153,21,12,1883300,714,373,341
154,21,12,1883400,414,217,197
155,21,12,1883500,727,381,346
156,21,12,1883600,224,114,110
157,21,12,1883700,218,109,109
158,21,12,1883800,343,173,170
159,21,12,1883900,1163,581,582
160,21,12,1884000,1724,843,881
161,21,12,1884100,1053,511,542
162,21,12,1884200,496,243,253
163,21,12,1884300,374,182,192
164,21,12,1884400,318,151,167
165,21,12,1884500,1874,925,949
166,21,12,1884600,1568,727,841
167,21,12,1884700,1730,868,862
168,21,12,1884800,531,273,258
169,21,12,1884900,1275,651,624
170,21,12,1885000,579,293,286
171,21,12,1885100,306,151,155
172,21,12,1885200,1554,802,752
173,21,12,1885300,312,163,149
174,21,12,1885400,618,321,297
175,21,12,1885500,273,130,143
176,21,12,1885600,552,283,269
177,21,12,1885700,1458,718,740
178,21,12,1885800,1695,850,845
179,21,12,1885900,2971,1482,1489
180,21,12,1886000,2415,1257,1158
181,21,12,1886100,2363,1179,1184
182,21,12,1886200,187,95,92
183,21,12,1886300,1684,858,826
184,21,12,1886400,886,443,443
185,21,12,1886500,1395,711,684
186,21,12,1886600,1986,1023,963
187,21,12,1886700,3042,1467,1575
188,21,12,1886800,710,353,357
189,21,12,1886900,556,285,271
190,21,12,1887000,829,419,410
191,21,12,1887100,1336,654,682
192,21,12,1887200,415,211,204
193,21,12,1887300,2298,1131,1167
194,21,12,1887400,1323,663,660
195,21,12,1887500,669,322,347
196,21,12,1887600,329,167,162
197,21,12,1887700,562,294,268
198,21,12,1887800,170,93,77
199,21,12,1887900,1325,681,644
200,21,12,1888000,2172,1103,1069
201,21,12,1888100,0,0,0
202,21,12,1888200,624,322,302
203,21,12,1888300,2829,1415,1414
204,21,12,1888400,746,369,377
205,21,12,1888500,2071,1017,1054
206,21,12,1888600,1469,730,739
207,21,12,1888700,311,142,169
208,21,12,1888800,723,348,375
209,21,12,1888900,263,130,133
210,21,12,1889000,429,229,200
211,21,12,1889100,859,428,431
212,21,12,1889200,717,347,370
213,21,12,1889300,575,302,273
214,21,12,1889400,797,409,388
215,21,12,1889500,238,105,133
216,21,12,1889600,700,344,356
217,21,12,1889700,902,483,419
218,21,12,1889800,1206,590,616
219,21,12,1889900,1133,577,556
220,21,12,1890000,1159,580,579
221,21,12,1890100,2701,1367,1334
222,21,12,1890200,882,454,428
223,21,12,1890300,531,282,249
224,21,12,1890400,2853,1432,1421
225,21,12,1890500,1012,496,516
226,21,12,1890600,1399,723,676
227,21,12,1890700,467,238,229
228,21,12,1890800,974,475,499
229,21,12,1890900,737,362,375
230,21,12,1891000,778,389,389
231,21,12,1891100,350,178,172
232,21,12,1891200,588,286,302
233,21,12,1891300,278,149,129
234,21,12,1891400,1864,971,893
235,21,12,1891500,1180,577,603
236,21,12,1891600,809,431,378
237,21,12,1891700,1276,653,623
238,21,12,1891800,477,236,241
239,21,12,1891900,512,242,270
240,21,12,1892000,720,363,357
241,21,12,1892100,691,352,339
242,21,12,1892200,785,400,385
243,21,12,1892300,176,88,88
244,21,12,1892400,1002,528,474
245,21,12,1892500,498,260,238
246,21,12,1892600,932,446,486
247,21,12,1892700,631,337,294
248,21,12,1892800,930,467,463
249,21,12,1892900,994,508,486
250,21,12,1893000,1331,655,676
251,21,12,1893100,1506,733,773
252,21,12,1893200,996,506,490
253,21,12,1893300,2089,1062,1027
254,21,12,1893400,969,475,494
255,21,12,1893500,100,45,55
256,21,12,1893600,717,337,380
257,21,12,1893700,705,380,325
258,21,12,1893800,1042,556,486
259,21,12,1893900,581,299,282
260,21,12,1894000,684,357,327
261,21,12,1894100,3400,1708,1692
262,21,12,1894200,873,436,437
263,21,12,1894300,887,452,435
264,21,12,1894400,3328,1640,1688
265,21,12,1894500,1743,915,828
266,21,12,1894600,188,94,94
267,21,12,1894700,844,446,398
268,21,12,1894800,2807,1494,1313
269,21,12,1894900,1085,559,526
270,21,12,1895000,1392,727,665
271,21,12,1895100,1251,598,653
272,21,12,1895200,2958,1517,1441
273,21,12,1895300,2605,1285,1320
274,21,12,1895400,2488,1292,1196
275,21,12,1895500,2892,1492,1400
276,21,12,1895600,1235,624,611
277,21,12,1895700,2499,1326,1173
278,21,12,1895800,1054,520,534
279,21,12,1895900,1919,947,972
280,21,12,1896000,2386,1170,1216
281,21,12,1896100,220,106,114
282,21,12,1896200,2503,1263,1240
283,21,12,1896300,1245,654,591
284,21,12,1896400,1495,773,722
285,21,12,1896500,307,145,162
286,21,12,1896600,726,360,366
287,21,12,1896700,2868,1425,1443
288,21,12,1896800,1874,940,934
289,21,12,1896900,1368,700,668
290,21,12,1897000,880,451,429
291,21,12,1897100,609,309,300
292,21,12,1897200,1228,614,614
293,21,12,1897300,1015,486,529
294,21,12,1897400,469,244,225
295,21,12,1897500,330,178,152
296,21,12,1897600,1029,506,523
297,21,12,1897700,4483,2293,2190
298,21,12,1897800,2339,1198,1141
299,21,12,1897900,2017,1033,984
300,21,12,1898000,566,289,277
301,21,12,1898100,2923,1468,1455
302,21,12,1898200,1391,719,672
303,21,12,1898300,976,494,482
304,21,12,1898400,605,312,293
305,21,12,1898500,726,374,352
306,21,12,1898600,837,423,414
307,21,12,1898700,4394,2322,2072
308,21,12,1898800,4787,2499,2288
309,21,12,1898900,764,362,402
310,21,12,1899000,322,165,157
311,21,12,1899100,643,310,333
312,21,12,1899200,987,494,493
313,21,12,1899300,756,376,380
314,21,12,1899400,1936,1017,919
315,21,12,1899500,219,114,105
316,21,12,1899600,561,281,280
317,21,12,1899700,210,115,95
318,21,12,1899800,1434,737,697
319,21,12,1899900,312,160,152
320,21,12,1900000,528,265,263
321,21,12,1900100,1052,516,536
322,21,12,1900200,2084,1064,1020
323,21,12,1900300,906,465,441
324,21,12,1900400,242,125,117
325,21,12,1900500,652,323,329
326,21,12,1900600,1636,831,805
327,21,12,1900700,1014,494,520
328,21,12,1900800,1089,528,561
329,21,12,1900900,458,238,220
330,21,12,1901000,667,338,329
331,21,12,1901100,260,141,119
332,21,12,1901200,897,456,441
333,21,12,1901300,482,266,216
334,21,12,1901400,303,152,151
335,21,12,1901500,699,368,331
336,21,12,1901600,913,478,435
337,21,12,1901700,647,323,324
338,21,12,1901800,943,484,459
339,21,12,1901900,532,283,249
340,21,12,1902000,3149,1531,1618
341,21,12,1902100,1586,790,796
342,21,12,1902200,405,208,197
343,21,12,1902300,1576,808,768
344,21,12,1902400,359,201,158
345,21,12,1902500,423,214,209
346,21,12,1902600,1038,557,481
347,21,12,1902700,725,376,349
348,21,12,1902800,925,459,466
349,21,12,1902900,433,229,204
350,21,12,1903000,686,354,332
351,21,12,1903100,1049,573,476
352,21,12,1903200,3507,1763,1744
353,21,12,1903300,579,307,272
354,21,12,1903400,50,31,19
355,21,12,1903500,179,89,90
356,21,12,1903600,265,144,121
357,21,12,1903700,823,422,401
358,21,12,1903800,688,360,328
359,21,12,1903900,501,254,247
360,21,12,1904000,1151,606,545
361,21,12,1904100,366,187,179
362,21,12,1904200,2313,1204,1109
363,21,12,1904300,448,234,214
364,21,12,1904400,758,381,377
365,21,12,1904500,1097,549,548
366,21,12,1904600,278,130,148
367,21,12,1904700,475,241,234
368,21,12,1904800,581,297,284
369,21,12,1904900,1077,545,532
370,21,12,1905000,634,325,309
371,21,12,1905100,809,394,415
372,21,12,1905200,806,394,412
373,21,12,1905300,262,126,136
374,21,12,1905400,766,381,385
375,21,12,1905500,270,140,130
376,21,12,1905600,3201,1622,1579
377,21,12,1905700,93,47,46
378,21,12,1905800,593,292,301
379,21,12,1905900,171,88,83
380,21,12,1906000,283,133,150
381,21,12,1906100,375,186,189
382,21,12,1906200,736,385,351
383,21,12,1906300,483,248,235
384,21,12,1906400,31,21,10
385,21,12,1906500,866,439,427
386,21,12,1906600,0,0,0
387,21,12,1906700,2219,1142,1077
388,21,12,1906800,152,79,73
389,21,12,1906900,374,183,191
390,21,12,1907000,1857,956,901
391,21,12,1907100,1227,627,600
392,21,12,1907200,591,295,296
393,21,12,1907300,491,238,253
394,21,12,1907400,292,145,147
395,21,12,1907500,377,193,184
396,21,12,1907600,1085,556,529
397,21,12,1907700,0,0,0
398,21,12,1907800,176,84,92
399,21,12,1907900,1515,758,757
400,21,12,1908000,903,454,449
401,21,12,1908100,856,452,404
402,21,12,1908200,691,347,344
403,21,12,1908300,178,94,84
404,21,12,1908400,311,167,144
405,21,12,1908500,767,412,355
406,21,12,1908600,2073,1063,1010
407,21,12,1908700,0,0,0
408,21,12,1908800,0,0,0
409,21,12,1908900,1156,604,552
410,21,12,1909000,432,219,213
411,21,12,1909100,412,216,196
412,21,12,1909200,290,156,134
413,21,12,1909300,1775,908,867
414,21,12,1909400,124,63,61
415,21,12,1909500,1152,552,600
416,21,12,1909600,279,135,144
417,21,12,1909700,825,411,414
418,21,12,1909800,264,140,124
419,21,12,1909900,276,135,141
420,21,12,1910000,372,195,177
421,21,12,1910100,2069,1014,1055
422,21,12,1910200,919,477,442
423,21,12,1910300,257,130,127
424,21,12,1910400,371,186,185
425,21,12,1910500,451,223,228
426,21,12,1910600,813,422,391
427,21,12,1910700,590,302,288
428,21,12,1910800,144,65,79
429,21,12,1910900,1331,659,672
430,21,12,1911000,862,425,437
431,21,12,1911100,1030,523,507
432,21,12,1911200,1299,662,637
433,21,12,1911300,706,372,334
434,21,12,1911400,81,44,37
435,21,12,1911500,184,96,88
436,21,12,1911600,261,125,136
437,21,12,1911700,123,59,64
438,21,12,1911800,359,190,169
439,21,12,1911900,114,63,51
440,21,12,1912000,288,154,134
441,21,12,1912100,905,478,427
442,21,12,1912200,642,327,315
443,21,12,1912300,226,105,121
444,21,12,1912400,1902,924,978
445,21,12,1912500,348,173,175
446,21,12,1912600,2368,1187,1181
447,21,12,1912700,1192,590,602
448,21,12,1912800,139,72,67
449,21,12,1912900,390,191,199
450,21,12,1913000,1101,563,538
451,21,12,1913100,362,182,180
452,21,12,1913200,668,349,319
453,21,12,1913300,0,0,0
454,21,12,1913400,1890,979,911
455,21,12,1913500,332,170,162
456,21,12,1913600,208,107,101
457,21,12,1913700,495,257,238
458,21,12,1913800,1020,443,577
459,21,12,1913900,960,471,489
460,21,12,1914000,1316,621,695
461,21,12,1914100,545,278,267
462,21,12,1914200,615,304,311
463,21,12,1914300,418,202,216
464,21,12,1914400,420,210,210
465,21,12,1914500,1153,531,622
466,21,12,1914600,1057,497,560
467,21,12,1914700,1396,667,729
468,21,12,1914800,1521,745,776
469,21,12,1914900,563,262,301
470,21,12,1915000,1181,616,565
471,21,12,1915100,458,249,209
472,21,12,1915200,2012,1025,987
473,21,12,1915300,147,76,71
474,21,12,1915400,1744,863,881
475,21,12,1915500,2421,1248,1173
476,21,12,1915600,1318,662,656
477,21,12,1915700,221,119,102
478,21,12,1915800,549,281,268
479,21,12,1915900,288,132,156
480,21,12,1916000,600,310,290
481,21,12,1916100,526,270,256
482,21,12,1916200,2299,1169,1130
483,21,12,1916300,462,238,224
484,21,12,1916400,1341,693,648
485,21,12,1916500,2854,1466,1388
486,21,12,1916600,348,187,161
487,21,12,1916700,1202,615,587
488,21,12,1916800,2160,1084,1076
489,21,12,1916900,2418,1245,1173
490,21,12,1917000,2170,1104,1066
491,21,12,1917100,749,396,353
492,21,12,1917200,1554,794,760
493,21,12,1917300,3153,1624,1529
494,21,12,1917400,3064,1560,1504
495,21,12,1917500,1622,831,791
496,21,12,1917600,2368,1189,1179
497,21,12,1917700,984,545,439
498,21,12,1917800,3048,1534,1514
499,21,12,1917900,2118,1079,1039
500,21,12,1918000,4133,2087,2046
501,21,12,1918100,1931,1005,926
502,21,12,1918200,1774,911,863
503,21,12,1918300,3153,1628,1525
504,21,12,1918400,2328,1173,1155
505,21,12,1918500,2230,1158,1072
506,21,12,1918600,582,302,280
507,21,12,1918700,1640,843,797
508,21,12,1918800,1498,780,718
509,21,12,1918900,1701,865,836
510,21,12,1919000,341,179,162
511,21,12,1919100,450,211,239
512,21,12,1919200,1084,552,532
513,21,12,1919300,484,245,239
514,21,12,1919400,422,232,190
515,21,12,1919500,1186,613,573
516,21,12,1919600,1436,715,721
517,21,12,1919700,753,368,385
518,21,12,1919800,81,45,36
519,21,12,1919900,797,402,395
520,21,12,1920000,553,261,292
521,21,12,1920100,614,297,317
522,21,12,1920200,0,0,0
523,21,12,1920300,649,338,311
524,21,12,1920400,363,182,181
525,21,12,1920500,665,334,331
526,21,12,1920600,821,408,413
527,21,12,1920700,477,246,231
528,21,12,1920800,190,94,96
529,21,12,1920900,347,160,187
530,21,12,1921000,652,321,331
531,21,12,1921100,311,151,160
532,21,12,1921200,288,147,141
533,21,12,1921300,557,293,264
534,21,12,1921400,1130,544,586
535,21,12,1921500,1105,552,553
536,21,12,1921600,279,141,138
537,21,12,1921700,234,130,104
538,21,12,1921800,454,232,222
539,21,12,1921900,385,195,190
540,21,12,1922000,1119,579,540
541,21,12,1922100,4208,2107,2101
542,21,12,1922200,1266,670,596
543,21,12,1922300,863,427,436
544,21,12,1922400,330,170,160
545,21,12,1922500,1464,739,725
546,21,12,1922600,503,254,249
547,21,12,1922700,62,31,31
548,21,12,1922800,423,219,204
549,21,12,1922900,2274,1161,1113
550,21,12,1923000,622,311,311
551,21,12,1923100,1360,734,626
552,21,12,1923200,922,474,448
553,21,12,1923300,2047,1023,1024
554,21,12,1923400,920,461,459
555,21,12,1923500,850,431,419
556,21,12,1923600,2470,1294,1176
557,21,12,1923700,880,459,421
558,21,12,1923800,392,206,186
559,21,12,1923900,765,390,375
560,21,12,1924000,547,281,266
561,21,12,1924100,637,338,299
562,21,12,1924200,2199,1118,1081
563,21,12,1924300,2262,1187,1075
564,21,12,1924400,1680,860,820
565,21,12,1924500,908,471,437
566,21,12,1924600,539,278,261
567,21,12,1924700,88,43,45
568,21,12,1924800,1335,673,662
569,21,12,1924900,1052,524,528
570,21,12,1925000,959,494,465
571,21,12,1925100,1856,906,950
572,21,12,1925200,864,441,423
573,21,12,1925300,270,134,136
574,21,12,1925400,362,193,169
575,21,12,1925500,186,90,96
576,21,12,1925600,809,441,368
577,21,12,1925700,329,162,167
578,21,12,1925800,2190,1099,1091
579,21,12,1925900,973,504,469
580,21,12,1926000,736,371,365
581,21,12,1926100,2272,1132,1140
582,21,12,1926200,97,40,57
583,21,12,1926300,130,67,63
584,21,12,1926400,256,135,121
585,21,12,1926500,554,301,253
586,21,12,1926600,1513,783,730
587,21,12,1926700,338,176,162
588,21,12,1926800,966,513,453
589,21,12,1926900,341,159,182
590,21,12,1927000,450,234,216
591,21,12,1927100,823,428,395
592,21,12,1927200,520,244,276
593,21,12,1927300,1473,739,734
594,21,12,1927400,1136,558,578
595,21,12,1927500,2364,1205,1159
596,21,12,1927600,492,241,251
597,21,12,1927700,308,163,145
598,21,12,1927800,827,417,410
599,21,12,1927900,0,0,0
600,21,12,1928000,2661,1302,1359
601,21,12,1928100,65,26,39
602,21,12,1928200,1336,674,662
603,21,12,1928300,40,20,20
604,21,12,1928400,1144,576,568
605,21,12,1928500,381,187,194
606,21,12,1928600,523,258,265
607,21,12,1928700,978,499,479
608,21,12,1928800,1016,544,472
609,21,12,1928900,395,207,188
610,21,12,1929000,638,332,306
611,21,12,1929100,189,97,92
612,21,12,1929200,747,355,392
613,21,12,1929300,526,252,274
614,21,12,1929400,630,275,355
615,21,12,1929500,2708,1386,1322
616,21,12,1929600,3947,2064,1883
617,21,12,1929700,1082,544,538
618,21,12,1929800,170,94,76
619,21,12,1929900,962,460,502
620,21,12,1930000,3082,1504,1578
621,21,12,1930100,2647,1299,1348
622,21,12,1930200,2099,1048,1051
623,21,12,1930300,1356,674,682
624,21,12,1930400,906,450,456
625,21,12,1930500,0,0,0
626,21,12,1930600,2882,1464,1418
627,21,12,1930700,2035,1011,1024
628,21,12,1930800,1290,636,654
629,21,12,1930900,1348,663,685
630,21,12,1931000,2886,1467,1419
631,21,12,1931100,869,411,458
632,21,12,1931200,724,372,352
633,21,12,1931300,0,0,0
634,21,12,1931400,774,387,387
635,21,12,1931500,670,343,327
636,21,12,1931600,2244,1091,1153
637,21,12,1931700,873,430,443
638,21,12,1931800,908,442,466
639,21,12,1931900,811,410,401
640,21,12,1932000,613,303,310
641,21,12,1932100,1400,714,686
642,21,12,1932200,382,178,204
643,21,12,1932300,1273,633,640
644,21,12,1932400,501,256,245
645,21,12,1932500,2877,1501,1376
646,21,12,1932600,1405,714,691
647,21,12,1932700,838,454,384
648,21,12,1932800,362,177,185
649,21,12,1932900,1024,502,522
650,21,12,1933000,818,440,378
651,21,12,1933100,625,309,316
652,21,12,1933200,873,451,422
653,21,12,1933300,847,440,407
654,21,12,1933400,704,343,361
655,21,12,1933500,831,418,413
656,21,12,1933600,318,167,151
657,21,12,1933700,1568,778,790
658,21,12,1933800,1187,599,588
659,21,12,1933900,2531,1311,1220
660,21,12,1934000,471,226,245
661,21,12,1934100,880,427,453
662,21,12,1934200,614,312,302
663,21,12,1934300,387,188,199
664,21,12,1934400,1130,563,567
665,21,12,1934500,1094,553,541
666,21,12,1934600,863,420,443
667,21,12,1934700,1806,904,902
668,21,12,1934800,724,360,364
669,21,12,1934900,345,180,165
670,21,12,1935000,2209,1116,1093
671,21,12,1935100,1029,516,513
672,21,12,1935200,449,226,223
673,21,12,1935300,858,437,421
674,21,12,1935400,413,210,203
675,21,12,1935500,34,20,14
676,21,12,1935600,3980,2016,1964
677,21,12,1935700,520,252,268
678,21,12,1935800,266,124,142
679,21,12,1935900,45,22,23
680,21,12,1936000,244,131,113
681,21,12,1936100,724,382,342
682,21,12,1936200,286,132,154
683,21,12,1936300,159,72,87
684,21,12,1936400,878,436,442
685,21,12,1936500,2751,1369,1382
686,21,12,1936600,591,307,284
687,21,12,1936700,949,492,457
688,21,12,1936800,3217,1629,1588
689,21,12,1936900,693,346,347
690,21,12,1937000,466,239,227
691,21,12,1937100,1837,923,914
692,21,12,1937200,385,183,202
693,21,12,1937300,1668,813,855
694,21,12,1937400,223,106,117
695,21,12,1937500,502,262,240
696,21,12,1937600,762,391,371
697,21,12,1937700,1682,857,825
698,21,12,1937800,116,67,49
699,21,12,1937900,1147,568,579
700,21,12,1938000,2948,1489,1459
701,21,12,1938100,467,219,248
702,21,12,1938200,5876,2986,2890
703,21,12,1938300,643,325,318
704,21,12,1938400,2929,1498,1431
705,21,12,1938500,493,248,245
706,21,12,1938600,177,88,89
707,21,12,1938700,634,327,307
708,21,12,1938800,893,466,427
709,21,12,1938900,2605,1321,1284
710,21,12,1939000,1968,982,986
711,21,12,1939100,2216,1149,1067
712,21,12,1939200,1216,612,604
713,21,12,1939300,2187,1154,1033
714,21,12,1939400,1210,604,606
715,21,12,1939500,868,446,422
716,21,12,1939600,962,488,474
717,21,12,1939700,1297,668,629
718,21,12,1939800,1542,775,767
719,21,12,1939900,1911,967,944
720,21,12,1940000,0,0,0
721,21,12,1940100,2262,1160,1102
722,21,12,1940200,2044,1026,1018
723,21,12,1940300,3548,1821,1727
724,21,12,1940400,1189,585,604
725,21,12,1940500,1746,890,856
726,21,12,1940600,485,248,237
727,21,12,1940700,0,0,0
728,21,12,1940800,189,90,99
729,21,12,1940900,672,334,338
730,21,12,1941000,517,252,265
731,21,12,1941100,1200,584,616
732,21,12,1941200,261,137,124
733,21,12,1941300,899,436,463
734,21,12,1941400,65,40,25
735,21,12,1941500,202,108,94
736,21,12,1941600,390,200,190
737,21,12,1941700,1562,819,743
738,21,12,1941800,1218,628,590
739,21,12,1941900,339,178,161
740,21,12,1942000,1598,801,797
741,21,12,1942100,118,51,67
742,21,12,1942200,3654,1804,1850
743,21,12,1942300,1183,608,575
744,21,12,1942400,1553,776,777
745,21,12,1942500,170,80,90
746,21,12,1942600,748,377,371
747,21,12,1942700,390,188,202
748,21,12,1942800,1091,539,552
749,21,12,1942900,241,121,120
750,21,12,1943000,781,397,384
751,21,12,1943100,88,45,43
752,21,12,1943200,270,136,134
753,21,12,1943300,442,233,209
754,21,12,1943400,1966,997,969
755,21,12,1943500,508,241,267
756,21,12,1943600,821,392,429
757,21,12,1943700,1904,970,934
758,21,12,1943800,1653,820,833
759,21,12,1943900,180,75,105
760,21,12,1944000,1070,547,523
761,21,12,1944100,1017,511,506
762,21,12,1944200,353,176,177
763,21,12,1944300,1388,723,665
764,21,12,1944400,920,460,460
765,21,12,1944500,293,156,137
766,21,12,1944600,1023,530,493
767,21,12,1944700,2494,1254,1240
768,21,12,1944800,153,76,77
769,21,12,1944900,387,200,187
770,21,12,1945000,1394,687,707
771,21,12,1945100,748,358,390
772,21,12,1945200,188,96,92
773,21,12,1945300,851,425,426
774,21,12,1945400,309,153,156
775,21,12,1945500,233,121,112
776,21,12,1945600,3163,1599,1564
777,21,12,1945700,1328,659,669
778,21,12,1945800,0,0,0
779,21,12,1945900,244,121,123
780,21,12,1946000,816,401,415
781,21,12,1946100,566,294,272
782,21,12,1946200,847,422,425
783,21,12,1946300,1181,589,592
784,21,12,1946400,1893,964,929
785,21,12,1946500,551,281,270
786,21,12,1946600,1144,580,564
787,21,12,1946700,282,135,147
788,21,12,1946800,533,252,281
789,21,12,1946900,671,325,346
790,21,12,1947000,1967,995,972
791,21,12,1947100,669,335,334
792,21,12,1947200,566,289,277
793,21,12,1947300,1230,622,608
794,21,12,1947400,931,483,448
795,21,12,1947500,1187,567,620
796,21,12,1947600,2487,1243,1244
797,21,12,1947700,2342,1191,1151
798,21,12,1947800,792,400,392
799,21,12,1947900,45,22,23
800,21,12,1948000,1211,609,602
801,21,12,1948100,1811,924,887
802,21,12,1948200,1272,645,627
803,21,12,1948300,1495,761,734
804,21,12,1948400,598,291,307
805,21,12,1948500,1332,644,688
806,21,12,1948600,809,422,387
807,21,12,1948700,3498,1817,1681
808,21,12,1948800,1204,608,596
809,21,12,1948900,1514,802,712
810,21,12,1949000,210,112,98
811,21,12,1949100,2325,1178,1147
812,21,12,1949200,7,4,3
813,21,12,1949300,0,0,0
814,21,12,1949400,191,98,93
815,21,12,1949500,178,76,102
816,21,12,1949600,827,429,398
817,21,12,1949700,1145,565,580
818,21,12,1949800,3569,1818,1751
819,21,12,1949900,1409,700,709
820,21,12,1950000,289,136,153
821,21,12,1950100,1072,543,529
822,21,12,1950200,501,256,245
823,21,12,1950300,2198,1132,1066
824,21,12,1950400,1447,758,689
825,21,12,1950500,526,254,272
826,21,12,1950600,575,286,289
827,21,12,1950700,168,93,75
828,21,12,1950800,960,487,473
829,21,12,1950900,4030,2114,1916
830,21,12,1951000,1943,1029,914
831,21,12,1951100,21,7,14
832,21,12,1951200,1050,539,511
833,21,12,1951300,976,498,478
834,21,12,1951400,1025,526,499
835,21,12,1951500,442,233,209
836,21,12,1951600,957,475,482
837,21,12,1951700,16,8,8
838,21,12,1951800,3539,1841,1698
839,21,12,1951900,1266,635,631
840,21,12,1952000,1967,1012,955
841,21,12,1952100,2377,1216,1161
842,21,12,1952200,318,161,157
843,21,12,1952300,2986,1532,1454
844,21,12,1952400,377,198,179
845,21,12,1952500,617,317,300
846,21,12,1952600,135,75,60
847,21,12,1952700,328,168,160
848,21,12,1952800,678,352,326
849,21,12,1952900,711,364,347
850,21,12,1953000,1473,762,711
851,21,12,1953100,4427,2420,2007
852,21,12,1953200,576,284,292
853,21,12,1953300,2385,1248,1137
854,21,12,1953400,946,493,453
855,21,12,1953500,1578,819,759
856,21,12,1953600,1260,631,629
857,21,12,1953700,1377,714,663
858,21,12,1953800,684,349,335
859,21,12,1953900,974,495,479
860,21,12,1954000,278,141,137
861,21,12,1954100,987,514,473
862,21,12,1954200,890,473,417
863,21,12,1954300,917,478,439
864,21,12,1954400,1395,684,711
865,21,12,1954500,1286,634,652
866,21,12,1954600,582,308,274
867,21,12,1954700,1205,598,607
868,21,12,1954800,3128,1585,1543
869,21,12,1954900,2191,1078,1113
870,21,12,1955000,2599,1336,1263
871,21,12,1955100,1525,774,751
872,21,12,1955200,19,12,7
873,21,12,1955300,807,401,406
874,21,12,1955400,2319,1165,1154
875,21,12,1955500,229,117,112
876,21,12,1955600,1984,960,1024
877,21,12,1955700,945,456,489
878,21,12,1955800,1683,878,805
879,21,12,1955900,1101,566,535
880,21,12,1956000,1753,874,879
881,21,12,1956100,2174,1133,1041
882,21,12,1956200,1090,570,520
883,21,12,1956300,1039,532,507
884,21,12,1956400,1989,1039,950
885,21,12,1956500,1692,851,841
886,21,12,1956600,2359,1221,1138
887,21,12,1956700,1938,1005,933
888,21,12,1956800,1188,619,569
889,21,12,1956900,0,0,0
890,21,12,1957000,1897,986,911
891,21,12,1957100,706,359,347
892,21,12,1957200,465,234,231
893,21,12,1957300,654,331,323
894,21,12,1957400,210,116,94
895,21,12,1957500,526,255,271
896,21,12,1957600,828,446,382
897,21,12,1957700,2628,1323,1305
898,21,12,1957800,1382,700,682
899,21,12,1957900,1210,630,580
900,21,12,1958000,779,384,395
901,21,12,1958100,2379,1205,1174
902,21,12,1958200,409,210,199
903,21,12,1958300,1299,619,680
904,21,12,1958400,2346,1142,1204
905,21,12,1958500,1987,994,993
906,21,12,1958600,954,462,492
907,21,12,1958700,2082,1017,1065
908,21,12,1958800,632,300,332
909,21,12,1958900,2650,1329,1321
910,21,12,1959000,146,78,68
911,21,12,1959100,3949,1984,1965
912,21,12,1959200,1395,714,681
913,21,12,1959300,272,128,144
914,21,12,1959400,271,143,128
915,21,12,1959500,1359,673,686
916,21,12,1959600,352,171,181
917,21,12,1959700,962,502,460
918,21,12,1959800,1239,625,614
919,21,12,1959900,1058,542,516
920,21,12,1960000,3249,1628,1621
921,21,12,1960100,642,322,320
922,21,12,1960200,425,206,219
923,21,12,1960300,1607,813,794
924,21,12,1960400,1414,709,705
925,21,12,1960500,200,97,103
926,21,12,1960600,668,325,343
927,21,12,1960700,170,86,84
928,21,12,1960800,791,408,383
929,21,12,1960900,743,374,369
930,21,12,1961000,2612,1316,1296
931,21,12,1961100,1903,978,925
932,21,12,1961200,1548,775,773
933,21,12,1961300,1116,568,548
934,21,12,1961400,999,483,516
935,21,12,1961500,786,399,387
936,21,12,1961600,661,321,340
937,21,12,1961700,538,266,272
938,21,12,1961800,531,265,266
939,21,12,1961900,532,260,272
940,21,12,1962000,1172,586,586
941,21,12,1962100,996,501,495
942,21,12,1962200,239,114,125
943,21,12,1962300,337,172,165
944,21,12,1962400,124,69,55
945,21,12,1962500,679,326,353
946,21,12,1962600,202,108,94
947,21,12,1962700,439,225,214
948,21,12,1962800,2581,1230,1351
949,21,12,1962900,633,336,297
950,21,12,1963000,173,85,88
951,21,12,1963100,2205,1116,1089
952,21,12,1963200,1228,630,598
953,21,12,1963300,1735,910,825
954,21,12,1963400,276,147,129
955,21,12,1963500,393,193,200
956,21,12,1963600,2481,1270,1211
957,21,12,1963700,367,187,180
958,21,12,1963800,280,135,145
959,21,12,1963900,1,1,0
960,21,12,1964000,782,408,374
961,21,12,1964100,1557,783,774
962,21,12,1964200,2357,1206,1151
963,21,12,1964300,269,139,130
964,21,12,1964400,117,65,52
965,21,12,1964500,430,210,220
966,21,12,1964600,1064,519,545
967,21,12,1964700,265,126,139
968,21,12,1964800,147,72,75
969,21,12,1964900,736,374,362
970,21,12,1965000,617,308,309
971,21,12,1965100,820,401,419
972,21,12,1965200,3311,1655,1656
973,21,12,1965300,482,245,237
974,21,12,1965400,1112,577,535
975,21,12,1965500,575,293,282
976,21,12,1965600,244,114,130
977,21,12,1965700,419,217,202
978,21,12,1965800,1285,614,671
979,21,12,1965900,591,302,289
980,21,12,1966000,320,159,161
981,21,12,1966100,1060,609,451
982,21,12,1966200,1320,683,637
983,21,12,1966300,478,292,186
984,21,12,1966400,612,288,324
985,21,12,1966500,345,170,175
986,21,12,1966600,0,0,0
987,21,12,1966700,341,186,155
988,21,12,1966800,0,0,0
989,21,12,1966900,782,402,380
990,21,12,1967000,452,232,220
991,21,12,1967100,404,209,195
992,21,12,1967200,816,396,420
993,21,12,1967300,0,0,0
994,21,12,1967400,496,257,239
995,21,12,1967500,517,252,265
996,21,12,1967600,181,90,91
997,21,12,1967700,0,0,0
998,21,12,1967800,4693,2383,2310
999,21,12,1967900,344,176,168
1000,21,12,1968000,206,123,83
1001,21,12,1968100,1036,536,500
1002,21,12,1968200,441,237,204
1003,21,12,1968300,521,271,250
1004,21,12,1968400,0,0,0
1005,21,12,1968500,61,30,31
1006,21,12,1968600,235,122,113
1007,21,12,1968700,1978,1003,975
1008,21,12,1968800,1385,709,676
1009,21,12,1968900,14,8,6
1010,21,12,1969000,263,139,124
1011,21,12,1969100,2520,1267,1253
1012,21,12,1969200,1437,735,702
1013,21,12,1969300,383,187,196
1014,21,12,1969400,1554,800,754
1015,21,12,1969500,545,280,265
1016,21,12,1969600,1445,698,747
1017,21,12,1969700,800,414,386
1018,21,12,1969800,144,75,69
1019,21,12,1969900,2515,1274,1241
1020,21,12,1970000,2318,1186,1132
1021,21,12,1970100,163,87,76
1022,21,12,1970200,469,247,222
1023,21,12,1970300,1010,506,504
1024,21,12,1970400,162,86,76
1025,21,12,1970500,487,251,236
1026,21,12,1970600,1220,622,598
1027,21,12,1970700,513,252,261
1028,21,12,1970800,267,145,122
1029,21,12,1970900,697,362,335
1030,21,12,1971000,829,424,405
1031,21,12,1971100,0,0,0
1032,21,12,1971200,719,359,360
1033,21,12,1971300,53,36,17
1034,21,12,1971400,1070,554,516
1035,21,12,1971500,0,0,0
1036,21,12,1971600,954,501,453
1037,21,12,1971700,897,447,450
1038,21,12,1971800,1623,831,792
1039,21,12,1971900,451,234,217
1040,21,12,1972000,4628,2298,2330
1041,21,12,1972100,902,470,432
1042,21,12,1972200,128,61,67
1043,21,12,1972300,942,516,426
1044,21,12,1972400,367,196,171
1045,21,12,1972500,147,66,81
1046,21,12,1972600,321,156,165
1047,21,12,1972700,164,87,77
1048,21,12,1972800,0,0,0
1049,21,12,1972900,732,381,351
1050,21,12,1973000,29,14,15
1051,21,12,1973100,1271,650,621
1052,21,12,1973200,562,290,272
1053,21,12,1973300,767,396,371
1054,21,12,1973400,798,377,421
1055,21,12,1973500,304,159,145
1056,21,12,1973600,769,390,379
1057,21,12,1973700,558,291,267
1058,21,12,1973800,139,66,73
1059,21,12,1973900,522,275,247
1060,21,12,1974000,1365,689,676
1061,21,12,1974100,837,445,392
1062,21,12,1974200,585,294,291
1063,21,12,1974300,1415,691,724
1064,21,12,1974400,0,0,0
1065,21,12,1974500,1264,655,609
1066,21,12,1974600,1985,1017,968
1067,21,12,1974700,3329,1700,1629
1068,21,12,1974800,850,436,414
1069,21,12,1974900,572,295,277
1070,21,12,1975000,209,117,92
1071,21,12,1975100,1380,667,713
1072,21,12,1975200,718,387,331
1073,21,12,1975300,579,284,295
1074,21,12,1975400,384,191,193
1075,21,12,1975500,2210,1117,1093
1076,21,12,1975600,3080,1556,1524
1077,21,12,1975700,1023,520,503
1078,21,12,1975800,2325,1179,1146
1079,21,12,1975900,242,119,123
1080,21,12,1976000,272,141,131
1081,21,12,1976100,279,121,158
1082,21,12,1976200,1147,586,561
1083,21,12,1976300,1123,570,553
1084,21,12,1976400,0,0,0
1085,21,12,1976500,0,0,0
1086,21,12,1976600,4239,2193,2046
1087,21,12,1976700,1568,795,773
1088,21,12,1976800,152,71,81
1089,21,12,1976900,186,96,90
1090,21,12,1977000,0,0,0
1091,21,12,1977100,0,0,0
1092,21,12,1977200,2494,1257,1237
1093,21,12,1977300,0,0,0
1094,21,12,1977400,622,303,319
1095,21,12,1977500,1989,1007,982
1096,21,12,1977600,0,0,0
1097,21,12,1977700,190,97,93
1098,21,12,1977800,4366,2273,2093
1099,21,12,1977900,451,228,223
1100,21,12,1978000,40,20,20
1101,21,12,1978100,108,53,55
1102,21,12,1978200,310,164,146
1103,21,12,1978300,586,279,307
1104,21,12,1978400,144,75,69
1105,21,12,1978500,653,319,334
1106,21,12,1978600,380,186,194
1107,21,12,1978700,2586,1343,1243
1108,21,12,1978800,319,160,159
1109,21,12,1978900,248,113,135
1110,21,12,1979000,1133,587,546
1111,21,12,1979100,1081,560,521
1112,21,12,1979200,1729,875,854
1113,21,12,1979300,1086,545,541
1114,21,12,1979400,728,378,350
1115,21,12,1979500,1659,872,787
1116,21,12,1979600,2129,1080,1049
1117,21,12,1979700,0,0,0
1118,21,12,1979800,0,0,0
1119,21,12,1979900,0,0,0
1120,21,12,1980000,44,24,20
1121,21,12,1980100,0,0,0
1122,21,12,1980200,223,125,98
1123,21,12,1980300,1569,801,768
1124,21,12,1980400,1316,672,644
1125,21,12,1980500,3538,1826,1712
1126,21,12,1980600,200,105,95
1127,21,12,1980700,2069,1032,1037
1128,21,12,1980800,2627,1309,1318
1129,21,12,1980900,0,0,0
1130,21,12,1981000,1329,671,658
1131,21,12,1981100,894,465,429
1132,21,12,1981200,321,158,163
1133,21,12,1981300,860,432,428
1134,21,12,1981400,262,134,128
1135,21,12,1981500,1308,686,622
1136,21,12,1981600,867,531,336
1137,21,12,1981700,923,469,454
1138,21,12,1981800,212,115,97
1139,21,12,1981900,1884,957,927
1140,21,12,1982000,1155,582,573
1141,21,12,1982100,893,439,454
1142,21,12,1982200,1238,624,614
1143,21,12,1982300,414,197,217
1144,21,12,1982400,434,234,200
1145,21,12,1982500,285,152,133
1146,21,12,1982600,156,81,75
1147,21,12,1982700,108,52,56
1148,21,12,1982800,3890,1958,1932
1149,21,12,1982900,733,366,367
1150,21,12,1983000,312,164,148
1151,21,12,1983100,533,258,275
1152,21,12,1983200,0,0,0
1153,21,12,1983300,82,42,40
1154,21,12,1983400,2066,1038,1028
1155,21,12,1983500,1965,1006,959
1156,21,12,1983600,1228,631,597
1157,21,12,1983700,469,238,231
1158,21,12,1983800,447,226,221
1159,21,12,1983900,1201,605,596
1160,21,12,1984000,723,380,343
1161,21,12,1984100,200,105,95
1162,21,12,1984200,0,0,0
1163,21,12,1984300,306,153,153
1164,21,12,1984400,413,214,199
1165,21,12,1984500,1301,690,611
1166,21,12,1984600,1533,736,797
1167,21,12,1984700,1248,616,632
1168,21,12,1984800,421,212,209
1169,21,12,1984900,0,0,0
1170,21,12,1985000,53,24,29
1171,21,12,1985100,292,155,137
1172,21,12,1985200,2075,1058,1017
1173,21,12,1985300,249,125,124
1174,21,12,1985400,806,418,388
1175,21,12,1985500,992,534,458
1176,21,12,1985600,189,93,96
1177,21,12,1985700,80,44,36
1178,21,12,1985800,346,171,175
1179,21,12,1985900,256,135,121
1180,21,12,1986000,133,71,62
1181,21,12,1986100,736,380,356
1182,21,12,1986200,1267,665,602
1183,21,12,1986300,131,68,63
1184,21,12,1986400,0,0,0
1185,21,12,1986500,99,51,48
1186,21,12,1986600,1233,622,611
1187,21,12,1986700,832,424,408
1188,21,12,1986800,986,516,470
1189,21,12,1986900,607,298,309
1190,21,12,1987000,1543,798,745
1191,21,12,1987100,205,99,106
1192,21,12,1987200,372,199,173
1193,21,12,1987300,1029,507,522
1194,21,12,1987400,3737,1924,1813
1195,21,12,1987500,1310,655,655
1196,21,12,1987600,511,262,249
1197,21,12,1987700,329,153,176
1198,21,12,1987800,1008,519,489
1199,21,12,1987900,476,225,251
1200,21,12,1988000,1140,584,556
1201,21,12,1988100,467,244,223
1202,21,12,1988200,434,230,204
1203,21,12,1988300,21,12,9
1204,21,12,1988400,1246,617,629
1205,21,12,1988500,215,104,111
1206,21,12,1988600,179,91,88
1207,21,12,1988700,1121,580,541
1208,21,12,1988800,588,304,284
1209,21,12,1988900,205,105,100
1210,21,12,1989000,295,153,142
1211,21,12,1989100,0,0,0
1212,21,12,1989200,448,228,220
1213,21,12,1989300,1857,946,911
1214,21,12,1989400,221,118,103
1215,21,12,1989500,169,86,83
1216,21,12,1989600,19,7,12
1217,21,12,1989700,1364,692,672
1218,21,12,1989800,1024,506,518
1219,21,12,1989900,1335,682,653
1220,21,12,1990000,1180,596,584
1221,21,12,1990100,4261,2158,2103
1222,21,12,1990200,1100,558,542
1223,21,12,1990300,0,0,0
1224,21,12,1990400,4296,2231,2065
1225,21,12,1990500,538,273,265
1226,21,12,1990600,2496,1301,1195
1227,21,12,1990700,160,86,74
1228,21,12,1990800,2015,999,1016
1229,21,12,1990900,753,373,380
1230,21,12,1991000,906,484,422
1231,21,12,1991100,1251,670,581
1232,21,12,1991200,691,352,339
1233,21,12,1991300,1982,966,1016
1234,21,12,1991400,807,438,369
1235,21,12,1991500,328,161,167
1236,21,12,1991600,784,395,389
1237,21,12,1991700,1119,572,547
1238,21,12,1991800,2138,1097,1041
1239,21,12,1991900,1447,749,698
1240,21,12,1992000,2977,1493,1484
1241,21,12,1992100,714,357,357
1242,21,12,1992200,1358,670,688
1243,21,12,1992300,384,197,187
1244,21,12,1992400,862,449,413
1245,21,12,1992500,968,497,471
1246,21,12,1992600,741,391,350
1247,21,12,1992700,567,284,283
1248,21,12,1992800,109,57,52
1249,21,12,1992900,507,269,238
1250,21,12,1993000,2351,1210,1141
1251,21,12,1993100,1525,798,727
1252,21,12,1993200,985,489,496
1253,21,12,1993300,1033,548,485
1254,21,12,1993400,216,121,95
1255,21,12,1993500,600,325,275
1256,21,12,1993600,374,198,176
1257,21,12,1993700,2591,1337,1254
1258,21,12,1993800,841,409,432
1259,21,12,1993900,470,237,233
1260,21,12,1994000,2619,1349,1270
1261,21,12,1994100,358,192,166
1262,21,12,1994200,1510,784,726
1263,21,12,1994300,301,154,147
1264,21,12,1994400,2201,1121,1080
1265,21,12,1994500,1438,757,681
1266,21,12,1994600,0,0,0
1267,21,12,1994700,1734,859,875
1268,21,12,1994800,1004,503,501
1269,21,12,1994900,1214,617,597
1270,21,12,1995000,969,491,478
1271,21,12,1995100,828,391,437
1272,21,12,1995200,229,121,108
1273,21,12,1995300,0,0,0
1274,21,12,1995400,653,339,314
1275,21,12,1995500,417,217,200
1276,21,12,1995600,5,3,2
1277,21,12,1995700,117,62,55
1278,21,12,1995800,494,260,234
1279,21,12,1995900,313,164,149
1280,21,12,1996000,780,413,367
1281,21,12,1996100,2234,1118,1116
1282,21,12,1996200,319,171,148
1283,21,12,1996300,135,63,72
1284,21,12,1996400,391,204,187
1285,21,12,1996500,1421,719,702
1286,21,12,1996600,0,0,0
1287,21,12,1996700,503,260,243
1288,21,12,1996800,0,0,0
1289,21,12,1996900,0,0,0
1290,21,12,1997000,265,141,124
1291,21,12,1997100,221,112,109
1292,21,12,1997200,1988,1004,984
1293,21,12,1997300,233,114,119
1294,21,12,1997400,867,436,431
1295,21,12,1997500,1094,565,529
1296,21,12,1997600,1266,638,628
1297,21,12,1997700,224,109,115
1298,21,12,1997800,578,300,278
1299,21,12,1997900,710,362,348
1300,21,12,1998000,542,269,273
1301,21,12,1998100,1167,590,577
1302,21,12,1998200,354,187,167
1303,21,12,1998300,441,217,224
1304,21,12,1998400,655,329,326
1305,21,12,1998500,284,154,130
1306,21,12,1998600,242,130,112
1307,21,12,1998700,349,188,161
1308,21,12,1998800,251,140,111
1309,21,12,1998900,169,80,89
1310,21,12,1999000,976,503,473
1311,21,12,1999100,1473,734,739
1312,21,12,1999200,721,369,352
1313,21,12,1999300,528,252,276
1314,21,12,1999400,207,105,102
1315,21,12,1999500,424,212,212
1316,21,12,1999600,344,176,168
1317,21,12,1999700,177,98,79
1318,21,12,1999800,328,173,155
1319,21,12,1999900,247,126,121
1320,21,12,2000000,156,80,76
1321,21,12,2000100,10,4,6
1322,21,12,2000200,0,0,0
1323,21,12,2000300,210,107,103
1324,21,12,2000400,737,386,351
1325,21,12,2000500,1520,748,772
1326,21,12,2000600,420,220,200
1327,21,12,2000700,325,168,157
1328,21,12,2000800,1024,519,505
1329,21,12,2000900,1073,552,521
1330,21,12,2001000,977,420,557
1331,21,12,2001100,392,198,194
1332,21,12,2001200,0,0,0
1333,21,12,2001300,0,0,0
1334,21,12,2001400,311,152,159
1335,21,12,2001500,375,186,189
1336,21,12,2001600,2258,1167,1091
1337,21,12,2001700,269,144,125
1338,21,12,2001800,182,93,89
1339,21,12,2001900,0,0,0
1340,21,12,2002000,0,0,0
1341,21,12,2002100,1243,628,615
1342,21,12,2002200,61,38,23
1343,21,12,2002300,0,0,0
1344,21,12,2002400,323,168,155
1345,21,12,2002500,1024,515,509
1346,21,12,2002600,698,359,339
1347,21,12,2002700,1530,763,767
1348,21,12,2002800,624,328,296
1349,21,12,2002900,1023,506,517
1350,21,12,2003000,1493,760,733
1351,21,12,2003100,2533,1269,1264
1352,21,12,2003200,368,202,166
1353,21,12,2003300,282,155,127
1354,21,12,2003400,80,43,37
1355,21,12,2003500,1446,739,707
1356,21,12,2003600,2351,1179,1172
1357,21,12,2003700,3581,1864,1717
1358,21,12,2003800,2394,1223,1171
1359,21,12,2003900,2290,1178,1112
1360,21,12,2004000,0,0,0
1361,21,12,2004100,0,0,0
1362,21,12,2004200,196,96,100
1363,21,12,2004300,5118,2653,2465
1364,21,12,2004400,396,211,185
1365,21,12,2004500,794,406,388
1366,21,12,2004600,798,410,388
1367,21,12,2004700,3420,1791,1629
1368,21,12,2004800,1020,491,529
1369,21,12,2004900,362,178,184
1370,21,12,2005000,1080,561,519
1371,21,12,2005100,697,372,325
1372,21,12,2005200,1542,756,786
1373,21,12,2005300,3161,1595,1566
1374,21,12,2005400,1559,798,761
1375,21,12,2005500,964,492,472
1376,21,12,2005600,536,281,255
1377,21,12,2005700,541,288,253
1378,21,12,2005800,2230,1127,1103
1379,21,12,2005900,854,420,434
1380,21,12,2006000,1941,991,950
1381,21,12,2006100,3733,1918,1815
1382,21,12,2006200,446,226,220
1383,21,12,2006300,672,357,315
1384,21,12,2006400,538,285,253
1385,21,12,2006500,1738,854,884
1386,21,12,2006600,5456,2772,2684
1387,21,12,2006700,1952,1026,926
1388,21,12,2006800,1182,628,554
1389,21,12,2006900,951,494,457
1390,21,12,2007000,1017,505,512
1391,21,12,2007100,775,401,374
1392,21,12,2007200,720,377,343
1393,21,12,2007300,781,404,377
1394,21,12,2007400,1331,669,662
1395,21,12,2007500,371,190,181
1396,21,12,2007600,1239,663,576
1397,21,12,2007700,1384,707,677
1398,21,12,2007800,1273,665,608
1399,21,12,2007900,496,258,238
1400,21,12,2008000,170,93,77
1401,21,12,2008100,1219,632,587
1402,21,12,2008200,516,254,262
1403,21,12,2008300,1109,565,544
1404,21,12,2008400,922,468,454
1405,21,12,2008500,789,403,386
1406,21,12,2008600,3078,1536,1542
1407,21,12,2008700,2206,1121,1085
1408,21,12,2008800,143,63,80
1409,21,12,2008900,4641,2355,2286
1410,21,12,2009000,1797,942,855
1411,21,12,2009100,956,493,463
1412,21,12,2009200,0,0,0
1413,21,12,2009300,1261,656,605
1414,21,12,2009400,788,410,378
1415,21,12,2009500,462,244,218
1416,21,12,2009600,2423,1240,1183
1417,21,12,2009700,42,21,21
1418,21,12,2009800,1755,885,870
1419,21,12,2009900,278,133,145
1420,21,12,2010000,359,186,173
1421,21,12,2010100,359,179,180
1422,21,12,2010200,2260,1103,1157
1423,21,12,2010300,1804,903,901
1424,21,12,2010400,1572,794,778
1425,21,12,2010500,3830,1996,1834
1426,21,12,2010600,4243,2302,1941
1427,21,12,2010700,1299,680,619
1428,21,12,2010800,0,0,0
1429,21,12,2010900,4944,2468,2476
1430,21,12,2011000,1517,758,759
1431,21,12,2011100,2756,1410,1346
1432,21,12,2011200,5648,2916,2732
1433,21,12,2011300,2842,1438,1404
1434,21,12,2011400,934,507,427
1435,21,12,2011500,1487,755,732
1436,21,12,2011600,1825,950,875
1437,21,12,2011700,1107,557,550
1438,21,12,2011800,0,0,0
1439,21,12,2011900,2006,1021,985
1440,21,12,2012000,1938,1019,919
1441,21,12,2012100,517,275,242
1442,21,12,2012200,451,243,208
1443,21,12,2012300,218,107,111
1444,21,12,2012400,4014,2108,1906
1445,21,12,2012500,113,58,55
1446,21,12,2012600,4666,2411,2255
1447,21,12,2012700,658,330,328
1448,21,12,2012800,458,237,221
1449,21,12,2012900,3307,1721,1586
1450,21,12,2013000,2715,1405,1310
1451,21,12,2013100,1105,565,540
1452,21,12,2013200,2325,1200,1125
1453,21,12,2013300,437,232,205
1454,21,12,2013400,187,105,82
1455,21,12,2013500,197,117,80
1456,21,12,2013600,2925,1455,1470
1457,21,12,2013700,229,113,116
1458,21,12,2013800,3933,2012,1921
1459,21,12,2013900,3583,1779,1804
1460,21,12,2014000,587,303,284
1461,21,12,2014100,1692,872,820
1462,21,12,2014200,2772,1419,1353
1463,21,12,2014300,0,0,0
1464,21,12,2014400,3160,1570,1590
1465,21,12,2014500,0,0,0
1466,21,12,2014600,0,0,0
1467,21,12,2014700,0,0,0
1468,21,12,2014800,1016,510,506
1469,21,12,2014900,409,219,190
1470,21,12,2015000,315,152,163
1471,21,12,2015100,0,0,0
1472,21,12,2015200,397,186,211
1473,21,12,2015300,1401,724,677
1474,21,12,2015400,299,147,152
1475,21,12,2015500,371,192,179
1476,21,12,2015600,1025,528,497
1477,21,12,2015700,802,414,388
1478,21,12,2015800,791,417,374
1479,21,12,2015900,2246,1167,1079
1480,21,12,2016000,254,116,138
1481,21,12,2016100,2385,1204,1181
1482,21,12,2016200,2174,1131,1043
1483,21,12,2016300,1409,728,681
1484,21,12,2016400,510,256,254
1485,21,12,2016500,1569,794,775
1486,21,12,2016600,693,367,326
1487,21,12,2016700,524,257,267
1488,21,12,2016800,3632,1857,1775
1489,21,12,2016900,1344,679,665
1490,21,12,2017000,1384,729,655
1491,21,12,2017100,4992,2617,2375
1492,21,12,2017200,2280,1135,1145
1493,21,12,2017300,340,181,159
1494,21,12,2017400,1137,597,540
1495,21,12,2017500,1727,871,856
1496,21,12,2017600,575,285,290
1497,21,12,2017700,1692,854,838
1498,21,12,2017800,1220,647,573
1499,21,12,2017900,810,396,414
1500,21,12,2018000,0,0,0
1501,21,12,2018100,1461,737,724
1502,21,12,2018200,10866,5508,5358
1503,21,12,2018300,2956,1490,1466
1504,21,12,2018400,573,298,275
1505,21,12,2018500,1573,799,774
1506,21,12,2018600,433,212,221
1507,21,12,2018700,2,2,0
1508,21,12,2018800,1910,1004,906
1509,21,12,2018900,223,110,113
1510,21,12,2019000,404,202,202
1511,21,12,2019100,512,238,274
1512,21,12,2019200,997,513,484
1513,21,12,2019300,915,458,457
1514,21,12,2019400,684,337,347
1515,21,12,2019500,428,225,203
1516,21,12,2019600,458,214,244
1517,21,12,2019700,322,156,166
1518,21,12,2019800,3496,1675,1821
1519,21,12,2019900,0,0,0
1520,21,12,2020000,422,210,212
1521,21,12,2020100,21,10,11
1522,21,12,2020200,317,155,162
1523,21,12,2020300,831,434,397
1524,21,12,2020400,599,300,299
1525,21,12,2020500,429,196,233
1526,21,12,2020600,1550,746,804
1527,21,12,2020700,0,0,0
1528,21,12,2020800,1170,561,609
1529,21,12,2020900,1637,814,823
1530,21,12,2021000,1693,877,816
1531,21,12,2021100,325,153,172
1532,21,12,2021200,291,154,137
1533,21,12,2021300,492,229,263
1534,21,12,2021400,594,273,321
1535,21,12,2021500,1430,746,684
1536,21,12,2021600,615,298,317
1537,21,12,2021700,1902,968,934
1538,21,12,2021800,770,387,383
1539,21,12,2021900,186,95,91
1540,21,12,2022000,1151,590,561
1541,21,12,2022100,1039,544,495
1542,21,12,2022200,473,246,227
1543,21,12,2022300,507,252,255
1544,21,12,2022400,2631,1354,1277
1545,21,12,2022500,180,85,95
1546,21,12,2022600,0,0,0
1547,21,12,2022700,1401,714,687
1548,21,12,2022800,674,332,342
1549,21,12,2022900,702,340,362
1550,21,12,2023000,2351,1227,1124
1551,21,12,2023100,0,0,0
1552,21,12,2023200,242,126,116
1553,21,12,2023300,365,189,176
1554,21,12,2023400,371,193,178
1555,21,12,2023500,87,48,39
1556,21,12,2023600,2592,1336,1256
1557,21,12,2023700,3,2,1
1558,21,12,2023800,1317,687,630
1559,21,12,2023900,1524,785,739
1560,21,12,2024000,260,139,121
1561,21,12,2024100,821,419,402
1562,21,12,2024200,474,261,213
1563,21,12,2024300,1899,931,968
1564,21,12,2024400,449,211,238
1565,21,12,2024500,38,16,22
1566,21,12,2024600,40,20,20
1567,21,12,2024700,411,208,203
1568,21,12,2024800,460,226,234
1569,21,12,2024900,170,77,93
1570,21,12,2025000,16,7,9
1571,21,12,2025100,32,14,18
1572,21,12,2025200,521,263,258
1573,21,12,2025300,115,58,57
1574,21,12,2025400,140,62,78
1575,21,12,2025500,892,462,430
1576,21,12,2025600,643,326,317
1577,21,12,2025700,343,186,157
1578,21,12,2025800,736,385,351
1579,21,12,2025900,1021,501,520
1580,21,12,2026000,1865,949,916
1581,21,12,2026100,1294,674,620
1582,21,12,2026200,403,195,208
1583,21,12,2026300,4467,2311,2156
1584,21,12,2026400,690,341,349
1585,21,12,2026500,3034,1579,1455
1586,21,12,2026600,0,0,0
1587,21,12,2026700,380,204,176
1588,21,12,2026800,34,19,15
1589,21,12,2026900,0,0,0
1590,21,12,2027000,745,373,372
1591,21,12,2027100,565,288,277
1592,21,12,2027200,174,88,86
1593,21,12,2027300,17,7,10
1594,21,12,2027400,41,19,22
1595,21,12,2027500,201,105,96
1596,21,12,2027600,123,56,67
1597,21,12,2027700,195,105,90
1598,21,12,2027800,402,218,184
1599,21,12,2027900,162,89,73
1600,21,12,2028000,22,13,9
1601,21,12,2028100,244,126,118
1602,21,12,2028200,123,67,56
1603,21,12,2028300,0,0,0
1604,21,12,2028400,1829,983,846
1605,21,12,2028500,178,91,87
1606,21,12,2028600,229,123,106
1607,21,12,2028700,793,417,376
1608,21,12,2028800,690,345,345
1609,21,12,2028900,132,62,70
1610,21,12,2029000,675,375,300
1611,21,12,2029100,571,306,265
1612,21,12,2029200,112,58,54
1613,21,12,2029300,42,21,21
1614,21,12,2029400,1446,733,713
1615,21,12,2029500,1525,801,724
1616,21,12,2029600,0,0,0
1617,21,12,2029700,326,170,156
1618,21,12,2029800,874,442,432
1619,21,12,2029900,549,286,263
1620,21,12,2030000,901,473,428
1621,21,12,2030100,299,149,150
1622,21,12,2030200,96,52,44
1623,21,12,2030300,205,97,108
1624,21,12,2030400,6565,3451,3114
1625,21,12,2030500,251,133,118
1626,21,12,2030600,266,132,134
1627,21,12,2030700,405,216,189
1628,21,12,2030800,286,152,134
1629,21,12,2030900,1742,911,831
1630,21,12,2031000,1257,659,598
1631,21,12,2031100,691,355,336
1632,21,12,2031200,330,171,159
1633,21,12,2031300,859,443,416
1634,21,12,2031400,714,373,341
1635,21,12,2031500,3403,1752,1651
1636,21,12,2031600,667,335,332
1637,21,12,2031700,2159,1117,1042
1638,21,12,2031800,3029,1612,1417
1639,21,12,2031900,1589,793,796
1640,21,12,2032000,1071,568,503
1641,21,12,2032100,2566,1306,1260
1642,21,12,2032200,3958,2029,1929
1643,21,12,2032300,1531,779,752
1644,21,12,2032400,695,356,339
1645,21,12,2032500,2303,1133,1170
1646,21,12,2032600,837,436,401
1647,21,12,2032700,165,80,85
1648,21,12,2032800,559,269,290
1649,21,12,2032900,1248,647,601
1650,21,12,2033000,1579,811,768
1651,21,12,2033100,3845,1988,1857
1652,21,12,2033200,1089,529,560
1653,21,12,2033300,1171,615,556
1654,21,12,2033400,829,436,393
1655,21,12,2033500,619,308,311
1656,21,12,2033600,274,154,120
1657,21,12,2033700,813,447,366
1658,21,12,2033800,859,458,401
1659,21,12,2033900,1709,922,787
1660,21,12,2034000,1190,606,584
1661,21,12,2034100,511,274,237
1662,21,12,2034200,871,455,416
1663,21,12,2034300,1043,534,509
1664,21,12,2034400,1266,681,585
1665,21,12,2034500,1004,522,482
1666,21,12,2034600,454,225,229
1667,21,12,2034700,1450,755,695
1668,21,12,2034800,1026,542,484
1669,21,12,2034900,1488,786,702
1670,21,12,2035000,403,188,215
1671,21,12,2035100,1048,551,497
1672,21,12,2035200,1345,702,643
1673,21,12,2035300,1080,565,515
1674,21,12,2035400,531,301,230
1675,21,12,2035500,1988,1011,977
1676,21,12,2035600,366,186,180
1677,21,12,2035700,615,308,307
1678,21,12,2035800,6208,3233,2975
1679,21,12,2035900,720,380,340
1680,21,12,2036000,646,350,296
1681,21,12,2036100,1744,912,832
1682,21,12,2036200,1224,636,588
1683,21,12,2036300,2498,1285,1213
1684,21,12,2036400,632,332,300
1685,21,12,2036500,2629,1377,1252
1686,21,12,2036600,230,132,98
1687,21,12,2036700,3715,1976,1739
1688,21,12,2036800,2020,1014,1006
1689,21,12,2036900,942,487,455
1690,21,12,2037000,2409,1261,1148
1691,21,12,2037100,3050,1570,1480
1692,21,12,2037200,2061,1077,984
1693,21,12,2037300,5815,2895,2920
1694,21,12,2037400,253,127,126
1695,21,12,2037500,1996,967,1029
1696,21,12,2037600,1622,826,796
1697,21,12,2037700,1520,800,720
1698,21,12,2037800,533,260,273
1699,21,12,2037900,730,378,352
1700,21,12,2038000,3478,1784,1694
1701,21,12,2038100,1488,786,702
1702,21,12,2038200,247,115,132
1703,21,12,2038300,343,181,162
1704,21,12,2038400,82,40,42
1705,21,12,2038500,133,72,61
1706,21,12,2038600,397,198,199
1707,21,12,2038700,245,109,136
1708,21,12,2038800,66,32,34
1709,21,12,2038900,100,48,52
1710,21,12,2039000,35,14,21
1711,21,12,2039100,227,124,103
1712,21,12,2039200,43,23,20
1713,21,12,2039300,1422,720,702
1714,21,12,2039400,933,486,447
1715,21,12,2039500,932,478,454
1716,21,12,2039600,1062,541,521
1717,21,12,2039700,593,302,291
1718,21,12,2039800,318,158,160
1719,21,12,2039900,1027,534,493
1720,21,12,2040000,0,0,0
1721,21,12,2040100,409,227,182
1722,21,12,2040200,491,235,256
1723,21,12,2040300,2109,1096,1013
1724,21,12,2040400,720,399,321
1725,21,12,2040500,51,32,19
1726,21,12,2040600,85,43,42
1727,21,12,2040700,0,0,0
1728,21,12,2040800,505,244,261
1729,21,12,2040900,909,486,423
1730,21,12,2041000,424,207,217
1731,21,12,2041100,1786,927,859
1732,21,12,2041200,1382,733,649
1733,21,12,2041300,0,0,0
1734,21,12,2041400,1145,593,552
1735,21,12,2041500,557,284,273
1736,21,12,2041600,2507,1322,1185
1737,21,12,2041700,507,273,234
1738,21,12,2041800,783,400,383
1739,21,12,2041900,1275,646,629
1740,21,12,2042000,581,307,274
1741,21,12,2042100,819,418,401
1742,21,12,2042200,155,72,83
1743,21,12,2042300,1327,672,655
1744,21,12,2042400,276,144,132
1745,21,12,2042500,371,201,170
1746,21,12,2042600,2687,1413,1274
1747,21,12,2042700,1217,631,586
1748,21,12,2042800,173,88,85
1749,21,12,2042900,1665,873,792
1750,21,12,2043000,0,0,0
1751,21,12,2043100,419,215,204
1752,21,12,2043200,809,422,387
1753,21,12,2043300,198,95,103
1754,21,12,2043400,783,403,380
1755,21,12,2043500,233,124,109
1756,21,12,2043600,612,309,303
1757,21,12,2043700,1820,938,882
1758,21,12,2043800,1113,581,532
1759,21,12,2043900,295,199,96
1760,21,12,2044000,0,0,0
1761,21,12,2044100,800,423,377
1762,21,12,2044200,804,433,371
1763,21,12,2044300,2839,1432,1407
1764,21,12,2044400,0,0,0
1765,21,12,2044500,2781,1450,1331
1766,21,12,2044600,910,480,430
1767,21,12,2044700,1573,840,733
1768,21,12,2044800,968,491,477
1769,21,12,2044900,0,0,0
1770,21,12,2045000,117,61,56
1771,21,12,2045100,346,173,173
1772,21,12,2045200,1029,530,499
1773,21,12,2045300,367,183,184
1774,21,12,2045400,2217,1099,1118
1775,21,12,2045500,969,492,477
1776,21,12,2045600,2453,1253,1200
1777,21,12,2045700,573,281,292
1778,21,12,2045800,0,0,0
1779,21,12,2045900,0,0,0
1780,21,12,2046000,241,123,118
1781,21,12,2046100,297,144,153
1782,21,12,2046200,468,221,247
1783,21,12,2046300,594,311,283
1784,21,12,2046400,461,224,237
1785,21,12,2046500,0,0,0
1786,21,12,2046600,215,105,110
1787,21,12,2046700,1695,760,935
1788,21,12,2046800,799,405,394
1789,21,12,2046900,2444,1247,1197
1790,21,12,2047000,318,160,158
1791,21,12,2047100,572,300,272
1792,21,12,2047200,627,321,306
1793,21,12,2047300,881,413,468
1794,21,12,2047400,775,392,383
1795,21,12,2047500,454,219,235
1796,21,12,2047600,1288,671,617
1797,21,12,2047700,0,0,0
1798,21,12,2047800,145,80,65
1799,21,12,2047900,612,303,309
1800,21,12,2048000,1422,757,665
1801,21,12,2048100,80,47,33
1802,21,12,2048200,230,115,115
1803,21,12,2048300,511,245,266
1804,21,12,2048400,598,301,297
1805,21,12,2048500,406,206,200
1806,21,12,2048600,1110,573,537
1807,21,12,2048700,0,0,0
1808,21,12,2048800,1610,801,809
1809,21,12,2048900,0,0,0
1810,21,12,2049000,793,387,406
1811,21,12,2049100,2107,1040,1067
1812,21,12,2049200,625,318,307
1813,21,12,2049300,0,0,0
1814,21,12,2049400,0,0,0
1815,21,12,2049500,0,0,0
1816,21,12,2049600,232,126,106
1817,21,12,2049700,200,108,92
1818,21,12,2049800,464,224,240
1819,21,12,2049900,10,6,4
1820,21,12,2050000,326,154,172
1821,21,12,2050100,1640,848,792
1822,21,12,2050200,568,278,290
1823,21,12,2050300,1116,576,540
1824,21,12,2050400,425,214,211
1825,21,12,2050500,1828,881,947
1826,21,12,2050600,1170,565,605
1827,21,12,2050700,265,130,135
1828,21,12,2050800,2159,1085,1074
1829,21,12,2050900,633,343,290
1830,21,12,2051000,182,93,89
1831,21,12,2051100,1312,672,640
1832,21,12,2051200,330,163,167
1833,21,12,2051300,478,257,221
1834,21,12,2051400,831,425,406
1835,21,12,2051500,91,43,48
1836,21,12,2051600,310,161,149
1837,21,12,2051700,144,59,85
1838,21,12,2051800,1540,808,732
1839,21,12,2051900,1137,568,569
1840,21,12,2052000,2060,1010,1050
1841,21,12,2052100,228,108,120
1842,21,12,2052200,476,241,235
1843,21,12,2052300,1461,754,707
1844,21,12,2052400,1483,758,725
1845,21,12,2052500,1209,590,619
1846,21,12,2052600,97,49,48
1847,21,12,2052700,112,62,50
1848,21,12,2052800,465,258,207
1849,21,12,2052900,788,410,378
1850,21,12,2053000,579,279,300
1851,21,12,2053100,1063,534,529
1852,21,12,2053200,173,90,83
1853,21,12,2053300,680,345,335
1854,21,12,2053400,276,132,144
1855,21,12,2053500,117,60,57
1856,21,12,2053600,258,134,124
1857,21,12,2053700,221,119,102
1858,21,12,2053800,238,121,117
1859,21,12,2053900,339,177,162
1860,21,12,2054000,109,52,57
1861,21,12,2054100,80,30,50
1862,21,12,2054200,323,167,156
1863,21,12,2054300,1353,689,664
1864,21,12,2054400,0,0,0
1865,21,12,2054500,0,0,0
1866,21,12,2054600,117,58,59
1867,21,12,2054700,214,107,107
1868,21,12,2054800,167,84,83
1869,21,12,2054900,673,331,342
1870,21,12,2055000,13,7,6
1871,21,12,2055100,291,154,137
1872,21,12,2055200,721,331,390
1873,21,12,2055300,1094,572,522
1874,21,12,2055400,144,67,77
1875,21,12,2055500,288,153,135
1876,21,12,2055600,234,125,109
1877,21,12,2055700,350,187,163
1878,21,12,2055800,467,244,223
1879,21,12,2055900,1777,910,867
1880,21,12,2056000,80,47,33
1881,21,12,2056100,260,128,132
1882,21,12,2056200,93,49,44
1883,21,12,2056300,4156,2162,1994
1884,21,12,2056400,862,461,401
1885,21,12,2056500,228,118,110
1886,21,12,2056600,464,238,226
1887,21,12,2056700,397,220,177
1888,21,12,2056800,320,184,136
1889,21,12,2056900,1409,708,701
1890,21,12,2057000,36,16,20
1891,21,12,2057100,0,0,0
1892,21,12,2057200,211,116,95
1893,21,12,2057300,381,201,180
1894,21,12,2057400,0,0,0
1895,21,12,2057500,23,12,11
1896,21,12,2057600,176,78,98
1897,21,12,2057700,273,154,119
1898,21,12,2057800,66,33,33
1899,21,12,2057900,94,49,45
1900,21,12,2058000,275,144,131
1901,21,12,2058100,21,11,10
1902,21,12,2058200,32,16,16
1903,21,12,2058300,269,137,132
1904,21,12,2058400,95,49,46
1905,21,12,2058500,121,65,56
1906,21,12,2058600,671,337,334
1907,21,12,2058700,831,409,422
1908,21,12,2058800,187,96,91
1909,21,12,2058900,243,125,118
1910,21,12,2059000,7,4,3
1911,21,12,2059100,26,14,12
1912,21,12,2059200,1382,708,674
1913,21,12,2059300,161,80,81
1914,21,12,2059400,58,29,29
1915,21,12,2059500,98,58,40
1916,21,12,2059600,113,56,57
1917,21,12,2059700,78,39,39
1918,21,12,2059800,635,313,322
1919,21,12,2059900,3350,1733,1617
1920,21,12,2060000,273,159,114
1921,21,12,2060100,230,126,104
1922,21,12,2060200,269,135,134
1923,21,12,2060300,734,385,349
1924,21,12,2060400,521,256,265
1925,21,12,2060500,2816,1483,1333
1926,21,12,2060600,61,32,29
1927,21,12,2060700,70,34,36
1928,21,12,2060800,1251,656,595
1929,21,12,2060900,294,152,142
1930,21,12,2061000,1124,572,552
1931,21,12,2061100,483,244,239
1932,21,12,2061200,32,17,15
1933,21,12,2061300,475,252,223
1934,21,12,2061400,0,0,0
1935,21,12,2061500,1023,530,493
1936,21,12,2061600,334,172,162
1937,21,12,2061700,100,61,39
1938,21,12,2061800,355,189,166
1939,21,12,2061900,281,153,128
1940,21,12,2062000,1236,659,577
1941,21,12,2062100,412,218,194
1942,21,12,2062200,1457,754,703
1943,21,12,2062300,543,297,246
1944,21,12,2062400,467,236,231
1945,21,12,2062500,1030,513,517
1946,21,12,2062600,767,399,368
1947,21,12,2062700,224,117,107
1948,21,12,2062800,420,208,212
1949,21,12,2062900,813,390,423
