,Statecode,Districtcode,VillageCode,Population,Males,Females
0,21,24,4001600,83,38,45
1,21,24,4001700,191,94,97
2,21,24,4001800,83,39,44
3,21,24,4001900,1080,536,544
4,21,24,4002000,182,96,86
5,21,24,4002100,891,411,480
6,21,24,4002200,648,321,327
7,21,24,4002300,443,207,236
8,21,24,4002400,584,298,286
9,21,24,4002500,568,288,280
10,21,24,4002600,356,192,164
11,21,24,4002700,1129,553,576
12,21,24,4002800,933,448,485
13,21,24,4002900,520,242,278
14,21,24,4003000,852,427,425
15,21,24,4003100,1117,546,571
16,21,24,4003200,339,170,169
17,21,24,4003300,228,104,124
18,21,24,4003400,563,272,291
19,21,24,4003500,864,439,425
20,21,24,4003600,815,403,412
21,21,24,4003700,261,125,136
22,21,24,4003800,207,94,113
23,21,24,4003900,773,394,379
24,21,24,4004000,282,149,133
25,21,24,4004100,218,103,115
26,21,24,4004200,522,252,270
27,21,24,4004300,508,251,257
28,21,24,4004400,191,87,104
29,21,24,4004500,292,131,161
30,21,24,4004600,242,115,127
31,21,24,4004700,780,382,398
32,21,24,4004800,538,281,257
33,21,24,4004900,542,258,284
34,21,24,4005000,96,49,47
35,21,24,4005100,278,138,140
36,21,24,4005200,500,256,244
37,21,24,4005300,631,305,326
38,21,24,4005400,749,385,364
39,21,24,4005500,463,192,271
40,21,24,4005600,1067,500,567
41,21,24,4005700,1116,531,585
42,21,24,4005800,441,221,220
43,21,24,4005900,1106,559,547
44,21,24,4006000,603,295,308
45,21,24,4006100,891,434,457
46,21,24,4006200,141,62,79
47,21,24,4006300,134,61,73
48,21,24,4006400,520,260,260
49,21,24,4006500,604,297,307
50,21,24,4006600,261,128,133
51,21,24,4006700,65,39,26
52,21,24,4006800,1035,520,515
53,21,24,4006900,506,262,244
54,21,24,4007000,545,270,275
55,21,24,4007100,759,379,380
56,21,24,4007200,373,187,186
57,21,24,4007300,283,133,150
58,21,24,4007400,935,510,425
59,21,24,4007500,658,337,321
60,21,24,4007600,1146,535,611
61,21,24,4007700,0,0,0
62,21,24,4007800,598,293,305
63,21,24,4007900,1076,535,541
64,21,24,4008000,288,147,141
65,21,24,4008100,839,411,428
66,21,24,4008200,459,225,234
67,21,24,4008300,478,225,253
68,21,24,4008400,704,345,359
69,21,24,4008500,1483,725,758
70,21,24,4008600,889,459,430
71,21,24,4008700,3314,1672,1642
72,21,24,4008800,859,442,417
73,21,24,4008900,390,187,203
74,21,24,4009000,186,94,92
75,21,24,4009100,2082,1054,1028
76,21,24,4009200,845,439,406
77,21,24,4009300,669,358,311
78,21,24,4009400,452,219,233
79,21,24,4009500,744,363,381
80,21,24,4009600,775,418,357
81,21,24,4009700,331,157,174
82,21,24,4009800,226,107,119
83,21,24,4009900,837,420,417
84,21,24,4010000,723,447,276
85,21,24,4010100,723,369,354
86,21,24,4010200,365,171,194
87,21,24,4010300,894,443,451
88,21,24,4010400,345,160,185
89,21,24,4010500,1067,529,538
90,21,24,4010600,400,196,204
91,21,24,4010700,5007,2557,2450
92,21,24,4010800,1081,546,535
93,21,24,4010900,500,242,258
94,21,24,4011000,324,157,167
95,21,24,4011100,1061,529,532
96,21,24,4011200,212,117,95
97,21,24,4011300,139,67,72
98,21,24,4011400,420,210,210
99,21,24,4011500,638,341,297
100,21,24,4011600,562,289,273
101,21,24,4011700,659,328,331
102,21,24,4011800,1546,781,765
103,21,24,4011900,445,224,221
104,21,24,4012000,329,157,172
105,21,24,4012100,838,432,406
106,21,24,4012200,240,108,132
107,21,24,4012300,562,263,299
108,21,24,4012400,388,187,201
109,21,24,4012500,1653,841,812
110,21,24,4012600,381,197,184
111,21,24,4012700,568,260,308
112,21,24,4012800,662,326,336
113,21,24,4012900,1307,673,634
114,21,24,4013000,519,257,262
115,21,24,4013100,114,65,49
116,21,24,4013200,147,61,86
117,21,24,4013300,286,150,136
118,21,24,4013400,345,175,170
119,21,24,4013500,577,274,303
120,21,24,4013600,731,341,390
121,21,24,4013700,891,439,452
122,21,24,4013800,446,225,221
123,21,24,4013900,548,276,272
124,21,24,4014000,204,102,102
125,21,24,4014100,421,202,219
126,21,24,4014200,707,360,347
127,21,24,4014300,64,34,30
128,21,24,4014400,828,413,415
129,21,24,4014500,524,246,278
130,21,24,4014600,535,265,270
131,21,24,4014700,458,215,243
132,21,24,4014800,402,201,201
133,21,24,4014900,730,363,367
134,21,24,4015000,194,97,97
135,21,24,4015100,1532,758,774
136,21,24,4015200,0,0,0
137,21,24,4015300,714,362,352
138,21,24,4015400,255,130,125
139,21,24,4015500,408,217,191
140,21,24,4015600,924,431,493
141,21,24,4015700,379,188,191
142,21,24,4015800,1622,838,784
143,21,24,4015900,13,13,0
144,21,24,4016000,722,361,361
145,21,24,4016100,2127,1067,1060
146,21,24,4016200,620,284,336
147,21,24,4016300,310,164,146
148,21,24,4016400,189,97,92
149,21,24,4016500,446,212,234
150,21,24,4016600,436,213,223
151,21,24,4016700,1117,567,550
152,21,24,4016800,110,55,55
153,21,24,4016900,647,319,328
154,21,24,4017000,711,350,361
155,21,24,4017100,683,346,337
156,21,24,4017200,630,300,330
157,21,24,4017300,0,0,0
158,21,24,4017400,441,203,238
159,21,24,4017500,1064,535,529
160,21,24,4017600,1206,604,602
161,21,24,4017700,1227,582,645
162,21,24,4017800,584,302,282
163,21,24,4017900,389,188,201
164,21,24,4018000,309,160,149
165,21,24,4018100,727,351,376
166,21,24,4018200,1165,543,622
167,21,24,4018300,437,224,213
168,21,24,4018400,910,467,443
169,21,24,4018500,44,20,24
170,21,24,4018600,755,408,347
171,21,24,4018700,274,122,152
172,21,24,4018800,273,134,139
173,21,24,4018900,1725,848,877
174,21,24,4019000,815,413,402
175,21,24,4019100,1009,509,500
176,21,24,4019200,209,98,111
177,21,24,4019300,725,382,343
178,21,24,4019400,546,279,267
179,21,24,4019500,455,214,241
180,21,24,4019600,180,96,84
181,21,24,4019700,765,390,375
182,21,24,4019800,104,54,50
183,21,24,4019900,714,365,349
184,21,24,4020000,1109,558,551
185,21,24,4020100,466,241,225
186,21,24,4020200,509,246,263
187,21,24,4020300,125,65,60
188,21,24,4020400,184,85,99
189,21,24,4020500,71,39,32
190,21,24,4020600,583,276,307
191,21,24,4020700,827,387,440
192,21,24,4020800,1140,557,583
193,21,24,4020900,559,291,268
194,21,24,4021000,913,479,434
195,21,24,4021100,1001,483,518
196,21,24,4021200,0,0,0
197,21,24,4021300,702,351,351
198,21,24,4021400,416,210,206
199,21,24,4021500,217,101,116
200,21,24,4021600,620,319,301
201,21,24,4021700,1423,722,701
202,21,24,4021800,192,94,98
203,21,24,4021900,319,165,154
204,21,24,4022000,328,160,168
205,21,24,4022100,278,125,153
206,21,24,4022200,215,108,107
207,21,24,4022300,604,283,321
208,21,24,4022400,196,102,94
209,21,24,4022500,466,238,228
210,21,24,4022600,564,287,277
211,21,24,4022700,583,289,294
212,21,24,4022800,356,168,188
213,21,24,4022900,1484,743,741
214,21,24,4023000,439,229,210
215,21,24,4023100,488,245,243
216,21,24,4023200,217,108,109
217,21,24,4023300,374,191,183
218,21,24,4023400,1850,975,875
219,21,24,4023500,260,129,131
220,21,24,4023600,1349,683,666
221,21,24,4023700,710,356,354
222,21,24,4023800,558,278,280
223,21,24,4023900,209,102,107
224,21,24,4024000,395,194,201
225,21,24,4024100,315,198,117
226,21,24,4024200,360,189,171
227,21,24,4024300,161,76,85
228,21,24,4024400,853,422,431
229,21,24,4024500,722,346,376
230,21,24,4024600,648,304,344
231,21,24,4024700,577,294,283
232,21,24,4024800,704,344,360
233,21,24,4024900,495,261,234
234,21,24,4025000,700,341,359
235,21,24,4025100,1352,726,626
236,21,24,4025200,998,473,525
237,21,24,4025300,536,261,275
238,21,24,4025400,664,310,354
239,21,24,4025500,583,284,299
240,21,24,4025600,426,205,221
241,21,24,4025700,459,209,250
242,21,24,4025800,545,279,266
243,21,24,4025900,637,320,317
244,21,24,4026000,2058,1040,1018
245,21,24,4026100,1270,631,639
246,21,24,4026200,294,136,158
247,21,24,4026300,600,309,291
248,21,24,4026400,0,0,0
249,21,24,4026500,509,273,236
250,21,24,4026600,289,133,156
251,21,24,4026700,651,305,346
252,21,24,4026800,1218,572,646
253,21,24,4026900,633,300,333
254,21,24,4027000,220,94,126
255,21,24,4027100,403,182,221
256,21,24,4027200,521,262,259
257,21,24,4027300,959,493,466
258,21,24,4027400,9357,4957,4400
259,21,24,4027500,2222,1150,1072
260,21,24,4027600,1180,568,612
261,21,24,4027700,408,201,207
262,21,24,4027800,605,299,306
263,21,24,4027900,38,16,22
264,21,24,4028000,228,120,108
265,21,24,4028100,937,471,466
266,21,24,4028200,928,467,461
267,21,24,4028300,696,369,327
268,21,24,4028400,1514,730,784
269,21,24,4028500,299,141,158
270,21,24,4028600,1717,871,846
271,21,24,4028700,411,210,201
272,21,24,4028800,1349,667,682
273,21,24,4028900,976,501,475
274,21,24,4029000,1172,595,577
275,21,24,4029100,542,287,255
276,21,24,4029200,1377,680,697
277,21,24,4029300,2620,1344,1276
278,21,24,4029400,495,246,249
279,21,24,4029500,260,134,126
280,21,24,4029600,488,254,234
281,21,24,4029700,926,456,470
282,21,24,4029800,129,72,57
283,21,24,4029900,601,283,318
284,21,24,4030000,242,112,130
285,21,24,4030100,362,177,185
286,21,24,4030200,221,123,98
287,21,24,4030300,319,152,167
288,21,24,4030400,117,66,51
289,21,24,4030500,1071,546,525
290,21,24,4030600,3981,1989,1992
291,21,24,4030700,210,112,98
292,21,24,4030800,1624,864,760
293,21,24,4030900,1314,653,661
294,21,24,4031000,1066,535,531
295,21,24,4031100,270,127,143
296,21,24,4031200,1018,510,508
297,21,24,4031300,556,279,277
298,21,24,4031400,549,270,279
299,21,24,4031500,397,207,190
300,21,24,4031600,921,416,505
301,21,24,4031700,810,399,411
302,21,24,4031800,341,178,163
303,21,24,4031900,416,199,217
304,21,24,4032000,839,394,445
305,21,24,4032100,422,202,220
306,21,24,4032200,838,439,399
307,21,24,4032300,499,239,260
308,21,24,4032400,578,297,281
309,21,24,4032500,1283,603,680
310,21,24,4032600,1335,637,698
311,21,24,4032700,1587,791,796
312,21,24,4032800,1127,559,568
313,21,24,4032900,1537,770,767
314,21,24,4033000,2811,1414,1397
315,21,24,4033100,776,385,391
316,21,24,4033200,1016,521,495
317,21,24,4033300,432,212,220
318,21,24,4033400,590,276,314
319,21,24,4033500,898,440,458
320,21,24,4033600,712,339,373
321,21,24,4033700,3320,1624,1696
322,21,24,4033800,657,320,337
323,21,24,4033900,1439,690,749
324,21,24,4034000,855,426,429
325,21,24,4034100,496,251,245
326,21,24,4034200,1378,711,667
327,21,24,4034300,324,152,172
328,21,24,4034400,802,395,407
329,21,24,4034500,588,281,307
330,21,24,4034600,975,485,490
331,21,24,4034700,873,440,433
332,21,24,4034800,558,277,281
333,21,24,4034900,610,282,328
334,21,24,4035000,372,189,183
335,21,24,4035100,811,409,402
336,21,24,4035200,437,199,238
337,21,24,4035300,404,214,190
338,21,24,4035400,492,250,242
339,21,24,4035500,722,372,350
340,21,24,4035600,558,261,297
341,21,24,4035700,781,355,426
342,21,24,4035800,1666,852,814
343,21,24,4035900,478,256,222
344,21,24,4036000,439,231,208
345,21,24,4036100,532,263,269
346,21,24,4036200,2061,1045,1016
347,21,24,4036300,657,323,334
348,21,24,4036400,410,208,202
349,21,24,4036500,637,323,314
350,21,24,4036600,1273,660,613
351,21,24,4036700,284,143,141
352,21,24,4036800,1104,594,510
353,21,24,4036900,450,215,235
354,21,24,4037000,532,271,261
355,21,24,4037100,617,303,314
356,21,24,4037200,3060,1572,1488
357,21,24,4037300,903,463,440
358,21,24,4037400,664,334,330
359,21,24,4037500,419,205,214
360,21,24,4037600,405,194,211
361,21,24,4037700,374,199,175
362,21,24,4037800,865,414,451
363,21,24,4037900,204,103,101
364,21,24,4038000,1283,630,653
365,21,24,4038100,902,429,473
366,21,24,4038200,730,374,356
367,21,24,4038300,927,479,448
368,21,24,4038400,1092,540,552
369,21,24,4038500,187,97,90
370,21,24,4038600,485,226,259
371,21,24,4038700,367,187,180
372,21,24,4038800,1075,540,535
373,21,24,4038900,410,212,198
374,21,24,4039000,358,171,187
375,21,24,4039100,325,152,173
376,21,24,4039200,615,303,312
377,21,24,4039300,1863,993,870
378,21,24,4039400,591,291,300
379,21,24,4039500,1637,833,804
380,21,24,4039600,586,287,299
381,21,24,4039700,551,234,317
382,21,24,4039800,577,238,339
383,21,24,4039900,907,474,433
384,21,24,4040000,1996,939,1057
385,21,24,4040100,1228,603,625
386,21,24,4040200,3408,1705,1703
387,21,24,4040300,311,162,149
388,21,24,4040400,813,422,391
389,21,24,4040500,726,350,376
390,21,24,4040600,6290,3127,3163
391,21,24,4040700,347,166,181
392,21,24,4040800,369,182,187
393,21,24,4040900,709,369,340
394,21,24,4041000,806,397,409
395,21,24,4041100,362,181,181
396,21,24,4041200,202,98,104
397,21,24,4041300,1335,689,646
398,21,24,4041400,1275,606,669
399,21,24,4041500,252,122,130
400,21,24,4041600,1164,582,582
401,21,24,4041700,251,125,126
402,21,24,4041800,1843,948,895
403,21,24,4041900,315,159,156
404,21,24,4042000,1116,568,548
405,21,24,4042100,944,456,488
406,21,24,4042200,607,293,314
407,21,24,4042300,984,510,474
408,21,24,4042400,1245,606,639
409,21,24,4042500,720,361,359
410,21,24,4042600,985,483,502
411,21,24,4042700,350,168,182
412,21,24,4042800,675,340,335
413,21,24,4042900,187,96,91
414,21,24,4043000,501,247,254
415,21,24,4043100,382,186,196
416,21,24,4043200,283,140,143
417,21,24,4043300,471,255,216
418,21,24,4043400,140,73,67
419,21,24,4043500,1003,503,500
420,21,24,4043600,517,246,271
421,21,24,4043700,484,247,237
422,21,24,4043800,858,405,453
423,21,24,4043900,1234,620,614
424,21,24,4044000,477,228,249
425,21,24,4044100,45,22,23
426,21,24,4044200,516,260,256
427,21,24,4044300,1381,675,706
428,21,24,4044400,394,178,216
429,21,24,4044500,626,318,308
430,21,24,4044600,1452,726,726
431,21,24,4044700,852,441,411
432,21,24,4044800,413,198,215
433,21,24,4044900,48,19,29
434,21,24,4045000,352,166,186
435,21,24,4045100,609,314,295
436,21,24,4045200,658,323,335
437,21,24,4045300,1444,749,695
438,21,24,4045400,586,292,294
439,21,24,4045500,575,291,284
440,21,24,4045600,187,87,100
441,21,24,4045700,633,287,346
442,21,24,4045800,369,192,177
443,21,24,4045900,1593,824,769
444,21,24,4046000,186,94,92
445,21,24,4046100,659,342,317
446,21,24,4046200,974,477,497
447,21,24,4046300,903,446,457
448,21,24,4046400,430,224,206
449,21,24,4046500,501,238,263
450,21,24,4046600,1425,716,709
451,21,24,4046700,610,293,317
452,21,24,4046800,802,394,408
453,21,24,4046900,876,453,423
454,21,24,4047000,1007,501,506
455,21,24,4047100,325,164,161
456,21,24,4047200,709,371,338
457,21,24,4047300,882,421,461
458,21,24,4047400,1769,868,901
459,21,24,4047500,156,78,78
460,21,24,4047600,670,352,318
461,21,24,4047700,1854,933,921
462,21,24,4047800,234,113,121
463,21,24,4047900,469,229,240
464,21,24,4048000,287,144,143
465,21,24,4048100,810,403,407
466,21,24,4048200,535,263,272
467,21,24,4048300,875,432,443
468,21,24,4048400,683,329,354
469,21,24,4048500,727,362,365
470,21,24,4048600,291,131,160
471,21,24,4048700,289,128,161
472,21,24,4048800,383,194,189
473,21,24,4048900,928,468,460
474,21,24,4049000,355,180,175
475,21,24,4049100,399,188,211
476,21,24,4049200,522,265,257
477,21,24,4049300,680,334,346
478,21,24,4049400,404,202,202
479,21,24,4049500,499,244,255
480,21,24,4049600,575,282,293
481,21,24,4049700,1082,545,537
482,21,24,4049800,982,503,479
483,21,24,4049900,1360,654,706
484,21,24,4050000,418,215,203
485,21,24,4050100,321,161,160
486,21,24,4050200,821,416,405
487,21,24,4050300,1509,733,776
488,21,24,4050400,482,234,248
489,21,24,4050500,0,0,0
490,21,24,4050600,906,453,453
491,21,24,4050700,429,209,220
492,21,24,4050800,334,159,175
493,21,24,4050900,952,469,483
494,21,24,4051000,1579,810,769
495,21,24,4051100,353,172,181
496,21,24,4051200,2064,1024,1040
497,21,24,4051300,186,96,90
498,21,24,4051400,557,268,289
499,21,24,4051500,541,266,275
500,21,24,4051600,669,318,351
501,21,24,4051700,468,252,216
502,21,24,4051800,313,168,145
503,21,24,4051900,1622,823,799
504,21,24,4052000,774,376,398
505,21,24,4052100,1446,688,758
506,21,24,4052200,1361,679,682
507,21,24,4052300,303,151,152
508,21,24,4052400,952,458,494
509,21,24,4052500,1072,533,539
510,21,24,4052600,1420,705,715
511,21,24,4052700,799,387,412
512,21,24,4052800,1397,710,687
513,21,24,4052900,662,319,343
514,21,24,4053000,969,471,498
515,21,24,4053100,1206,588,618
516,21,24,4053200,1513,764,749
517,21,24,4053300,940,494,446
518,21,24,4053400,355,162,193
519,21,24,4053500,451,231,220
520,21,24,4053600,1399,689,710
521,21,24,4053700,339,171,168
522,21,24,4053800,298,147,151
523,21,24,4053900,119,61,58
524,21,24,4054000,5874,2978,2896
525,21,24,4054100,334,173,161
526,21,24,4054200,521,274,247
527,21,24,4054300,415,213,202
528,21,24,4054400,1067,504,563
529,21,24,4054500,372,181,191
530,21,24,4054600,1436,699,737
531,21,24,4054700,1129,549,580
532,21,24,4054800,513,254,259
533,21,24,4054900,1293,644,649
534,21,24,4055000,383,201,182
535,21,24,4055100,1091,498,593
536,21,24,4055200,657,324,333
537,21,24,4055300,435,215,220
538,21,24,4055400,193,103,90
539,21,24,4055500,626,303,323
540,21,24,4055600,210,104,106
541,21,24,4055700,738,374,364
542,21,24,4055800,1012,479,533
543,21,24,4055900,648,313,335
544,21,24,4056000,229,110,119
545,21,24,4056100,1585,785,800
546,21,24,4056200,1009,498,511
547,21,24,4056300,603,295,308
548,21,24,4056400,1006,505,501
549,21,24,4056500,822,413,409
550,21,24,4056600,1652,832,820
551,21,24,4056700,1989,1016,973
552,21,24,4056800,472,238,234
553,21,24,4056900,425,205,220
554,21,24,4057000,529,260,269
555,21,24,4057100,739,366,373
556,21,24,4057200,517,263,254
557,21,24,4057300,434,207,227
558,21,24,4057400,529,255,274
559,21,24,4057500,2748,1337,1411
560,21,24,4057600,1145,580,565
561,21,24,4057700,1611,780,831
562,21,24,4057800,2323,1151,1172
563,21,24,4057900,1789,927,862
564,21,24,4058000,701,360,341
565,21,24,4058100,0,0,0
566,21,24,4058200,672,348,324
567,21,24,4058300,0,0,0
568,21,24,4058400,675,340,335
569,21,24,4058500,209,99,110
570,21,24,4058600,288,138,150
571,21,24,4058700,672,323,349
572,21,24,4058800,162,80,82
573,21,24,4058900,572,268,304
574,21,24,4059000,3149,1548,1601
575,21,24,4059100,0,0,0
576,21,24,4059200,874,469,405
577,21,24,4059300,466,252,214
578,21,24,4059400,299,154,145
579,21,24,4059500,945,474,471
580,21,24,4059600,299,145,154
581,21,24,4059700,880,411,469
582,21,24,4059800,1414,681,733
583,21,24,4059900,315,159,156
584,21,24,4060000,2647,1321,1326
585,21,24,4060100,704,345,359
586,21,24,4060200,663,320,343
587,21,24,4060300,583,284,299
588,21,24,4060400,365,170,195
589,21,24,4060500,1030,525,505
590,21,24,4060600,365,193,172
591,21,24,4060700,1082,522,560
592,21,24,4060800,2209,1124,1085
593,21,24,4060900,1319,649,670
594,21,24,4061000,755,390,365
595,21,24,4061100,251,129,122
596,21,24,4061200,2452,1196,1256
597,21,24,4061300,594,286,308
598,21,24,4061400,896,462,434
599,21,24,4061500,2069,1037,1032
600,21,24,4061600,2219,1116,1103
601,21,24,4061700,184,88,96
602,21,24,4061800,562,268,294
603,21,24,4061900,274,144,130
604,21,24,4062000,205,103,102
605,21,24,4062100,625,302,323
606,21,24,4062200,1061,545,516
607,21,24,4062300,775,377,398
608,21,24,4062400,1772,873,899
609,21,24,4062500,1550,778,772
610,21,24,4062600,563,268,295
611,21,24,4062700,342,167,175
612,21,24,4062800,651,314,337
613,21,24,4062900,574,278,296
614,21,24,4063000,1429,678,751
615,21,24,4063100,1434,697,737
616,21,24,4063200,402,180,222
617,21,24,4063300,176,80,96
618,21,24,4063400,86,45,41
619,21,24,4063500,1378,690,688
620,21,24,4063600,829,411,418
621,21,24,4063700,1037,509,528
622,21,24,4063800,281,146,135
623,21,24,4063900,172,82,90
624,21,24,4064000,404,221,183
625,21,24,4064100,535,245,290
626,21,24,4064200,763,381,382
627,21,24,4064300,332,170,162
628,21,24,4064400,187,94,93
629,21,24,4064500,1282,635,647
630,21,24,4064600,184,87,97
631,21,24,4064700,1371,706,665
632,21,24,4064800,1436,732,704
633,21,24,4064900,1017,490,527
634,21,24,4065000,314,156,158
635,21,24,4065100,1799,885,914
636,21,24,4065200,1368,680,688
637,21,24,4065300,1633,921,712
638,21,24,4065400,426,213,213
639,21,24,4065500,711,336,375
640,21,24,4065600,701,362,339
641,21,24,4065700,2266,1145,1121
642,21,24,4065800,916,429,487
643,21,24,4065900,1435,714,721
644,21,24,4066000,1037,509,528
645,21,24,4066100,2214,1071,1143
646,21,24,4066200,1641,807,834
647,21,24,4066300,72,45,27
648,21,24,4066400,1504,758,746
649,21,24,4066500,318,138,180
650,21,24,4066600,622,298,324
651,21,24,4066700,1157,574,583
652,21,24,4066800,235,117,118
653,21,24,4066900,2687,1336,1351
654,21,24,4067000,34,16,18
655,21,24,4067100,445,220,225
656,21,24,4067200,488,238,250
657,21,24,4067300,672,334,338
658,21,24,4067400,1541,796,745
659,21,24,4067500,742,390,352
660,21,24,4067600,263,129,134
661,21,24,4067700,318,166,152
662,21,24,4067800,548,271,277
663,21,24,4067900,2646,1350,1296
664,21,24,4068000,355,170,185
665,21,24,4068100,678,350,328
666,21,24,4068200,730,368,362
667,21,24,4068300,1428,684,744
668,21,24,4068400,1414,686,728
669,21,24,4068500,1030,527,503
670,21,24,4068600,2536,1261,1275
671,21,24,4068700,2356,1146,1210
672,21,24,4068800,1566,765,801
673,21,24,4068900,506,267,239
674,21,24,4069000,610,315,295
675,21,24,4069100,829,392,437
676,21,24,4069200,874,409,465
677,21,24,4069300,439,217,222
678,21,24,4069400,238,120,118
679,21,24,4069500,210,110,100
680,21,24,4069600,1229,619,610
681,21,24,4069700,931,458,473
682,21,24,4069800,681,355,326
683,21,24,4069900,1881,937,944
684,21,24,4070000,748,393,355
685,21,24,4070100,702,342,360
686,21,24,4070200,859,424,435
687,21,24,4070300,510,241,269
688,21,24,4070400,593,276,317
689,21,24,4070500,0,0,0
690,21,24,4070600,3039,1535,1504
691,21,24,4070700,806,402,404
692,21,24,4070800,1688,841,847
693,21,24,4070900,680,331,349
694,21,24,4071000,759,392,367
695,21,24,4071100,82,33,49
696,21,24,4071200,250,135,115
697,21,24,4071300,905,442,463
698,21,24,4071400,416,208,208
699,21,24,4071500,829,437,392
700,21,24,4071600,103,56,47
701,21,24,4071700,274,146,128
702,21,24,4071800,1498,752,746
703,21,24,4071900,254,133,121
704,21,24,4072000,76,38,38
705,21,24,4072100,940,471,469
706,21,24,4072200,276,139,137
707,21,24,4072300,2206,1101,1105
708,21,24,4072400,304,165,139
709,21,24,4072500,1112,569,543
710,21,24,4072600,1362,714,648
711,21,24,4072700,170,90,80
712,21,24,4072800,156,82,74
713,21,24,4072900,938,494,444
714,21,24,4073000,1562,769,793
715,21,24,4073100,279,131,148
716,21,24,4073200,479,236,243
717,21,24,4073300,298,147,151
718,21,24,4073400,85,38,47
719,21,24,4073500,574,297,277
720,21,24,4073600,673,347,326
721,21,24,4073700,1014,498,516
722,21,24,4073800,609,295,314
723,21,24,4073900,321,170,151
724,21,24,4074000,114,61,53
725,21,24,4074100,277,118,159
726,21,24,4074200,3164,1572,1592
727,21,24,4074300,834,439,395
728,21,24,4074400,0,0,0
729,21,24,4074500,732,362,370
730,21,24,4074600,0,0,0
731,21,24,4074700,1166,588,578
732,21,24,4074800,184,96,88
733,21,24,4074900,250,134,116
734,21,24,4075000,633,315,318
735,21,24,4075100,493,233,260
736,21,24,4075200,133,59,74
737,21,24,4075300,337,166,171
738,21,24,4075400,844,394,450
739,21,24,4075500,495,257,238
740,21,24,4075600,473,239,234
741,21,24,4075700,311,149,162
742,21,24,4075800,549,272,277
743,21,24,4075900,299,146,153
744,21,24,4076000,942,452,490
745,21,24,4076100,599,293,306
746,21,24,4076200,186,93,93
747,21,24,4076300,381,189,192
748,21,24,4076400,728,366,362
749,21,24,4076500,297,166,131
750,21,24,4076600,192,86,106
751,21,24,4076700,986,476,510
752,21,24,4076800,554,292,262
753,21,24,4076900,554,272,282
754,21,24,4077000,494,229,265
755,21,24,4077100,927,477,450
756,21,24,4077200,1097,556,541
757,21,24,4077300,612,302,310
758,21,24,4077400,564,305,259
759,21,24,4077500,489,258,231
760,21,24,4077600,505,250,255
761,21,24,4077700,593,311,282
762,21,24,4077800,1281,635,646
763,21,24,4077900,226,108,118
764,21,24,4078000,498,252,246
765,21,24,4078100,498,241,257
766,21,24,4078200,235,112,123
767,21,24,4078300,284,133,151
768,21,24,4078400,331,176,155
769,21,24,4078500,360,181,179
770,21,24,4078600,131,75,56
771,21,24,4078700,362,176,186
772,21,24,4078800,1880,929,951
773,21,24,4078900,181,82,99
774,21,24,4079000,182,93,89
775,21,24,4079100,612,325,287
776,21,24,4079200,764,402,362
777,21,24,4079300,711,373,338
778,21,24,4079400,747,374,373
779,21,24,4079500,159,76,83
780,21,24,4079600,640,328,312
781,21,24,4079700,156,70,86
782,21,24,4079800,112,55,57
783,21,24,4079900,472,234,238
784,21,24,4080000,456,238,218
785,21,24,4080100,1247,654,593
786,21,24,4080200,892,458,434
787,21,24,4080300,7284,3496,3788
788,21,24,4080400,1319,693,626
789,21,24,4080500,85,40,45
790,21,24,4080600,1119,564,555
791,21,24,4080700,215,110,105
792,21,24,4080800,509,254,255
793,21,24,4080900,458,251,207
794,21,24,4081000,898,468,430
795,21,24,4081100,1368,702,666
796,21,24,4081200,3050,1527,1523
797,21,24,4081300,897,474,423
798,21,24,4081400,150,82,68
799,21,24,4081500,205,94,111
800,21,24,4081600,616,320,296
801,21,24,4081700,642,320,322
802,21,24,4081800,1118,562,556
803,21,24,4081900,1924,984,940
804,21,24,4082000,1070,530,540
805,21,24,4082100,274,146,128
806,21,24,4082200,483,250,233
807,21,24,4082300,837,416,421
808,21,24,4082400,1435,733,702
809,21,24,4082500,482,244,238
810,21,24,4082600,367,189,178
811,21,24,4082700,707,345,362
812,21,24,4082800,966,478,488
813,21,24,4082900,1244,621,623
814,21,24,4083000,420,217,203
815,21,24,4083100,642,328,314
816,21,24,4083200,907,459,448
817,21,24,4083300,765,393,372
818,21,24,4083400,1645,816,829
819,21,24,4083500,1053,508,545
820,21,24,4083600,610,303,307
821,21,24,4083700,400,201,199
822,21,24,4083800,283,139,144
823,21,24,4083900,272,145,127
824,21,24,4084000,75,39,36
825,21,24,4084100,204,101,103
826,21,24,4084200,816,409,407
827,21,24,4084300,252,136,116
828,21,24,4084400,88,49,39
829,21,24,4084500,889,437,452
830,21,24,4084600,367,192,175
831,21,24,4084700,2208,1127,1081
832,21,24,4084800,1301,643,658
833,21,24,4084900,353,181,172
834,21,24,4085000,1162,609,553
835,21,24,4085100,522,267,255
836,21,24,4085200,580,289,291
837,21,24,4085300,519,252,267
838,21,24,4085400,464,246,218
839,21,24,4085500,1744,874,870
840,21,24,4085600,245,133,112
841,21,24,4085700,277,156,121
842,21,24,4085800,670,336,334
843,21,24,4085900,432,218,214
844,21,24,4086000,653,340,313
845,21,24,4086100,689,342,347
846,21,24,4086200,443,208,235
847,21,24,4086300,308,143,165
848,21,24,4086400,551,272,279
849,21,24,4086500,590,293,297
850,21,24,4086600,1136,582,554
851,21,24,4086700,669,339,330
852,21,24,4086800,1309,670,639
853,21,24,4086900,636,318,318
854,21,24,4087000,875,446,429
855,21,24,4087100,501,256,245
856,21,24,4087200,768,381,387
857,21,24,4087300,2109,1083,1026
858,21,24,4087400,561,302,259
859,21,24,4087500,335,168,167
860,21,24,4087600,1334,669,665
861,21,24,4087700,2206,1077,1129
862,21,24,4087800,530,265,265
863,21,24,4087900,2255,1122,1133
864,21,24,4088000,521,265,256
865,21,24,4088100,2137,1093,1044
866,21,24,4088200,699,326,373
867,21,24,4088300,707,355,352
868,21,24,4088400,1666,849,817
869,21,24,4088500,0,0,0
870,21,24,4088600,0,0,0
871,21,24,4088700,0,0,0
872,21,24,4088800,595,279,316
873,21,24,4088900,526,276,250
874,21,24,4089000,699,363,336
875,21,24,4089100,1550,771,779
876,21,24,4089200,543,271,272
877,21,24,4089300,1411,728,683
878,21,24,4089400,653,330,323
879,21,24,4089500,864,442,422
880,21,24,4089600,2070,1056,1014
881,21,24,4089700,3089,1566,1523
882,21,24,4089800,1051,526,525
883,21,24,4089900,304,161,143
884,21,24,4090000,289,150,139
885,21,24,4090100,963,464,499
886,21,24,4090200,916,446,470
887,21,24,4090300,677,337,340
888,21,24,4090400,891,439,452
889,21,24,4090500,6453,3740,2713
890,21,24,4090600,436,204,232
891,21,24,4090700,178,92,86
892,21,24,4090800,900,459,441
893,21,24,4090900,601,289,312
894,21,24,4091000,271,124,147
895,21,24,4091100,921,445,476
896,21,24,4091200,558,284,274
897,21,24,4091300,1120,580,540
898,21,24,4091400,901,451,450
899,21,24,4091500,796,413,383
900,21,24,4091600,3191,1636,1555
901,21,24,4091700,1324,657,667
902,21,24,4091800,383,201,182
903,21,24,4091900,667,340,327
904,21,24,4092000,3205,1633,1572
905,21,24,4092100,569,284,285
906,21,24,4092200,693,331,362
907,21,24,4092300,695,332,363
908,21,24,4092400,328,176,152
909,21,24,4092500,831,429,402
910,21,24,4092600,947,446,501
911,21,24,4092700,635,328,307
912,21,24,4092800,266,140,126
913,21,24,4092900,0,0,0
914,21,24,4093000,4002,2028,1974
915,21,24,4093100,376,192,184
916,21,24,4093200,875,445,430
917,21,24,4093300,483,239,244
918,21,24,4093400,1485,717,768
919,21,24,4093500,1050,517,533
920,21,24,4093600,424,203,221
921,21,24,4093700,654,342,312
922,21,24,4093800,447,233,214
923,21,24,4093900,402,203,199
924,21,24,4094000,184,92,92
925,21,24,4094100,1664,837,827
926,21,24,4094200,270,139,131
927,21,24,4094300,1037,511,526
928,21,24,4094400,500,249,251
929,21,24,4094500,1800,915,885
930,21,24,4094600,1374,707,667
931,21,24,4094700,773,387,386
932,21,24,4094800,859,432,427
933,21,24,4094900,652,314,338
934,21,24,4095000,540,281,259
935,21,24,4095100,892,388,504
936,21,24,4095200,0,0,0
937,21,24,4095300,653,326,327
938,21,24,4095400,394,192,202
939,21,24,4095500,741,368,373
940,21,24,4095600,1190,595,595
941,21,24,4095700,670,324,346
942,21,24,4095800,583,292,291
943,21,24,4095900,797,390,407
944,21,24,4096000,871,418,453
945,21,24,4096100,791,397,394
946,21,24,4096200,339,175,164
947,21,24,4096300,1180,610,570
948,21,24,4096400,744,330,414
949,21,24,4096500,1968,1017,951
950,21,24,4096600,664,339,325
951,21,24,4096700,2426,1207,1219
952,21,24,4096800,649,326,323
953,21,24,4096900,176,96,80
954,21,24,4097000,286,136,150
955,21,24,4097100,646,340,306
956,21,24,4097200,514,274,240
957,21,24,4097300,575,302,273
958,21,24,4097400,392,193,199
959,21,24,4097500,0,0,0
960,21,24,4097600,1154,559,595
961,21,24,4097700,319,159,160
962,21,24,4097800,487,257,230
963,21,24,4097900,403,212,191
964,21,24,4098000,1669,849,820
965,21,24,4098100,986,477,509
966,21,24,4098200,381,198,183
967,21,24,4098300,348,176,172
968,21,24,4098400,313,144,169
969,21,24,4098500,531,271,260
970,21,24,4098600,404,209,195
971,21,24,4098700,404,207,197
972,21,24,4098800,567,288,279
973,21,24,4098900,513,242,271
974,21,24,4099000,0,0,0
975,21,24,4099100,915,443,472
976,21,24,4099200,346,172,174
977,21,24,4099300,514,262,252
978,21,24,4099400,940,478,462
979,21,24,4099500,1194,590,604
980,21,24,4099600,118,56,62
981,21,24,4099700,199,85,114
982,21,24,4099800,1133,578,555
983,21,24,4099900,425,219,206
984,21,24,4100000,117,59,58
985,21,24,4100100,547,270,277
986,21,24,4100200,251,122,129
987,21,24,4100300,771,379,392
988,21,24,4100400,1855,933,922
989,21,24,4100500,1335,675,660
990,21,24,4100600,234,134,100
991,21,24,4100700,298,162,136
992,21,24,4100800,1569,801,768
993,21,24,4100900,299,155,144
994,21,24,4101000,1821,937,884
995,21,24,4101100,1201,611,590
996,21,24,4101200,1049,509,540
997,21,24,4101300,594,295,299
998,21,24,4101400,758,384,374
999,21,24,4101500,570,292,278
1000,21,24,4101600,780,395,385
1001,21,24,4101700,594,298,296
1002,21,24,4101800,435,220,215
1003,21,24,4101900,773,398,375
1004,21,24,4102000,952,489,463
1005,21,24,4102100,328,161,167
1006,21,24,4102200,739,371,368
1007,21,24,4102300,583,287,296
1008,21,24,4102400,556,274,282
1009,21,24,4102500,1055,529,526
1010,21,24,4102600,831,425,406
1011,21,24,4102700,462,239,223
1012,21,24,4102800,674,319,355
1013,21,24,4102900,631,315,316
1014,21,24,4103000,577,288,289
1015,21,24,4103100,853,421,432
1016,21,24,4103200,1070,519,551
1017,21,24,4103300,824,418,406
1018,21,24,4103400,348,184,164
1019,21,24,4103500,1260,627,633
1020,21,24,4103600,214,109,105
1021,21,24,4103700,249,127,122
1022,21,24,4103800,2354,1197,1157
1023,21,24,4103900,1314,674,640
1024,21,24,4104000,996,494,502
1025,21,24,4104100,1267,679,588
1026,21,24,4104200,513,249,264
1027,21,24,4104300,1363,700,663
1028,21,24,4104400,659,357,302
1029,21,24,4104500,3091,1527,1564
1030,21,24,4104600,2372,1240,1132
1031,21,24,4104700,1077,574,503
1032,21,24,4104800,1289,659,630
1033,21,24,4104900,763,397,366
1034,21,24,4105000,2989,1490,1499
1035,21,24,4105100,508,258,250
1036,21,24,4105200,1485,746,739
1037,21,24,4105300,1134,598,536
1038,21,24,4105400,911,451,460
1039,21,24,4105500,871,427,444
1040,21,24,4105600,556,284,272
1041,21,24,4105700,603,272,331
1042,21,24,4105800,278,147,131
1043,21,24,4105900,733,366,367
1044,21,24,4106000,1416,718,698
1045,21,24,4106100,270,136,134
1046,21,24,4106200,578,289,289
1047,21,24,4106300,533,274,259
1048,21,24,4106400,804,385,419
1049,21,24,4106500,1093,519,574
1050,21,24,4106600,345,178,167
1051,21,24,4106700,912,452,460
1052,21,24,4106800,372,196,176
1053,21,24,4106900,506,239,267
1054,21,24,4107000,366,180,186
1055,21,24,4107100,2641,1334,1307
1056,21,24,4107200,1677,829,848
1057,21,24,4107300,483,234,249
1058,21,24,4107400,929,464,465
1059,21,24,4107500,786,402,384
1060,21,24,4107600,340,176,164
1061,21,24,4107700,848,439,409
1062,21,24,4107800,616,302,314
1063,21,24,4107900,271,140,131
1064,21,24,4108000,1182,583,599
1065,21,24,4108100,406,210,196
1066,21,24,4108200,1303,660,643
1067,21,24,4108300,321,165,156
1068,21,24,4108400,1177,578,599
1069,21,24,4108500,938,484,454
1070,21,24,4108600,2148,1111,1037
1071,21,24,4108700,593,319,274
1072,21,24,4108800,663,326,337
1073,21,24,4108900,643,326,317
1074,21,24,4109000,545,265,280
1075,21,24,4109100,972,488,484
1076,21,24,4109200,159,82,77
1077,21,24,4109300,653,341,312
1078,21,24,4109400,2860,1463,1397
1079,21,24,4109500,710,358,352
1080,21,24,4109600,472,221,251
1081,21,24,4109700,1235,718,517
1082,21,24,4109800,5337,2811,2526
1083,21,24,4109900,1402,694,708
1084,21,24,4110000,425,207,218
1085,21,24,4110100,303,155,148
1086,21,24,4110200,117,62,55
1087,21,24,4110300,360,184,176
1088,21,24,4110400,1545,763,782
1089,21,24,4110500,543,257,286
1090,21,24,4110600,858,430,428
1091,21,24,4110700,483,236,247
1092,21,24,4110800,826,399,427
1093,21,24,4110900,604,307,297
1094,21,24,4111000,393,202,191
1095,21,24,4111100,1092,567,525
1096,21,24,4111200,510,251,259
1097,21,24,4111300,424,199,225
1098,21,24,4111400,422,202,220
1099,21,24,4111500,295,143,152
1100,21,24,4111600,1075,538,537
1101,21,24,4111700,632,309,323
1102,21,24,4111800,721,363,358
1103,21,24,4111900,1001,504,497
1104,21,24,4112000,794,383,411
1105,21,24,4112100,509,249,260
1106,21,24,4112200,958,483,475
1107,21,24,4112300,440,218,222
1108,21,24,4112400,1096,556,540
1109,21,24,4112500,2794,1388,1406
1110,21,24,4112600,764,377,387
1111,21,24,4112700,1572,806,766
1112,21,24,4112800,2144,1087,1057
1113,21,24,4112900,335,165,170
1114,21,24,4113000,1071,541,530
1115,21,24,4113100,633,328,305
1116,21,24,4113200,728,381,347
1117,21,24,4113300,282,133,149
1118,21,24,4113400,759,378,381
1119,21,24,4113500,526,267,259
1120,21,24,4113600,706,337,369
1121,21,24,4113700,498,249,249
1122,21,24,4113800,138,71,67
1123,21,24,4113900,129,61,68
1124,21,24,4114000,1161,607,554
1125,21,24,4114100,1456,733,723
1126,21,24,4114200,651,316,335
1127,21,24,4114300,579,299,280
1128,21,24,4114400,0,0,0
1129,21,24,4114500,310,161,149
1130,21,24,4114600,2026,1049,977
1131,21,24,4114700,556,262,294
1132,21,24,4114800,657,337,320
1133,21,24,4114900,201,93,108
1134,21,24,4115000,591,293,298
1135,21,24,4115100,393,199,194
1136,21,24,4115200,167,87,80
1137,21,24,4115300,176,85,91
1138,21,24,4115400,274,143,131
1139,21,24,4115500,336,164,172
1140,21,24,4115600,283,146,137
1141,21,24,4115700,376,189,187
1142,21,24,4115800,448,230,218
1143,21,24,4115900,281,130,151
1144,21,24,4116000,411,207,204
1145,21,24,4116100,165,82,83
1146,21,24,4116200,198,99,99
1147,21,24,4116300,72,35,37
1148,21,24,4116400,149,67,82
1149,21,24,4116500,448,277,171
1150,21,24,4116600,287,133,154
1151,21,24,4116700,257,128,129
1152,21,24,4116800,329,176,153
1153,21,24,4116900,443,233,210
1154,21,24,4117000,0,0,0
1155,21,24,4117100,129,57,72
1156,21,24,4117200,271,127,144
1157,21,24,4117300,2031,1018,1013
1158,21,24,4117400,212,113,99
1159,21,24,4117500,431,217,214
1160,21,24,4117600,367,183,184
1161,21,24,4117700,580,281,299
1162,21,24,4117800,561,268,293
1163,21,24,4117900,353,175,178
1164,21,24,4118000,415,201,214
1165,21,24,4118100,210,108,102
1166,21,24,4118200,1711,863,848
1167,21,24,4118300,1416,680,736
1168,21,24,4118400,472,236,236
1169,21,24,4118500,291,151,140
1170,21,24,4118600,300,152,148
1171,21,24,4118700,326,157,169
1172,21,24,4118800,91,46,45
1173,21,24,4118900,223,109,114
1174,21,24,4119000,477,240,237
1175,21,24,4119100,1135,543,592
1176,21,24,4119200,271,135,136
1177,21,24,4119300,3476,1721,1755
1178,21,24,4119400,1214,627,587
1179,21,24,4119500,916,456,460
1180,21,24,4119600,509,255,254
1181,21,24,4119700,193,92,101
1182,21,24,4119800,746,369,377
1183,21,24,4119900,434,218,216
1184,21,24,4120000,196,93,103
1185,21,24,4120100,397,198,199
1186,21,24,4120200,321,149,172
1187,21,24,4120300,245,125,120
1188,21,24,4120400,360,186,174
1189,21,24,4120500,352,173,179
1190,21,24,4120600,847,416,431
1191,21,24,4120700,455,220,235
1192,21,24,4120800,1577,784,793
1193,21,24,4120900,1124,580,544
1194,21,24,4121000,1680,829,851
1195,21,24,4121100,806,405,401
1196,21,24,4121200,1339,651,688
1197,21,24,4121300,1117,562,555
1198,21,24,4121400,392,204,188
1199,21,24,4121500,553,276,277
1200,21,24,4121600,304,150,154
1201,21,24,4121700,657,332,325
1202,21,24,4121800,1124,580,544
1203,21,24,4121900,664,352,312
1204,21,24,4122000,277,133,144
1205,21,24,4122100,487,250,237
1206,21,24,4122200,101,45,56
1207,21,24,4122300,456,228,228
1208,21,24,4122400,160,78,82
1209,21,24,4122500,156,78,78
1210,21,24,4122600,1097,546,551
1211,21,24,4122700,251,117,134
1212,21,24,4122800,626,294,332
1213,21,24,4122900,411,204,207
1214,21,24,4123000,409,209,200
1215,21,24,4123100,422,207,215
1216,21,24,4123200,1924,942,982
1217,21,24,4123300,599,318,281
1218,21,24,4123400,310,160,150
1219,21,24,4123500,847,448,399
1220,21,24,4123600,223,119,104
1221,21,24,4123700,262,144,118
1222,21,24,4123800,207,96,111
1223,21,24,4123900,88,43,45
1224,21,24,4124000,307,162,145
1225,21,24,4124100,260,124,136
1226,21,24,4124200,774,388,386
1227,21,24,4124300,430,229,201
1228,21,24,4124400,109,56,53
1229,21,24,4124500,378,182,196
1230,21,24,4124600,188,86,102
1231,21,24,4124700,627,324,303
1232,21,24,4124800,559,263,296
1233,21,24,4124900,443,225,218
1234,21,24,4125000,369,181,188
1235,21,24,4125100,213,101,112
1236,21,24,4125200,627,316,311
1237,21,24,4125300,1240,619,621
1238,21,24,4125400,368,181,187
1239,21,24,4125500,1019,509,510
1240,21,24,4125600,427,213,214
1241,21,24,4125700,361,193,168
1242,21,24,4125800,1087,527,560
1243,21,24,4125900,1678,845,833
1244,21,24,4126000,1023,525,498
1245,21,24,4126100,241,119,122
1246,21,24,4126200,774,390,384
1247,21,24,4126300,208,96,112
1248,21,24,4126400,2698,1331,1367
1249,21,24,4126500,477,219,258
1250,21,24,4126600,765,383,382
1251,21,24,4126700,1079,543,536
1252,21,24,4126800,530,273,257
1253,21,24,4126900,62,29,33
1254,21,24,4127000,982,485,497
1255,21,24,4127100,1070,559,511
1256,21,24,4127200,1378,730,648
1257,21,24,4127300,628,309,319
1258,21,24,4127400,584,287,297
1259,21,24,4127500,352,167,185
1260,21,24,4127600,747,374,373
1261,21,24,4127700,220,106,114
1262,21,24,4127800,771,378,393
1263,21,24,4127900,773,365,408
1264,21,24,4128000,880,450,430
1265,21,24,4128100,446,221,225
1266,21,24,4128200,2085,1074,1011
1267,21,24,4128300,599,310,289
1268,21,24,4128400,439,202,237
1269,21,24,4128500,2013,1005,1008
1270,21,24,4128600,1675,844,831
1271,21,24,4128700,768,395,373
1272,21,24,4128800,446,221,225
1273,21,24,4128900,1519,783,736
1274,21,24,4129000,987,513,474
1275,21,24,4129100,224,101,123
1276,21,24,4129200,2324,1178,1146
1277,21,24,4129300,83,35,48
1278,21,24,4129400,2354,1175,1179
1279,21,24,4129500,500,251,249
1280,21,24,4129600,579,295,284
1281,21,24,4129700,725,373,352
1282,21,24,4129800,674,331,343
1283,21,24,4129900,1955,1000,955
1284,21,24,4130000,1599,810,789
1285,21,24,4130100,511,267,244
1286,21,24,4130200,328,160,168
1287,21,24,4130300,749,362,387
1288,21,24,4130400,508,249,259
1289,21,24,4130500,197,91,106
1290,21,24,4130600,479,250,229
1291,21,24,4130700,1230,586,644
1292,21,24,4130800,665,344,321
1293,21,24,4130900,1180,580,600
1294,21,24,4131000,392,189,203
1295,21,24,4131100,823,413,410
1296,21,24,4131200,754,385,369
1297,21,24,4131300,272,128,144
1298,21,24,4131400,427,212,215
1299,21,24,4131500,352,166,186
1300,21,24,4131600,4732,2431,2301
1301,21,24,4131700,180,97,83
1302,21,24,4131800,1206,611,595
1303,21,24,4131900,180,99,81
1304,21,24,4132000,799,392,407
1305,21,24,4132100,636,342,294
1306,21,24,4132200,450,235,215
1307,21,24,4132300,1356,688,668
1308,21,24,4132400,826,419,407
1309,21,24,4132500,998,498,500
1310,21,24,4132600,503,267,236
1311,21,24,4132700,1355,680,675
1312,21,24,4132800,1236,630,606
1313,21,24,4132900,409,204,205
1314,21,24,4133000,123,64,59
1315,21,24,4133100,308,159,149
1316,21,24,4133200,712,352,360
1317,21,24,4133300,445,223,222
1318,21,24,4133400,498,245,253
1319,21,24,4133500,822,431,391
1320,21,24,4133600,443,231,212
1321,21,24,4133700,570,272,298
1322,21,24,4133800,780,379,401
1323,21,24,4133900,529,258,271
1324,21,24,4134000,213,103,110
1325,21,24,4134100,224,120,104
1326,21,24,4134200,774,390,384
1327,21,24,4134300,604,291,313
1328,21,24,4134400,409,205,204
1329,21,24,4134500,505,241,264
1330,21,24,4134600,415,201,214
1331,21,24,4134700,950,480,470
1332,21,24,4134800,774,371,403
1333,21,24,4134900,477,239,238
1334,21,24,4135000,778,399,379
1335,21,24,4135100,295,145,150
1336,21,24,4135200,405,218,187
1337,21,24,4135300,1424,712,712
1338,21,24,4135400,699,342,357
1339,21,24,4135500,609,314,295
1340,21,24,4135600,471,244,227
1341,21,24,4135700,510,245,265
1342,21,24,4135800,860,442,418
1343,21,24,4135900,663,313,350
1344,21,24,4136000,732,378,354
1345,21,24,4136100,718,358,360
1346,21,24,4136200,394,182,212
1347,21,24,4136300,599,289,310
1348,21,24,4136400,489,247,242
1349,21,24,4136500,315,156,159
1350,21,24,4136600,568,295,273
1351,21,24,4136700,1112,538,574
1352,21,24,4136800,831,389,442
1353,21,24,4136900,807,416,391
1354,21,24,4137000,989,483,506
1355,21,24,4137100,627,304,323
1356,21,24,4137200,818,405,413
1357,21,24,4137300,155,87,68
1358,21,24,4137400,1034,537,497
1359,21,24,4137500,3512,1777,1735
1360,21,24,4137600,961,493,468
1361,21,24,4137700,40,18,22
1362,21,24,4137800,1171,586,585
1363,21,24,4137900,3253,1625,1628
1364,21,24,4138000,526,270,256
1365,21,24,4138100,1510,767,743
1366,21,24,4138200,64,36,28
1367,21,24,4138300,170,80,90
1368,21,24,4138400,461,225,236
1369,21,24,4138500,483,240,243
1370,21,24,4138600,673,337,336
1371,21,24,4138700,0,0,0
1372,21,24,4138800,935,451,484
1373,21,24,4138900,679,361,318
1374,21,24,4139000,455,228,227
1375,21,24,4139100,1048,520,528
1376,21,24,4139200,1767,876,891
1377,21,24,4139300,2381,1196,1185
1378,21,24,4139400,1161,570,591
1379,21,24,4139500,1636,808,828
1380,21,24,4139600,1150,589,561
1381,21,24,4139700,876,458,418
1382,21,24,4139800,341,173,168
1383,21,24,4139900,785,392,393
1384,21,24,4140000,342,171,171
1385,21,24,4140100,2709,1378,1331
1386,21,24,4140200,780,387,393
1387,21,24,4140300,718,394,324
1388,21,24,4140400,799,382,417
1389,21,24,4140500,853,435,418
1390,21,24,4140600,366,183,183
1391,21,24,4140700,213,112,101
1392,21,24,4140800,145,75,70
1393,21,24,4140900,731,392,339
1394,21,24,4141000,448,215,233
1395,21,24,4141100,250,130,120
1396,21,24,4141200,1468,739,729
1397,21,24,4141300,1347,658,689
1398,21,24,4141400,140,70,70
1399,21,24,4141500,949,473,476
1400,21,24,4141600,1042,511,531
1401,21,24,4141700,471,231,240
1402,21,24,4141800,945,488,457
1403,21,24,4141900,527,268,259
1404,21,24,4142000,291,144,147
1405,21,24,4142100,1305,653,652
1406,21,24,4142200,519,226,293
1407,21,24,4142300,690,347,343
1408,21,24,4142400,979,492,487
1409,21,24,4142500,880,463,417
1410,21,24,4142600,1878,938,940
1411,21,24,4142700,437,218,219
1412,21,24,4142800,574,279,295
1413,21,24,4142900,1428,758,670
1414,21,24,4143000,3075,1598,1477
1415,21,24,4143100,1431,725,706
1416,21,24,4143200,1261,621,640
1417,21,24,4143300,712,353,359
1418,21,24,4143400,788,395,393
1419,21,24,4143500,643,324,319
1420,21,24,4143600,2010,1028,982
1421,21,24,4143700,1571,820,751
1422,21,24,4143800,1146,579,567
1423,21,24,4143900,870,443,427
1424,21,24,4144000,540,279,261
1425,21,24,4144100,2380,1251,1129
1426,21,24,4144200,1044,530,514
1427,21,24,4144300,2690,1307,1383
1428,21,24,4144400,900,458,442
1429,21,24,4144500,993,506,487
1430,21,24,4144600,1191,591,600
1431,21,24,4144700,1407,726,681
1432,21,24,4144800,493,246,247
1433,21,24,4144900,419,219,200
1434,21,24,4145000,563,283,280
1435,21,24,4145100,1108,536,572
1436,21,24,4145200,1093,574,519
1437,21,24,4145300,628,304,324
1438,21,24,4145400,561,313,248
1439,21,24,4145500,310,147,163
1440,21,24,4145600,2412,1255,1157
1441,21,24,4145700,748,403,345
1442,21,24,4145800,1060,510,550
1443,21,24,4145900,2111,1044,1067
1444,21,24,4146000,510,271,239
1445,21,24,4146100,741,362,379
1446,21,24,4146200,911,451,460
1447,21,24,4146300,1622,797,825
1448,21,24,4146400,792,406,386
1449,21,24,4146500,935,483,452
1450,21,24,4146600,1023,498,525
1451,21,24,4146700,826,421,405
1452,21,24,4146800,234,107,127
1453,21,24,4146900,712,372,340
1454,21,24,4147000,609,325,284
1455,21,24,4147100,604,308,296
1456,21,24,4147200,728,367,361
1457,21,24,4147300,611,292,319
1458,21,24,4147400,628,315,313
1459,21,24,4147500,341,172,169
1460,21,24,4147600,769,377,392
1461,21,24,4147700,751,377,374
1462,21,24,4147800,866,442,424
1463,21,24,4147900,379,197,182
1464,21,24,4148000,1638,843,795
1465,21,24,4148100,781,393,388
1466,21,24,4148200,112,51,61
1467,21,24,4148300,334,167,167
1468,21,24,4148400,400,223,177
1469,21,24,4148500,1515,769,746
1470,21,24,4148600,670,356,314
1471,21,24,4148700,368,181,187
1472,21,24,4148800,1361,717,644
1473,21,24,4148900,802,413,389
1474,21,24,4149000,547,286,261
1475,21,24,4149100,1246,632,614
1476,21,24,4149200,579,313,266
1477,21,24,4149300,950,473,477
1478,21,24,4149400,270,133,137
1479,21,24,4149500,524,252,272
1480,21,24,4149600,1117,562,555
1481,21,24,4149700,679,332,347
1482,21,24,4149800,695,350,345
1483,21,24,4149900,832,400,432
1484,21,24,4150000,305,141,164
1485,21,24,4150100,541,289,252
1486,21,24,4150200,381,181,200
1487,21,24,4150300,614,316,298
1488,21,24,4150400,503,241,262
1489,21,24,4150500,868,446,422
1490,21,24,4150600,1026,506,520
1491,21,24,4150700,574,289,285
1492,21,24,4150800,408,202,206
1493,21,24,4150900,1685,833,852
1494,21,24,4151000,256,131,125
1495,21,24,4151100,471,250,221
1496,21,24,4151200,393,204,189
1497,21,24,4151300,347,173,174
1498,21,24,4151400,541,271,270
1499,21,24,4151500,564,279,285
1500,21,24,4151600,348,187,161
1501,21,24,4151700,1383,725,658
1502,21,24,4151800,1201,621,580
1503,21,24,4151900,1065,531,534
1504,21,24,4152000,876,446,430
1505,21,24,4152100,945,472,473
1506,21,24,4152200,2197,1140,1057
1507,21,24,4152300,1827,931,896
1508,21,24,4152400,521,255,266
1509,21,24,4152500,351,171,180
1510,21,24,4152600,2741,1409,1332
1511,21,24,4152700,2414,1262,1152
1512,21,24,4152800,1783,901,882
1513,21,24,4152900,829,426,403
1514,21,24,4153000,1799,916,883
1515,21,24,4153100,27,16,11
1516,21,24,4153200,890,442,448
1517,21,24,4153300,599,286,313
1518,21,24,4153400,413,202,211
1519,21,24,4153500,1319,681,638
1520,21,24,4153600,0,0,0
1521,21,24,4153700,604,329,275
1522,21,24,4153800,816,436,380
1523,21,24,4153900,533,255,278
1524,21,24,4154000,617,319,298
1525,21,24,4154100,1002,494,508
1526,21,24,4154200,646,319,327
1527,21,24,4154300,921,472,449
1528,21,24,4154400,366,173,193
1529,21,24,4154500,828,415,413
1530,21,24,4154600,434,246,188
1531,21,24,4154700,361,181,180
1532,21,24,4154800,374,172,202
1533,21,24,4154900,931,478,453
1534,21,24,4155000,394,205,189
1535,21,24,4155100,457,236,221
1536,21,24,4155200,918,479,439
1537,21,24,4155300,734,366,368
1538,21,24,4155400,836,411,425
1539,21,24,4155500,261,128,133
1540,21,24,4155600,288,146,142
1541,21,24,4155700,484,251,233
1542,21,24,4155800,0,0,0
1543,21,24,4155900,954,492,462
1544,21,24,4156000,774,373,401
1545,21,24,4156100,3080,1573,1507
1546,21,24,4156200,152,76,76
1547,21,24,4156300,1123,577,546
1548,21,24,4156400,683,345,338
1549,21,24,4156500,501,242,259
1550,21,24,4156600,426,218,208
1551,21,24,4156700,304,154,150
1552,21,24,4156800,224,114,110
1553,21,24,4156900,365,178,187
1554,21,24,4157000,1303,690,613
1555,21,24,4157100,881,439,442
1556,21,24,4157200,746,356,390
1557,21,24,4157300,1271,648,623
1558,21,24,4157400,2659,1365,1294
1559,21,24,4157500,299,145,154
1560,21,24,4157600,642,311,331
1561,21,24,4157700,979,471,508
1562,21,24,4157800,1256,622,634
1563,21,24,4157900,609,313,296
1564,21,24,4158000,720,360,360
1565,21,24,4158100,1159,594,565
1566,21,24,4158200,784,387,397
1567,21,24,4158300,0,0,0
1568,21,24,4158400,734,384,350
1569,21,24,4158500,2254,1160,1094
1570,21,24,4158600,468,239,229
1571,21,24,4158700,716,355,361
1572,21,24,4158800,751,388,363
1573,21,24,4158900,2202,1141,1061
1574,21,24,4159000,721,371,350
1575,21,24,4159100,171,87,84
1576,21,24,4159200,1008,504,504
1577,21,24,4159300,337,176,161
1578,21,24,4159400,440,207,233
1579,21,24,4159500,1481,755,726
1580,21,24,4159600,379,197,182
1581,21,24,4159700,408,198,210
1582,21,24,4159800,896,448,448
1583,21,24,4159900,398,214,184
1584,21,24,4160000,972,485,487
1585,21,24,4160100,281,136,145
1586,21,24,4160200,323,166,157
1587,21,24,4160300,896,441,455
1588,21,24,4160400,372,194,178
1589,21,24,4160500,813,411,402
1590,21,24,4160600,384,199,185
1591,21,24,4160700,462,231,231
1592,21,24,4160800,1712,861,851
1593,21,24,4160900,727,368,359
1594,21,24,4161000,746,388,358
1595,21,24,4161100,653,332,321
1596,21,24,4161200,1381,702,679
1597,21,24,4161300,496,258,238
1598,21,24,4161400,960,474,486
1599,21,24,4161500,266,140,126
1600,21,24,4161600,575,309,266
1601,21,24,4161700,1929,1016,913
1602,21,24,4161800,622,316,306
1603,21,24,4161900,617,323,294
1604,21,24,4162000,770,389,381
1605,21,24,4162100,715,350,365
1606,21,24,4162200,316,162,154
1607,21,24,4162300,201,108,93
1608,21,24,4162400,635,300,335
1609,21,24,4162500,251,129,122
1610,21,24,4162600,529,267,262
1611,21,24,4162700,463,236,227
1612,21,24,4162800,85,44,41
1613,21,24,4162900,70,33,37
1614,21,24,4163000,636,326,310
1615,21,24,4163100,984,476,508
1616,21,24,4163200,1780,885,895
1617,21,24,4163300,448,221,227
1618,21,24,4163400,684,353,331
1619,21,24,4163500,395,201,194
1620,21,24,4163600,439,226,213
1621,21,24,4163700,284,147,137
1622,21,24,4163800,2969,1542,1427
1623,21,24,4163900,865,441,424
1624,21,24,4164000,325,160,165
1625,21,24,4164100,1374,693,681
1626,21,24,4164200,866,426,440
1627,21,24,4164300,911,456,455
1628,21,24,4164400,371,188,183
1629,21,24,4164500,451,224,227
1630,21,24,4164600,638,320,318
1631,21,24,4164700,1087,531,556
1632,21,24,4164800,768,341,427
1633,21,24,4164900,372,176,196
1634,21,24,4165000,542,266,276
1635,21,24,4165100,435,207,228
1636,21,24,4165200,1037,500,537
1637,21,24,4165300,490,240,250
1638,21,24,4165400,2005,1001,1004
1639,21,24,4165500,610,288,322
1640,21,24,4165600,1386,721,665
1641,21,24,4165700,649,326,323
1642,21,24,4165800,699,352,347
1643,21,24,4165900,868,437,431
1644,21,24,4166000,2433,1202,1231
1645,21,24,4166100,1014,504,510
1646,21,24,4166200,406,224,182
1647,21,24,4166300,681,357,324
1648,21,24,4166400,863,432,431
1649,21,24,4166500,418,208,210
1650,21,24,4166600,1341,662,679
1651,21,24,4166700,1777,890,887
1652,21,24,4166800,764,371,393
1653,21,24,4166900,554,286,268
1654,21,24,4167000,295,157,138
1655,21,24,4167100,2177,1070,1107
1656,21,24,4167200,4884,2460,2424
1657,21,24,4167300,780,392,388
1658,21,24,4167400,463,254,209
1659,21,24,4167500,1441,715,726
1660,21,24,4167600,1254,619,635
1661,21,24,4167700,673,350,323
1662,21,24,4167800,1855,949,906
1663,21,24,4167900,633,311,322
1664,21,24,4168000,802,415,387
1665,21,24,4168100,238,120,118
1666,21,24,4168200,2907,1439,1468
1667,21,24,4168300,853,424,429
1668,21,24,4168400,594,318,276
1669,21,24,4168500,737,372,365
1670,21,24,4168600,468,249,219
1671,21,24,4168700,405,203,202
1672,21,24,4168800,362,183,179
1673,21,24,4168900,266,130,136
1674,21,24,4169000,827,413,414
1675,21,24,4169100,2974,1509,1465
1676,21,24,4169200,558,298,260
1677,21,24,4169300,958,489,469
1678,21,24,4169400,478,251,227
1679,21,24,4169500,1557,773,784
1680,21,24,4169600,0,0,0
1681,21,24,4169700,270,131,139
1682,21,24,4169800,2034,1026,1008
1683,21,24,4169900,1250,627,623
1684,21,24,4170000,3788,1881,1907
1685,21,24,4170100,385,192,193
1686,21,24,4170200,762,366,396
1687,21,24,4170300,854,416,438
1688,21,24,4170400,1062,552,510
1689,21,24,4170500,854,422,432
1690,21,24,4170600,149,81,68
1691,21,24,4170700,4350,2193,2157
1692,21,24,4170800,545,273,272
1693,21,24,4170900,2355,1154,1201
1694,21,24,4171000,464,238,226
1695,21,24,4171100,606,321,285
1696,21,24,4171200,1355,678,677
1697,21,24,4171300,760,371,389
1698,21,24,4171400,3677,1839,1838
1699,21,24,4171500,1392,691,701
1700,21,24,4171600,847,462,385
1701,21,24,4171700,1046,526,520
1702,21,24,4171800,2942,1476,1466
1703,21,24,4171900,0,0,0
1704,21,24,4172000,541,286,255
1705,21,24,4172100,972,468,504
1706,21,24,4172200,1362,683,679
1707,21,24,4172300,956,467,489
1708,21,24,4172400,0,0,0
1709,21,24,4172500,0,0,0
1710,21,24,4172600,784,399,385
1711,21,24,4172700,202,104,98
1712,21,24,4172800,373,173,200
1713,21,24,4172900,272,136,136
1714,21,24,4173000,402,210,192
1715,21,24,4173100,662,321,341
1716,21,24,4173200,892,459,433
1717,21,24,4173300,480,238,242
1718,21,24,4173400,149,80,69
1719,21,24,4173500,184,101,83
1720,21,24,4173600,752,377,375
1721,21,24,4173700,1157,563,594
1722,21,24,4173800,314,177,137
1723,21,24,4173900,93,56,37
1724,21,24,4174000,768,398,370
1725,21,24,4174100,706,342,364
1726,21,24,4174200,2471,1244,1227
1727,21,24,4174300,610,292,318
1728,21,24,4174400,1598,796,802
1729,21,24,4174500,896,463,433
1730,21,24,4174600,1125,575,550
1731,21,24,4174700,0,0,0
1732,21,24,4174800,1585,827,758
1733,21,24,4174900,662,323,339
1734,21,24,4175000,513,257,256
1735,21,24,4175100,1022,484,538
1736,21,24,4175200,1218,621,597
1737,21,24,4175300,995,513,482
1738,21,24,4175400,658,321,337
1739,21,24,4175500,769,399,370
1740,21,24,4175600,2678,1383,1295
1741,21,24,4175700,266,120,146
1742,21,24,4175800,2997,1490,1507
1743,21,24,4175900,717,366,351
1744,21,24,4176000,1268,644,624
1745,21,24,4176100,2795,1439,1356
1746,21,24,4176200,591,304,287
1747,21,24,4176300,3293,1673,1620
1748,21,24,4176400,151,72,79
1749,21,24,4176500,1365,683,682
1750,21,24,4176600,913,453,460
1751,21,24,4176700,2158,1096,1062
1752,21,24,4176800,2412,1192,1220
1753,21,24,4176900,464,234,230
1754,21,24,4177000,533,268,265
1755,21,24,4177100,316,157,159
1756,21,24,4177200,2505,1261,1244
1757,21,24,4177300,352,175,177
1758,21,24,4177400,456,229,227
1759,21,24,4177500,194,92,102
1760,21,24,4177600,691,356,335
1761,21,24,4177700,2844,1432,1412
1762,21,24,4177800,746,389,357
1763,21,24,4177900,1920,937,983
1764,21,24,4178000,815,410,405
1765,21,24,4178100,6926,3500,3426
1766,21,24,4178200,725,348,377
1767,21,24,4178300,1070,529,541
1768,21,24,4178400,854,431,423
1769,21,24,4178500,1156,583,573
1770,21,24,4178600,938,479,459
1771,21,24,4178700,256,138,118
1772,21,24,4178800,924,476,448
1773,21,24,4178900,841,426,415
1774,21,24,4179000,746,371,375
1775,21,24,4179100,66,34,32
1776,21,24,4179200,610,308,302
1777,21,24,4179300,630,310,320
1778,21,24,4179400,775,406,369
1779,21,24,4179500,181,92,89
1780,21,24,4179600,552,284,268
1781,21,24,4179700,1112,558,554
1782,21,24,4179800,955,473,482
1783,21,24,4179900,1303,658,645
1784,21,24,4180000,472,241,231
1785,21,24,4180100,654,329,325
1786,21,24,4180200,1087,547,540
1787,21,24,4180300,282,150,132
1788,21,24,4180400,594,323,271
1789,21,24,4180500,1046,527,519
1790,21,24,4180600,847,436,411
1791,21,24,4180700,1704,850,854
1792,21,24,4180800,1619,863,756
1793,21,24,4180900,1157,548,609
