,Statecode,Districtcode,VillageCode,Population,Males,Females
0,21,384,2362300,315,150,165
1,21,384,2362400,341,183,158
2,21,384,2362500,172,81,91
3,21,384,2362600,260,136,124
4,21,384,2362700,292,166,126
5,21,384,2362800,147,81,66
6,21,384,2362900,452,222,230
7,21,384,2363000,375,192,183
8,21,384,2363100,167,74,93
9,21,384,2363200,351,174,177
10,21,384,2363300,187,89,98
11,21,384,2363400,50,30,20
12,21,384,2363500,0,0,0
13,21,384,2363600,594,321,273
14,21,384,2363700,208,108,100
15,21,384,2363800,308,156,152
16,21,384,2363900,454,227,227
17,21,384,2364000,116,55,61
18,21,384,2364100,158,86,72
19,21,384,2364200,46,24,22
20,21,384,2364300,448,137,311
21,21,384,2364400,480,250,230
22,21,384,2364500,792,483,309
23,21,384,2364600,212,115,97
24,21,384,2364700,164,88,76
25,21,384,2364800,177,88,89
26,21,384,2364900,430,197,233
27,21,384,2365000,222,94,128
28,21,384,2365100,758,364,394
29,21,384,2365200,651,329,322
30,21,384,2365300,117,58,59
31,21,384,2365400,272,139,133
32,21,384,2365500,498,240,258
33,21,384,2365600,220,103,117
34,21,384,2365700,39,15,24
35,21,384,2365800,630,294,336
36,21,384,2365900,55,22,33
37,21,384,2366000,709,330,379
38,21,384,2366100,136,62,74
39,21,384,2366200,697,353,344
40,21,384,2366300,240,108,132
41,21,384,2366400,378,197,181
42,21,384,2366500,216,117,99
43,21,384,2366600,184,87,97
44,21,384,2366700,401,200,201
45,21,384,2366800,183,82,101
46,21,384,2366900,476,234,242
47,21,384,2367000,94,49,45
48,21,384,2367100,648,317,331
49,21,384,2367200,355,250,105
50,21,384,2367300,563,268,295
51,21,384,2367400,1414,670,744
52,21,384,2367500,417,216,201
53,21,384,2367600,385,211,174
54,21,384,2367700,353,188,165
55,21,384,2367800,83,42,41
56,21,384,2367900,616,356,260
57,21,384,2368000,59,35,24
58,21,384,2368100,172,96,76
59,21,384,2368200,317,154,163
60,21,384,2368300,147,77,70
61,21,384,2368400,214,111,103
62,21,384,2368500,89,43,46
63,21,384,2368600,632,322,310
64,21,384,2368700,1290,661,629
65,21,384,2368800,208,99,109
66,21,384,2368900,42,23,19
67,21,384,2369000,863,440,423
68,21,384,2369100,2298,1139,1159
69,21,384,2369200,227,115,112
70,21,384,2369300,579,291,288
71,21,384,2369400,306,162,144
72,21,384,2369500,291,151,140
73,21,384,2369600,248,124,124
74,21,384,2369700,106,59,47
75,21,384,2369800,1317,670,647
76,21,384,2369900,0,0,0
77,21,384,2370000,726,363,363
78,21,384,2370100,2,2,0
79,21,384,2370200,0,0,0
80,21,384,2370300,0,0,0
81,21,384,2370400,690,326,364
82,21,384,2370500,131,67,64
83,21,384,2370600,230,115,115
84,21,384,2370700,0,0,0
85,21,384,2370800,509,270,239
86,21,384,2370900,115,61,54
87,21,384,2371000,17,11,6
88,21,384,2371100,0,0,0
89,21,384,2371200,0,0,0
90,21,384,2371300,61,31,30
91,21,384,2371400,184,91,93
92,21,384,2371500,100,52,48
93,21,384,2371600,155,80,75
94,21,384,2371700,120,50,70
95,21,384,2371800,87,41,46
96,21,384,2371900,83,41,42
97,21,384,2372000,505,239,266
98,21,384,2372100,128,60,68
99,21,384,2372200,6024,3234,2790
100,21,384,2372300,308,163,145
101,21,384,2372400,311,158,153
102,21,384,2372500,208,108,100
103,21,384,2372600,846,435,411
104,21,384,2372700,597,334,263
105,21,384,2372800,61,31,30
106,21,384,2372900,560,272,288
107,21,384,2373000,452,229,223
108,21,384,2373100,401,192,209
109,21,384,2373200,427,216,211
110,21,384,2373300,164,80,84
111,21,384,2373400,126,62,64
112,21,384,2373500,181,91,90
113,21,384,2373600,382,197,185
114,21,384,2373700,277,136,141
115,21,384,2373800,212,107,105
116,21,384,2373900,513,259,254
117,21,384,2374000,216,100,116
118,21,384,2374100,463,221,242
119,21,384,2374200,348,169,179
120,21,384,2374300,238,112,126
121,21,384,2374400,84,41,43
122,21,384,2374500,612,313,299
123,21,384,2374600,555,284,271
124,21,384,2374700,214,100,114
125,21,384,2374800,246,117,129
126,21,384,2374900,365,189,176
127,21,384,2375000,227,108,119
128,21,384,2375100,776,384,392
129,21,384,2375200,288,137,151
130,21,384,2375300,220,116,104
131,21,384,2375400,753,364,389
132,21,384,2375500,233,109,124
133,21,384,2375600,877,442,435
134,21,384,2375700,432,216,216
135,21,384,2375800,1908,992,916
136,21,384,2375900,0,0,0
137,21,384,2376000,316,173,143
138,21,384,2376100,1007,508,499
139,21,384,2376200,0,0,0
140,21,384,2376300,1234,638,596
141,21,384,2376400,107,50,57
142,21,384,2376500,132,77,55
143,21,384,2376600,0,0,0
144,21,384,2376700,0,0,0
145,21,384,2376800,0,0,0
146,21,384,2376900,0,0,0
147,21,384,2377000,0,0,0
148,21,384,2377100,0,0,0
149,21,384,2377200,54,25,29
150,21,384,2377300,0,0,0
151,21,384,2377400,0,0,0
152,21,384,2377500,0,0,0
153,21,384,2377600,0,0,0
154,21,384,2377700,0,0,0
155,21,384,2377800,0,0,0
156,21,384,2377900,0,0,0
157,21,384,2378000,160,74,86
158,21,384,2378100,2269,1143,1126
159,21,384,2378200,186,87,99
160,21,384,2378300,410,200,210
161,21,384,2378400,415,226,189
162,21,384,2378500,2062,1042,1020
163,21,384,2378600,435,224,211
164,21,384,2378700,393,188,205
165,21,384,2378800,98,51,47
166,21,384,2378900,435,208,227
167,21,384,2379000,175,88,87
168,21,384,2379100,0,0,0
169,21,384,2379200,0,0,0
170,21,384,2379300,0,0,0
171,21,384,2379400,0,0,0
172,21,384,2379500,0,0,0
173,21,384,2379600,0,0,0
174,21,384,2379700,0,0,0
175,21,384,2379800,473,232,241
176,21,384,2379900,492,240,252
177,21,384,2380000,517,258,259
178,21,384,2380100,267,138,129
179,21,384,2380200,443,225,218
180,21,384,2380300,40,25,15
181,21,384,2380400,503,241,262
182,21,384,2380500,43,20,23
183,21,384,2380600,505,245,260
184,21,384,2380700,0,0,0
185,21,384,2380800,784,387,397
186,21,384,2380900,332,170,162
187,21,384,2381000,453,246,207
188,21,384,2381100,338,172,166
189,21,384,2381200,259,113,146
190,21,384,2381300,0,0,0
191,21,384,2381400,22,10,12
192,21,384,2381500,608,303,305
193,21,384,2381600,0,0,0
194,21,384,2381700,191,99,92
195,21,384,2381800,739,375,364
196,21,384,2381900,838,423,415
197,21,384,2382000,616,296,320
198,21,384,2382100,119,63,56
199,21,384,2382200,249,135,114
200,21,384,2382300,22,12,10
201,21,384,2382400,219,100,119
202,21,384,2382500,121,63,58
203,21,384,2382600,1,1,0
204,21,384,2382700,1041,529,512
205,21,384,2382800,50,30,20
206,21,384,2382900,215,102,113
207,21,384,2383000,891,439,452
208,21,384,2383100,270,136,134
209,21,384,2383200,981,489,492
210,21,384,2383300,0,0,0
211,21,384,2383400,62,33,29
212,21,384,2383500,2169,1034,1135
213,21,384,2383600,1624,802,822
214,21,384,2383700,321,160,161
215,21,384,2383800,289,132,157
216,21,384,2383900,498,254,244
217,21,384,2384000,140,64,76
218,21,384,2384100,363,189,174
219,21,384,2384200,740,358,382
220,21,384,2384300,845,421,424
221,21,384,2384400,120,67,53
222,21,384,2384500,182,88,94
223,21,384,2384600,223,115,108
224,21,384,2384700,908,446,462
225,21,384,2384800,0,0,0
226,21,384,2384900,248,121,127
227,21,384,2385000,377,184,193
228,21,384,2385100,441,216,225
229,21,384,2385200,2220,1133,1087
230,21,384,2385300,129,62,67
231,21,384,2385400,641,321,320
232,21,384,2385500,770,423,347
233,21,384,2385600,170,86,84
234,21,384,2385700,303,151,152
235,21,384,2385800,0,0,0
236,21,384,2385900,63,33,30
237,21,384,2386000,389,196,193
238,21,384,2386100,13,6,7
239,21,384,2386200,864,431,433
240,21,384,2386300,0,0,0
241,21,384,2386400,265,126,139
242,21,384,2386500,17,11,6
243,21,384,2386600,0,0,0
244,21,384,2386700,410,243,167
245,21,384,2386800,92,52,40
246,21,384,2386900,1588,832,756
247,21,384,2387000,0,0,0
248,21,384,2387100,532,282,250
249,21,384,2387200,2283,1157,1126
250,21,384,2387300,176,93,83
251,21,384,2387400,657,340,317
252,21,384,2387500,2342,1190,1152
253,21,384,2387600,10,2,8
254,21,384,2387700,303,150,153
255,21,384,2387800,0,0,0
256,21,384,2387900,225,113,112
257,21,384,2388000,658,339,319
258,21,384,2388100,263,129,134
259,21,384,2388200,682,350,332
260,21,384,2388300,69,27,42
261,21,384,2388400,529,265,264
262,21,384,2388500,375,205,170
263,21,384,2388600,0,0,0
264,21,384,2388700,175,96,79
265,21,384,2388800,749,349,400
266,21,384,2388900,347,166,181
267,21,384,2389000,132,68,64
268,21,384,2389100,1366,700,666
269,21,384,2389200,577,289,288
270,21,384,2389300,1306,677,629
271,21,384,2389400,211,109,102
272,21,384,2389500,368,186,182
273,21,384,2389600,754,370,384
274,21,384,2389700,386,204,182
275,21,384,2389800,339,160,179
276,21,384,2389900,1141,583,558
277,21,384,2390000,515,269,246
278,21,384,2390100,0,0,0
279,21,384,2390200,0,0,0
280,21,384,2390300,530,267,263
281,21,384,2390400,90,53,37
282,21,384,2390500,0,0,0
283,21,384,2390600,0,0,0
284,21,384,2390700,573,289,284
285,21,384,2390800,63,32,31
286,21,384,2390900,317,177,140
287,21,384,2391000,470,235,235
288,21,384,2391100,1,0,1
289,21,384,2391200,455,229,226
290,21,384,2391300,0,0,0
291,21,384,2391400,21,13,8
292,21,384,2391500,330,173,157
293,21,384,2391600,0,0,0
294,21,384,2391700,635,327,308
295,21,384,2391800,15,7,8
296,21,384,2391900,145,67,78
297,21,384,2392000,0,0,0
298,21,384,2392100,505,252,253
299,21,384,2392200,168,93,75
300,21,384,2392300,389,183,206
301,21,384,2392400,115,56,59
302,21,384,2392500,179,88,91
303,21,384,2392600,1701,852,849
304,21,384,2392700,8,5,3
305,21,384,2392800,7,3,4
306,21,384,2392900,398,191,207
307,21,384,2393000,265,140,125
308,21,384,2393100,0,0,0
309,21,384,2393200,1118,572,546
310,21,384,2393300,695,354,341
311,21,384,2393400,251,130,121
312,21,384,2393500,512,253,259
313,21,384,2393600,231,121,110
314,21,384,2393700,242,125,117
315,21,384,2393800,335,183,152
316,21,384,2393900,0,0,0
317,21,384,2394000,1622,850,772
318,21,384,2394100,465,234,231
319,21,384,2394200,305,145,160
320,21,384,2394300,629,305,324
321,21,384,2394400,204,105,99
322,21,384,2394500,422,214,208
323,21,384,2394600,64,32,32
324,21,384,2394700,254,129,125
325,21,384,2394800,1025,509,516
326,21,384,2394900,0,0,0
327,21,384,2395000,1758,892,866
328,21,384,2395100,2951,1521,1430
329,21,384,2395200,77,41,36
330,21,384,2395300,797,388,409
331,21,384,2395400,1283,702,581
332,21,384,2395500,612,318,294
333,21,384,2395600,349,179,170
334,21,384,2395700,0,0,0
335,21,384,2395800,671,338,333
336,21,384,2395900,681,385,296
337,21,384,2396000,300,149,151
338,21,384,2396100,839,516,323
339,21,384,2398900,96,44,52
340,21,384,2396200,59,32,27
341,21,384,2396300,998,525,473
342,21,384,2396400,831,435,396
343,21,384,2396500,981,487,494
344,21,384,2396600,813,421,392
345,21,384,2396700,1253,638,615
346,21,384,2396800,308,151,157
347,21,384,2396900,817,405,412
348,21,384,2397000,1282,646,636
349,21,384,2397100,0,0,0
350,21,384,2397200,258,127,131
351,21,384,2397300,232,119,113
352,21,384,2397400,335,172,163
353,21,384,2397500,1998,1026,972
354,21,384,2397600,91,49,42
355,21,384,2397700,1878,990,888
356,21,384,2397800,0,0,0
357,21,384,2397900,99,53,46
358,21,384,2398000,601,277,324
359,21,384,2398100,1371,706,665
360,21,384,2398200,3501,1795,1706
361,21,384,2398300,509,259,250
362,21,384,2398400,242,118,124
363,21,384,2398500,915,459,456
364,21,384,2398600,0,0,0
365,21,384,2398700,0,0,0
366,21,384,2398800,652,356,296
367,21,384,2399000,124,58,66
368,21,384,2399100,574,279,295
369,21,384,2399200,125,60,65
370,21,384,2399300,0,0,0
371,21,384,2399400,524,261,263
372,21,384,2399500,65,34,31
373,21,384,2399600,99,55,44
374,21,384,2399700,94,49,45
375,21,384,2399800,0,0,0
376,21,384,2399900,125,61,64
377,21,384,2400000,4,3,1
378,21,384,2400100,0,0,0
379,21,384,2400200,581,292,289
380,21,384,2400300,594,292,302
381,21,384,2400400,347,181,166
382,21,384,2400500,100,49,51
383,21,384,2400600,2034,1063,971
384,21,384,2400700,1211,639,572
385,21,384,2400800,800,407,393
386,21,384,2400900,1333,696,637
387,21,384,2401000,0,0,0
388,21,384,2401100,1760,890,870
389,21,384,2401200,261,132,129
390,21,384,2401300,294,157,137
391,21,384,2401400,336,176,160
392,21,384,2401500,830,435,395
393,21,384,2401600,365,196,169
394,21,384,2401700,0,0,0
395,21,384,2401800,87,39,48
396,21,384,2401900,72,45,27
397,21,384,2402000,503,243,260
398,21,384,2402100,0,0,0
399,21,384,2402200,216,100,116
400,21,384,2402300,627,316,311
401,21,384,2402400,1379,731,648
402,21,384,2402500,0,0,0
403,21,384,2402600,3140,1687,1453
404,21,384,2402700,0,0,0
405,21,384,2402800,541,255,286
406,21,384,2402900,676,355,321
407,21,384,2403000,0,0,0
408,21,384,2403100,202,108,94
409,21,384,2403200,301,159,142
410,21,384,2403300,274,137,137
411,21,384,2403400,0,0,0
412,21,384,2403500,0,0,0
413,21,384,2403600,169,84,85
414,21,384,2403700,473,252,221
415,21,384,2403800,208,103,105
416,21,384,2403900,786,411,375
417,21,384,2404000,0,0,0
418,21,384,2404100,643,345,298
419,21,384,2404200,0,0,0
420,21,384,2404300,776,422,354
421,21,384,2404400,0,0,0
422,21,384,2404500,2047,1042,1005
423,21,384,2404600,327,177,150
424,21,384,2404700,726,374,352
425,21,384,2404800,677,360,317
426,21,384,2404900,0,0,0
427,21,384,2405000,2088,1098,990
428,21,384,2405100,734,375,359
429,21,384,2405200,499,244,255
430,21,384,2405300,0,0,0
431,21,384,2405400,0,0,0
432,21,384,2405500,0,0,0
433,21,384,2405600,1261,629,632
434,21,384,2405700,244,132,112
435,21,384,2405800,507,274,233
436,21,384,2405900,184,100,84
437,21,384,2406000,2339,1211,1128
438,21,384,2406100,145,83,62
439,21,384,2406200,433,230,203
440,21,384,2406300,143,74,69
441,21,384,2406400,226,109,117
442,21,384,2406500,2350,1172,1178
443,21,384,2406600,1365,683,682
444,21,384,2406700,1185,641,544
445,21,384,2406800,131,67,64
446,21,384,2406900,538,280,258
447,21,384,2407000,370,184,186
448,21,384,2407100,221,124,97
449,21,384,2407200,0,0,0
450,21,384,2407300,897,486,411
451,21,384,2407400,0,0,0
452,21,384,2407500,1306,673,633
453,21,384,2407600,716,370,346
454,21,384,2407700,406,198,208
455,21,384,2407800,292,145,147
456,21,384,2407900,969,496,473
457,21,384,2408000,384,194,190
458,21,384,2408100,0,0,0
459,21,384,2408200,189,97,92
460,21,384,2408300,350,169,181
461,21,384,2408400,1936,987,949
462,21,384,2408500,368,191,177
463,21,384,2408600,60,33,27
464,21,384,2417300,24,15,9
465,21,384,2408700,2,2,0
466,21,384,2408800,119,58,61
467,21,384,2408900,391,198,193
468,21,384,2409000,0,0,0
469,21,384,2409100,0,0,0
470,21,384,2409200,0,0,0
471,21,384,2409300,0,0,0
472,21,384,2409400,0,0,0
473,21,384,2409500,815,395,420
474,21,384,2409600,1556,813,743
475,21,384,2409700,1116,563,553
476,21,384,2409800,65,32,33
477,21,384,2409900,2555,1349,1206
478,21,384,2410000,144,80,64
479,21,384,2410100,326,176,150
480,21,384,2410200,1974,1010,964
481,21,384,2410300,2726,1407,1319
482,21,384,2410400,0,0,0
483,21,384,2410500,594,331,263
484,21,384,2410600,0,0,0
485,21,384,2410700,1049,558,491
486,21,384,2410800,252,137,115
487,21,384,2410900,2134,1177,957
488,21,384,2411000,3489,1928,1561
489,21,384,2411100,391,215,176
490,21,384,2411200,367,194,173
491,21,384,2411300,41,21,20
492,21,384,2411400,693,363,330
493,21,384,2411500,36,18,18
494,21,384,2411600,1645,840,805
495,21,384,2411700,665,351,314
496,21,384,2411800,4242,2128,2114
497,21,384,2411900,0,0,0
498,21,384,2412000,1740,884,856
499,21,384,2412100,225,103,122
500,21,384,2412200,0,0,0
501,21,384,2412300,43,25,18
502,21,384,2412400,444,213,231
503,21,384,2412500,165,89,76
504,21,384,2412600,348,186,162
505,21,384,2412700,316,164,152
506,21,384,2412800,0,0,0
507,21,384,2412900,787,403,384
508,21,384,2413000,1382,707,675
509,21,384,2413100,526,267,259
510,21,384,2413200,1153,586,567
511,21,384,2413300,226,116,110
512,21,384,2413400,0,0,0
513,21,384,2413500,773,383,390
514,21,384,2413600,2154,1109,1045
515,21,384,2413700,1192,608,584
516,21,384,2413800,1784,899,885
517,21,384,2413900,121,62,59
518,21,384,2414000,0,0,0
519,21,384,2414100,53,33,20
520,21,384,2414200,231,120,111
521,21,384,2414300,226,112,114
522,21,384,2414400,18,5,13
523,21,384,2414500,127,65,62
524,21,384,2414600,481,235,246
525,21,384,2414700,2,2,0
526,21,384,2414800,3102,1558,1544
527,21,384,2414900,17,7,10
528,21,384,2415000,815,406,409
529,21,384,2415100,0,0,0
530,21,384,2415200,258,137,121
531,21,384,2415300,0,0,0
532,21,384,2415400,1107,558,549
533,21,384,2415500,1529,806,723
534,21,384,2415600,577,289,288
535,21,384,2415700,0,0,0
536,21,384,2415800,1936,950,986
537,21,384,2415900,0,0,0
538,21,384,2416000,629,321,308
539,21,384,2416100,302,154,148
540,21,384,2416200,17,6,11
541,21,384,2416300,883,457,426
542,21,384,2416400,791,423,368
543,21,384,2416500,4618,2504,2114
544,21,384,2416600,0,0,0
545,21,384,2416700,733,368,365
546,21,384,2416800,156,81,75
547,21,384,2416900,32,14,18
548,21,384,2417000,426,219,207
549,21,384,2417100,930,489,441
550,21,384,2417200,566,292,274
551,21,384,2417400,0,0,0
552,21,384,2417500,328,163,165
553,21,384,2417600,575,309,266
554,21,384,2417700,975,489,486
555,21,384,2417800,1,1,0
556,21,384,2417900,614,319,295
557,21,384,2418000,0,0,0
558,21,384,2418100,0,0,0
559,21,384,2418200,3114,1607,1507
560,21,384,2418300,244,127,117
561,21,384,2418400,91,44,47
562,21,384,2418500,395,200,195
563,21,384,2418600,185,103,82
564,21,384,2418700,461,242,219
565,21,384,2418800,92,43,49
566,21,384,2418900,930,484,446
567,21,384,2419000,0,0,0
568,21,384,2419100,0,0,0
569,21,384,2419200,0,0,0
570,21,384,2419300,202,91,111
571,21,384,2419400,982,506,476
572,21,384,2419500,65,31,34
573,21,384,2419600,60,36,24
574,21,384,2419700,639,334,305
575,21,384,2419800,87,40,47
576,21,384,2419900,0,0,0
577,21,384,2420000,0,0,0
578,21,384,2420100,0,0,0
579,21,384,2420200,651,384,267
580,21,384,2420300,306,203,103
581,21,384,2420400,1090,700,390
582,21,384,2420500,11,7,4
583,21,384,2420600,0,0,0
584,21,384,2420700,2540,1336,1204
585,21,384,2420800,0,0,0
586,21,384,2420900,1280,650,630
587,21,384,2421000,56,29,27
588,21,384,2421100,44,22,22
589,21,384,2421200,0,0,0
590,21,384,2421300,621,327,294
591,21,384,2421400,0,0,0
592,21,384,2421500,221,117,104
593,21,384,2421600,551,307,244
594,21,384,2421700,70,35,35
595,21,384,2421800,1203,632,571
596,21,384,2421900,5,5,0
597,21,384,2422000,65,33,32
598,21,384,2422100,0,0,0
599,21,384,2422200,1162,610,552
600,21,384,2422300,0,0,0
601,21,384,2422400,0,0,0
602,21,384,2422500,0,0,0
603,21,384,2422600,7,7,0
604,21,384,2422700,0,0,0
605,21,384,2422800,0,0,0
606,21,384,2422900,795,423,372
607,21,384,2423000,17,10,7
608,21,384,2423100,27,11,16
609,21,384,2423200,0,0,0
610,21,384,2423300,131,78,53
611,21,384,2423400,132,72,60
612,21,384,2423500,140,72,68
613,21,384,2423600,0,0,0
614,21,384,2423700,336,172,164
615,21,384,2423800,969,491,478
616,21,384,2423900,476,233,243
617,21,384,2424000,12,5,7
618,21,384,2424100,829,433,396
619,21,384,2424200,0,0,0
620,21,384,2424300,0,0,0
621,21,384,2424400,4291,2218,2073
622,21,384,2424500,79,50,29
623,21,384,2424600,29,16,13
624,21,384,2424700,0,0,0
625,21,384,2424800,84,44,40
626,21,384,2424900,441,226,215
627,21,384,2425000,21,11,10
628,21,384,2425100,40,20,20
629,21,384,2425200,0,0,0
630,21,384,2425300,115,59,56
631,21,384,2425400,135,74,61
632,21,384,2425500,106,55,51
633,21,384,2425600,1162,574,588
634,21,384,2425700,786,392,394
635,21,384,2425800,311,157,154
636,21,384,2425900,25,14,11
637,21,384,2426000,43,22,21
638,21,384,2426100,127,56,71
639,21,384,2426200,75,30,45
640,21,384,2426300,574,268,306
641,21,384,2426400,0,0,0
642,21,384,2426500,1249,667,582
643,21,384,2426600,413,204,209
644,21,384,2426700,106,50,56
645,21,384,2426800,1242,652,590
646,21,384,2426900,1265,643,622
647,21,384,2427000,288,164,124
648,21,384,2427100,154,79,75
649,21,384,2427200,1175,615,560
650,21,384,2427300,0,0,0
651,21,384,2427400,639,331,308
652,21,384,2427500,0,0,0
653,21,384,2427600,1782,916,866
654,21,384,2427700,33,14,19
655,21,384,2427800,1952,1026,926
656,21,384,2427900,898,480,418
657,21,384,2428000,58,32,26
658,21,384,2428100,39,18,21
659,21,384,2428200,0,0,0
660,21,384,2428300,346,177,169
661,21,384,2428400,3183,1695,1488
662,21,384,2428500,488,259,229
663,21,384,2428600,568,301,267
664,21,384,2428700,1299,671,628
665,21,384,2428800,760,403,357
666,21,384,2428900,497,256,241
667,21,384,2429000,0,0,0
668,21,384,2429100,0,0,0
669,21,384,2429200,1247,671,576
670,21,384,2429300,1293,735,558
671,21,384,2429400,1339,722,617
672,21,384,2429500,445,227,218
673,21,384,2429600,679,348,331
674,21,384,2429700,472,253,219
675,21,384,2429800,0,0,0
676,21,384,2429900,0,0,0
677,21,384,2430000,0,0,0
678,21,384,2430100,261,120,141
679,21,384,2430200,3510,1819,1691
680,21,384,2430300,181,89,92
681,21,384,2430400,0,0,0
682,21,384,2430500,253,126,127
683,21,384,2430600,12,7,5
684,21,384,2430700,525,270,255
685,21,384,2430800,682,362,320
686,21,384,2430900,499,256,243
687,21,384,2431000,702,362,340
688,21,384,2431100,836,431,405
689,21,384,2431200,0,0,0
690,21,384,2431300,2216,1148,1068
691,21,384,2431400,0,0,0
692,21,384,2431500,432,214,218
693,21,384,2431600,118,51,67
694,21,384,2431700,182,87,95
695,21,384,2431800,3716,1937,1779
696,21,384,2431900,58,27,31
697,21,384,2432000,84,42,42
698,21,384,2432100,1316,678,638
699,21,384,2432200,132,69,63
700,21,384,2432300,119,70,49
701,21,384,2432400,284,150,134
702,21,384,2432500,0,0,0
703,21,384,2432600,1489,758,731
704,21,384,2432700,41,15,26
705,21,384,2432800,946,480,466
706,21,384,2432900,710,376,334
707,21,384,2433000,0,0,0
708,21,384,2433100,0,0,0
709,21,384,2433200,0,0,0
710,21,384,2433300,0,0,0
711,21,384,2433400,0,0,0
712,21,384,2433500,0,0,0
713,21,384,2433600,0,0,0
714,21,384,2433700,0,0,0
715,21,384,2433800,51,51,0
716,21,384,2433900,4491,2308,2183
717,21,384,2434000,0,0,0
718,21,384,2434100,1453,827,626
719,21,384,2434200,93,56,37
720,21,384,2434300,6,6,0
721,21,384,2434400,422,236,186
722,21,384,2434500,2959,1576,1383
723,21,384,2434600,56,24,32
724,21,384,2434700,59,33,26
725,21,384,2434800,278,155,123
726,21,384,2434900,512,281,231
727,21,384,2435000,4868,2616,2252
728,21,384,2435100,1127,614,513
729,21,384,2435200,127,70,57
730,21,384,2435300,2600,1329,1271
731,21,384,2435400,846,443,403
732,21,384,2435500,3685,1975,1710
733,21,384,2435600,68,43,25
734,21,384,2435700,1300,719,581
735,21,384,2435800,0,0,0
736,21,384,2435900,2411,1335,1076
737,21,384,2436000,2068,1050,1018
738,21,384,2436100,530,290,240
739,21,384,2436200,1449,729,720
740,21,384,2436300,2105,1086,1019
741,21,384,2436400,7,4,3
742,21,384,2436500,8313,4348,3965
743,21,384,2436600,598,328,270
744,21,384,2436700,3215,1764,1451
745,21,384,2436800,0,0,0
746,21,384,2436900,40,17,23
747,21,384,2437000,1575,827,748
748,21,384,2437100,6592,3625,2967
749,21,384,2437200,2165,1126,1039
750,21,384,2437300,1100,584,516
751,21,384,2437400,4675,2621,2054
752,21,384,2437500,880,467,413
753,21,384,2437600,615,334,281
754,21,384,2437700,465,241,224
755,21,384,2437800,0,0,0
756,21,384,2437900,253,119,134
757,21,384,2438000,101,53,48
758,21,384,2438100,664,338,326
759,21,384,2438200,1495,768,727
760,21,384,2438300,0,0,0
761,21,384,2438400,18,10,8
762,21,384,2438500,0,0,0
763,21,384,2438600,620,303,317
764,21,384,2438700,0,0,0
765,21,384,2438800,0,0,0
766,21,384,2438900,140,63,77
767,21,384,2439000,861,457,404
768,21,384,2439100,216,112,104
769,21,384,2439200,322,159,163
770,21,384,2439300,0,0,0
771,21,384,2439400,72,34,38
772,21,384,2439500,734,383,351
773,21,384,2439600,5822,2906,2916
774,21,384,2439700,541,279,262
775,21,384,2439800,6960,3671,3289
776,21,384,2439900,2624,1368,1256
777,21,384,2440000,0,0,0
778,21,384,2440100,1619,899,720
779,21,384,2440200,5247,2707,2540
780,21,384,2440300,412,219,193
781,21,384,2440400,325,164,161
782,21,384,2440500,455,229,226
783,21,384,2440600,400,197,203
784,21,384,2440700,370,192,178
785,21,384,2440800,695,373,322
786,21,384,2440900,419,221,198
787,21,384,2441000,911,445,466
788,21,384,2441100,974,487,487
789,21,384,2441200,3884,2017,1867
790,21,384,2441300,0,0,0
791,21,384,2441400,175,99,76
792,21,384,2441500,3052,1573,1479
793,21,384,2441600,0,0,0
794,21,384,2441700,7219,3631,3588
795,21,384,2441800,1181,585,596
796,21,384,2441900,300,163,137
797,21,384,2442000,0,0,0
798,21,384,2442100,0,0,0
799,21,384,2442200,1205,621,584
800,21,384,2442300,1533,763,770
801,21,384,2442400,1658,823,835
802,21,384,2442500,439,221,218
803,21,384,2442600,261,147,114
804,21,384,2442700,492,239,253
805,21,384,2442800,2069,1043,1026
806,21,384,2442900,2012,1002,1010
807,21,384,2443000,40,18,22
808,21,384,2443100,620,325,295
809,21,384,2443200,357,169,188
810,21,384,2443300,551,269,282
811,21,384,2443400,127,64,63
812,21,384,2443500,0,0,0
813,21,384,2443600,0,0,0
814,21,384,2443700,298,154,144
815,21,384,2443800,278,135,143
816,21,384,2443900,372,182,190
817,21,384,2444000,4298,2172,2126
818,21,384,2444100,1745,823,922
819,21,384,2444200,140,58,82
820,21,384,2444300,1838,976,862
821,21,384,2444400,0,0,0
822,21,384,2444500,112,56,56
823,21,384,2444600,0,0,0
824,21,384,2444700,0,0,0
825,21,384,2444800,305,158,147
826,21,384,2444900,1287,623,664
827,21,384,2445000,4123,2058,2065
828,21,384,2445100,1659,872,787
829,21,384,2445200,0,0,0
830,21,384,2445300,2672,1416,1256
831,21,384,2445400,186,100,86
832,21,384,2445500,132,69,63
833,21,384,2445600,137,69,68
834,21,384,2445700,89,48,41
835,21,384,2445800,0,0,0
836,21,384,2445900,593,296,297
837,21,384,2446000,451,249,202
838,21,384,2446100,3061,1598,1463
839,21,384,2446200,962,491,471
840,21,384,2446300,2091,1041,1050
841,21,384,2446400,1221,615,606
842,21,384,2446500,375,195,180
843,21,384,2446600,208,98,110
844,21,384,2446700,588,308,280
845,21,384,2446800,577,292,285
846,21,384,2446900,3732,1917,1815
847,21,384,2447000,735,378,357
848,21,384,2447100,0,0,0
849,21,384,2447200,737,382,355
850,21,384,2447300,574,281,293
851,21,384,2447400,173,93,80
852,21,384,2447500,2456,1273,1183
853,21,384,2447600,212,115,97
854,21,384,2447700,63,37,26
855,21,384,2447800,163,86,77
856,21,384,2447900,1308,667,641
857,21,384,2448000,10,3,7
858,21,384,2448100,153,74,79
859,21,384,2448200,1953,1039,914
860,21,384,2448300,1137,600,537
861,21,384,2448400,5647,2927,2720
862,21,384,2448500,5963,3077,2886
863,21,384,2448600,2676,1388,1288
864,21,384,2448700,1181,635,546
865,21,384,2448800,4415,2297,2118
866,21,384,2448900,936,488,448
867,21,384,2449000,940,489,451
868,21,384,2449100,521,263,258
869,21,384,2449200,848,430,418
870,21,384,2449300,5,3,2
871,21,384,2449400,852,438,414
872,21,384,2449500,849,421,428
873,21,384,2449600,836,403,433
874,21,384,2449700,755,375,380
875,21,384,2449800,858,434,424
876,21,384,2449900,2059,1065,994
877,21,384,2450000,3987,2092,1895
878,21,384,2450100,1596,804,792
879,21,384,2450200,369,187,182
880,21,384,2450300,2153,1153,1000
881,21,384,2450400,1725,868,857
882,21,384,2450500,1668,857,811
883,21,384,2450600,0,0,0
884,21,384,2450700,2434,1258,1176
885,21,384,2450800,147,84,63
886,21,384,2450900,563,293,270
887,21,384,2451000,213,116,97
888,21,384,2451100,1395,716,679
889,21,384,2451200,1251,670,581
890,21,384,2451300,822,402,420
891,21,384,2451400,567,303,264
892,21,384,2451500,1972,1003,969
893,21,384,2451600,10,6,4
894,21,384,2451700,872,436,436
895,21,384,2451800,37,17,20
896,21,384,2451900,8,5,3
897,21,384,2452000,413,220,193
898,21,384,2452100,2338,1197,1141
899,21,384,2452200,444,235,209
900,21,384,2452300,826,410,416
901,21,384,2452400,89,43,46
902,21,384,2452500,3372,1733,1639
903,21,384,2452600,2654,1358,1296
904,21,384,2452700,3248,1595,1653
905,21,384,2452800,1460,745,715
906,21,384,2452900,233,98,135
907,21,384,2453000,267,130,137
908,21,384,2453100,329,168,161
909,21,384,2453200,670,353,317
910,21,384,2453300,854,431,423
911,21,384,2453400,401,213,188
912,21,384,2453500,23,13,10
913,21,384,2453600,262,135,127
914,21,384,2453700,35,17,18
915,21,384,2453800,53,29,24
916,21,384,2453900,164,82,82
917,21,384,2454000,3695,1850,1845
918,21,384,2454100,0,0,0
919,21,384,2454200,1333,692,641
920,21,384,2454300,2225,1141,1084
921,21,384,2454400,0,0,0
922,21,384,2454500,185,94,91
923,21,384,2454600,1033,535,498
924,21,384,2454700,1211,612,599
925,21,384,2454800,622,315,307
926,21,384,2454900,0,0,0
927,21,384,2455000,45,23,22
928,21,384,2455100,27,14,13
929,21,384,2455200,160,82,78
930,21,384,2455300,426,225,201
931,21,384,2455400,12,4,8
932,21,384,2455500,167,77,90
933,21,384,2455600,0,0,0
934,21,384,2455700,535,255,280
935,21,384,2455800,356,192,164
936,21,384,2455900,769,388,381
937,21,384,2456000,941,497,444
938,21,384,2456100,434,207,227
939,21,384,2456200,1068,553,515
940,21,384,2456300,886,473,413
941,21,384,2456400,1147,585,562
942,21,384,2456500,338,174,164
943,21,384,2456600,920,481,439
944,21,384,2456700,1636,829,807
945,21,384,2456800,1008,519,489
946,21,384,2456900,469,256,213
947,21,384,2457000,1008,525,483
948,21,384,2457100,788,420,368
949,21,384,2457200,181,91,90
950,21,384,2457300,953,472,481
951,21,384,2457400,46,25,21
952,21,384,2457500,29,18,11
953,21,384,2457600,638,324,314
954,21,384,2457700,24,13,11
955,21,384,2457800,1078,541,537
956,21,384,2457900,1133,587,546
957,21,384,2458000,1040,536,504
958,21,384,2458100,769,382,387
959,21,384,2458200,77,41,36
960,21,384,2458300,360,164,196
961,21,384,2458400,286,146,140
962,21,384,2458500,558,270,288
963,21,384,2458600,11,4,7
964,21,384,2458700,577,282,295
965,21,384,2458800,2312,1134,1178
966,21,384,2458900,4267,2187,2080
967,21,384,2459000,5,3,2
968,21,384,2459100,657,350,307
969,21,384,2459200,781,397,384
970,21,384,2459300,638,327,311
971,21,384,2459400,1267,690,577
972,21,384,2459500,2412,1229,1183
973,21,384,2459600,2054,1034,1020
974,21,384,2459700,3573,1833,1740
975,21,384,2459800,87,42,45
976,21,384,2459900,0,0,0
977,21,384,2460000,219,99,120
978,21,384,2460100,140,75,65
979,21,384,2460200,833,411,422
980,21,384,2460300,2162,1069,1093
981,21,384,2460400,177,87,90
982,21,384,2460500,2015,1016,999
983,21,384,2460600,941,473,468
984,21,384,2460700,387,201,186
985,21,384,2460800,225,121,104
986,21,384,2460900,1925,947,978
987,21,384,2461000,513,262,251
988,21,384,2461100,2238,1125,1113
989,21,384,2461200,893,450,443
990,21,384,2461300,118,59,59
991,21,384,2461400,1032,488,544
992,21,384,2461500,2964,1470,1494
993,21,384,2461600,527,253,274
994,21,384,2461700,358,186,172
995,21,384,2461800,200,99,101
996,21,384,2461900,151,67,84
997,21,384,2462000,341,178,163
998,21,384,2462100,241,116,125
999,21,384,2462200,1128,574,554
1000,21,384,2462300,387,183,204
1001,21,384,2462400,457,229,228
1002,21,384,2462500,2039,1012,1027
1003,21,384,2462600,26,10,16
1004,21,384,2462700,0,0,0
1005,21,384,2462800,816,391,425
1006,21,384,2462900,501,244,257
1007,21,384,2463000,528,271,257
1008,21,384,2463100,924,453,471
1009,21,384,2463200,173,84,89
1010,21,384,2463300,1165,568,597
1011,21,384,2463400,1016,507,509
1012,21,384,2463500,398,207,191
1013,21,384,2463600,1,1,0
1014,21,384,2463700,359,173,186
1015,21,384,2463800,1583,813,770
1016,21,384,2463900,1283,651,632
1017,21,384,2464000,538,280,258
1018,21,384,2464100,211,89,122
1019,21,384,2464200,206,107,99
1020,21,384,2464300,0,0,0
1021,21,384,2464400,72,41,31
1022,21,384,2464500,840,416,424
1023,21,384,2464600,1366,696,670
1024,21,384,2464700,403,211,192
1025,21,384,2464800,144,70,74
1026,21,384,2464900,417,212,205
1027,21,384,2465000,714,379,335
1028,21,384,2465100,766,373,393
1029,21,384,2465200,134,63,71
1030,21,384,2465300,200,107,93
1031,21,384,2465400,0,0,0
1032,21,384,2465500,212,109,103
1033,21,384,2465600,270,141,129
1034,21,384,2465700,335,172,163
1035,21,384,2465800,422,207,215
1036,21,384,2465900,233,107,126
1037,21,384,2466000,0,0,0
1038,21,384,2466100,221,120,101
1039,21,384,2466200,262,136,126
1040,21,384,2466300,622,318,304
1041,21,384,2466400,1926,985,941
1042,21,384,2466500,313,141,172
1043,21,384,2466600,65,33,32
1044,21,384,2466700,511,271,240
1045,21,384,2466800,141,68,73
1046,21,384,2466900,1280,643,637
1047,21,384,2467000,448,234,214
1048,21,384,2467100,1007,511,496
1049,21,384,2467200,244,127,117
1050,21,384,2467300,651,340,311
1051,21,384,2467400,0,0,0
1052,21,384,2467500,263,127,136
1053,21,384,2467600,460,235,225
1054,21,384,2467700,84,39,45
1055,21,384,2467800,138,73,65
1056,21,384,2467900,138,63,75
1057,21,384,2468000,147,77,70
1058,21,384,2468100,588,303,285
1059,21,384,2468200,648,315,333
1060,21,384,2468300,210,105,105
1061,21,384,2468400,313,151,162
1062,21,384,2468500,0,0,0
1063,21,384,2468600,408,204,204
1064,21,384,2468700,78,33,45
1065,21,384,2468800,910,449,461
1066,21,384,2468900,294,137,157
1067,21,384,2469000,270,130,140
1068,21,384,2469100,60,34,26
1069,21,384,2469200,106,55,51
1070,21,384,2469300,195,89,106
1071,21,384,2469400,265,129,136
1072,21,384,2469500,73,31,42
1073,21,384,2469600,330,176,154
1074,21,384,2469700,54,27,27
1075,21,384,2469800,78,39,39
1076,21,384,2469900,191,105,86
1077,21,384,2470000,300,150,150
1078,21,384,2470100,556,282,274
1079,21,384,2470200,1308,697,611
1080,21,384,2470300,0,0,0
1081,21,384,2470400,279,119,160
1082,21,384,2470500,127,61,66
1083,21,384,2470600,2,2,0
1084,21,384,2470700,1,1,0
1085,21,384,2470800,111,61,50
1086,21,384,2470900,100,53,47
1087,21,384,2471000,32,17,15
1088,21,384,2471100,335,166,169
1089,21,384,2471200,82,39,43
1090,21,384,2471300,78,40,38
1091,21,384,2471400,484,248,236
1092,21,384,2471500,353,182,171
1093,21,384,2471600,855,450,405
1094,21,384,2471700,0,0,0
1095,21,384,2471800,495,238,257
1096,21,384,2471900,463,226,237
1097,21,384,2472000,144,67,77
1098,21,384,2472100,67,35,32
1099,21,384,2472200,189,94,95
1100,21,384,2472300,197,88,109
1101,21,384,2472400,0,0,0
1102,21,384,2472500,344,165,179
1103,21,384,2472600,764,394,370
1104,21,384,2472700,0,0,0
1105,21,384,2472800,308,139,169
1106,21,384,2472900,0,0,0
1107,21,384,2473000,3,3,0
1108,21,384,2473100,508,242,266
1109,21,384,2473200,859,441,418
1110,21,384,2473300,25,10,15
1111,21,384,2473400,2266,1122,1144
1112,21,384,2473500,0,0,0
1113,21,384,2473600,1829,933,896
1114,21,384,2473700,766,386,380
1115,21,384,2473800,2070,1050,1020
1116,21,384,2473900,2327,1154,1173
1117,21,384,2474000,373,191,182
1118,21,384,2474100,129,74,55
1119,21,384,2474200,321,160,161
1120,21,384,2474300,1803,921,882
1121,21,384,2474400,293,145,148
1122,21,384,2474500,358,183,175
1123,21,384,2474600,351,201,150
1124,21,384,2474700,1212,616,596
1125,21,384,2474800,24,10,14
1126,21,384,2474900,183,86,97
1127,21,384,2475000,1184,584,600
1128,21,384,2475100,1572,807,765
1129,21,384,2475200,414,214,200
1130,21,384,2475300,2344,1160,1184
1131,21,384,2475400,593,305,288
1132,21,384,2475500,249,120,129
1133,21,384,2475600,386,191,195
1134,21,384,2475700,317,165,152
1135,21,384,2475800,196,88,108
1136,21,384,2475900,1916,990,926
1137,21,384,2476000,77,40,37
1138,21,384,2476100,145,73,72
1139,21,384,2476200,936,457,479
1140,21,384,2476300,2292,1117,1175
1141,21,384,2476400,80,40,40
1142,21,384,2476500,54,33,21
1143,21,384,2476600,62,30,32
1144,21,384,2476700,941,481,460
1145,21,384,2476800,608,322,286
1146,21,384,2476900,2257,1141,1116
1147,21,384,2477000,91,44,47
1148,21,384,2477100,3897,1971,1926
1149,21,384,2477200,369,185,184
1150,21,384,2477300,3825,1916,1909
1151,21,384,2477400,0,0,0
1152,21,384,2477500,155,87,68
1153,21,384,2477600,2758,1388,1370
1154,21,384,2477700,1283,643,640
1155,21,384,2477800,3597,1726,1871
1156,21,384,2477900,25,8,17
1157,21,384,2478000,881,426,455
1158,21,384,2478100,364,178,186
1159,21,384,2478200,402,192,210
1160,21,384,2478300,1058,511,547
1161,21,384,2478400,1939,921,1018
1162,21,384,2478500,318,163,155
1163,21,384,2478600,2787,1366,1421
1164,21,384,2478700,764,395,369
1165,21,384,2478800,2738,1337,1401
1166,21,384,2478900,241,126,115
1167,21,384,2479000,294,149,145
1168,21,384,2479100,816,401,415
1169,21,384,2479200,559,258,301
1170,21,384,2479300,33,16,17
1171,21,384,2479400,1575,785,790
1172,21,384,2479500,137,71,66
1173,21,384,2479600,583,261,322
1174,21,384,2479700,912,490,422
1175,21,384,2479800,582,292,290
1176,21,384,2479900,0,0,0
1177,21,384,2480000,1164,578,586
1178,21,384,2480100,903,450,453
1179,21,384,2480200,1914,952,962
1180,21,384,2480300,324,163,161
1181,21,384,2480400,444,221,223
1182,21,384,2480500,296,147,149
1183,21,384,2480600,2054,1019,1035
1184,21,384,2480700,309,159,150
1185,21,384,2480800,20,11,9
1186,21,384,2480900,288,141,147
1187,21,384,2481000,1201,594,607
1188,21,384,2481100,229,117,112
1189,21,384,2481200,7,4,3
1190,21,384,2481300,4475,2287,2188
1191,21,384,2481400,827,430,397
1192,21,384,2481500,1858,950,908
1193,21,384,2481600,105,60,45
1194,21,384,2481700,860,444,416
1195,21,384,2481800,411,212,199
1196,21,384,2481900,88,49,39
1197,21,384,2482000,918,476,442
1198,21,384,2482100,1165,596,569
1199,21,384,2482200,493,260,233
1200,21,384,2482300,331,181,150
1201,21,384,2482400,924,450,474
1202,21,384,2482500,1317,664,653
1203,21,384,2482600,77,39,38
1204,21,384,2482700,800,406,394
1205,21,384,2482800,140,68,72
1206,21,384,2482900,427,212,215
1207,21,384,2483000,671,347,324
1208,21,384,2483100,859,446,413
1209,21,384,2483200,238,116,122
1210,21,384,2483300,674,328,346
1211,21,384,2483400,786,382,404
1212,21,384,2483500,53,26,27
1213,21,384,2483600,1303,623,680
1214,21,384,2483700,0,0,0
1215,21,384,2483800,610,302,308
1216,21,384,2483900,141,65,76
1217,21,384,2484000,272,139,133
1218,21,384,2484100,472,238,234
1219,21,384,2484200,278,139,139
1220,21,384,2484300,473,239,234
1221,21,384,2484400,915,458,457
1222,21,384,2484500,1,1,0
1223,21,384,2484600,467,227,240
1224,21,384,2484700,83,41,42
1225,21,384,2484800,213,109,104
1226,21,384,2484900,540,282,258
1227,21,384,2485000,827,415,412
1228,21,384,2485100,1534,765,769
1229,21,384,2485200,644,307,337
1230,21,384,2485300,248,131,117
1231,21,384,2485400,604,306,298
1232,21,384,2485500,158,101,57
1233,21,384,2485600,34,18,16
1234,21,384,2485700,1760,921,839
1235,21,384,2485800,265,143,122
1236,21,384,2485900,1415,729,686
1237,21,384,2486000,1496,762,734
1238,21,384,2486100,31,17,14
1239,21,384,2486200,230,116,114
1240,21,384,2486300,5783,2927,2856
1241,21,384,2486400,1469,734,735
1242,21,384,2486500,1069,549,520
1243,21,384,2486600,1192,615,577
1244,21,384,2486700,959,476,483
1245,21,384,2486800,524,281,243
1246,21,384,2486900,251,122,129
1247,21,384,2487000,993,497,496
1248,21,384,2487100,543,264,279
1249,21,384,2487200,2,2,0
1250,21,384,2487300,89,46,43
1251,21,384,2487400,2188,1126,1062
1252,21,384,2487500,807,431,376
1253,21,384,2487600,61,33,28
1254,21,384,2487700,948,489,459
1255,21,384,2487800,2182,1120,1062
1256,21,384,2487900,0,0,0
1257,21,384,2488000,529,267,262
1258,21,384,2488100,3558,1813,1745
1259,21,384,2488200,1699,843,856
1260,21,384,2488300,2081,1031,1050
1261,21,384,2488400,3037,1569,1468
1262,21,384,2488500,2266,1144,1122
1263,21,384,2488600,1851,972,879
1264,21,384,2488700,46,22,24
1265,21,384,2488800,1649,871,778
1266,21,384,2488900,235,146,89
1267,21,384,2489000,5479,2795,2684
1268,21,384,2489100,153,87,66
1269,21,384,2489200,0,0,0
1270,21,384,2489300,74,41,33
1271,21,384,2489400,13,7,6
1272,21,384,2489500,0,0,0
1273,21,384,2489600,0,0,0
1274,21,384,2489700,1997,1023,974
1275,21,384,2489800,0,0,0
1276,21,384,2489900,927,477,450
1277,21,384,2490000,0,0,0
1278,21,384,2490100,3073,1531,1542
1279,21,384,2490200,1306,648,658
1280,21,384,2490300,249,127,122
1281,21,384,2490400,716,369,347
1282,21,384,2490500,185,98,87
1283,21,384,2490600,137,79,58
1284,21,384,2490700,224,129,95
1285,21,384,2490800,860,445,415
1286,21,384,2490900,440,235,205
1287,21,384,2491000,1471,749,722
1288,21,384,2491100,1454,743,711
1289,21,384,2491200,168,78,90
1290,21,384,2491300,902,444,458
1291,21,384,2491400,1277,642,635
1292,21,384,2491500,714,354,360
1293,21,384,2491600,136,63,73
1294,21,384,2491700,129,65,64
1295,21,384,2491800,20,6,14
1296,21,384,2491900,683,349,334
1297,21,384,2492000,14,7,7
1298,21,384,2492100,721,383,338
1299,21,384,2492200,312,159,153
1300,21,384,2492300,3960,1991,1969
1301,21,384,2492400,606,309,297
1302,21,384,2492500,2071,1062,1009
1303,21,384,2492600,0,0,0
1304,21,384,2492700,253,128,125
1305,21,384,2492800,2,2,0
1306,21,384,2492900,588,301,287
1307,21,384,2493000,0,0,0
1308,21,384,2493100,212,107,105
1309,21,384,2493200,2345,1233,1112
1310,21,384,2493300,810,432,378
1311,21,384,2493400,5404,2794,2610
1312,21,384,2493500,227,110,117
1313,21,384,2493600,1176,595,581
1314,21,384,2493700,1766,895,871
1315,21,384,2493800,261,127,134
1316,21,384,2493900,0,0,0
1317,21,384,2494000,0,0,0
1318,21,384,2494100,886,452,434
1319,21,384,2494200,329,159,170
1320,21,384,2494300,338,177,161
1321,21,384,2494400,705,341,364
1322,21,384,2494500,53,24,29
1323,21,384,2494600,188,96,92
1324,21,384,2494700,378,191,187
1325,21,384,2494800,29,13,16
1326,21,384,2494900,113,52,61
1327,21,384,2495000,181,96,85
1328,21,384,2495100,175,90,85
1329,21,384,2495200,163,84,79
1330,21,384,2495300,140,74,66
1331,21,384,2495400,21,8,13
1332,21,384,2495500,0,0,0
1333,21,384,2495600,451,229,222
1334,21,384,2495700,334,157,177
1335,21,384,2495800,566,277,289
1336,21,384,2495900,416,205,211
1337,21,384,2496000,0,0,0
1338,21,384,2496100,65,32,33
1339,21,384,2496200,112,56,56
1340,21,384,2496300,0,0,0
1341,21,384,2496400,62,34,28
1342,21,384,2496500,337,167,170
1343,21,384,2496600,244,119,125
1344,21,384,2496700,1059,530,529
1345,21,384,2496800,81,39,42
1346,21,384,2496900,603,312,291
1347,21,384,2497000,964,572,392
1348,21,384,2497100,52,26,26
1349,21,384,2497200,676,343,333
1350,21,384,2497300,0,0,0
1351,21,384,2497400,248,119,129
1352,21,384,2497500,188,92,96
1353,21,384,2497600,220,107,113
1354,21,384,2497700,777,410,367
1355,21,384,2497800,374,185,189
1356,21,384,2497900,517,280,237
1357,21,384,2498000,117,60,57
1358,21,384,2498100,313,156,157
1359,21,384,2498200,93,52,41
1360,21,384,2498300,109,54,55
1361,21,384,2498400,255,137,118
1362,21,384,2498500,213,102,111
1363,21,384,2498600,813,413,400
1364,21,384,2498700,407,203,204
1365,21,384,2498800,117,58,59
1366,21,384,2498900,1934,1011,923
1367,21,384,2499000,0,0,0
1368,21,384,2499100,2,1,1
1369,21,384,2499200,58,29,29
1370,21,384,2499300,460,236,224
1371,21,384,2499400,0,0,0
1372,21,384,2499500,1388,726,662
1373,21,384,2499600,115,60,55
1374,21,384,2499700,536,236,300
1375,21,384,2499800,535,253,282
1376,21,384,2499900,440,224,216
1377,21,384,2500000,692,357,335
1378,21,384,2500100,1489,773,716
1379,21,384,2500200,325,170,155
1380,21,384,2500300,2143,1190,953
1381,21,384,2500400,372,184,188
1382,21,384,2500500,360,179,181
1383,21,384,2500600,2714,1410,1304
1384,21,384,2500700,240,119,121
1385,21,384,2500800,612,312,300
1386,21,384,2500900,326,172,154
1387,21,384,2501000,2276,1118,1158
1388,21,384,2501100,767,383,384
1389,21,384,2501200,577,281,296
1390,21,384,2501300,369,188,181
1391,21,384,2501400,422,206,216
1392,21,384,2501500,0,0,0
1393,21,384,2501600,772,381,391
1394,21,384,2501700,339,167,172
1395,21,384,2501800,0,0,0
1396,21,384,2501900,926,459,467
1397,21,384,2502000,425,219,206
1398,21,384,2502100,654,327,327
1399,21,384,2502200,534,261,273
1400,21,384,2502300,328,167,161
1401,21,384,2502400,446,236,210
1402,21,384,2502500,1226,633,593
1403,21,384,2502600,801,396,405
1404,21,384,2502700,17,8,9
1405,21,384,2502800,0,0,0
1406,21,384,2502900,534,269,265
1407,21,384,2503000,460,217,243
1408,21,384,2503100,148,64,84
1409,21,384,2503200,536,270,266
1410,21,384,2503300,777,363,414
1411,21,384,2503400,503,253,250
1412,21,384,2503500,179,98,81
1413,21,384,2503600,991,493,498
1414,21,384,2503700,1008,493,515
1415,21,384,2503800,975,482,493
1416,21,384,2503900,128,61,67
1417,21,384,2504000,73,36,37
1418,21,384,2504100,344,166,178
1419,21,384,2504200,1363,707,656
1420,21,384,2504300,1776,897,879
1421,21,384,2504400,635,325,310
1422,21,384,2504500,1152,593,559
1423,21,384,2504600,680,331,349
1424,21,384,2504700,216,103,113
1425,21,384,2504800,46,21,25
1426,21,384,2504900,275,144,131
1427,21,384,2505000,91,52,39
1428,21,384,2505100,387,193,194
1429,21,384,2505200,150,67,83
1430,21,384,2505300,53,23,30
1431,21,384,2505400,167,73,94
1432,21,384,2505500,461,232,229
1433,21,384,2505600,398,183,215
1434,21,384,2505700,432,221,211
1435,21,384,2505800,93,51,42
1436,21,384,2505900,509,244,265
1437,21,384,2506000,377,189,188
1438,21,384,2506100,365,189,176
1439,21,384,2506200,419,200,219
1440,21,384,2506300,347,183,164
1441,21,384,2506400,166,84,82
1442,21,384,2506500,398,204,194
1443,21,384,2506600,108,60,48
1444,21,384,2506700,1010,539,471
1445,21,384,2506800,0,0,0
1446,21,384,2506900,162,79,83
1447,21,384,2507000,78,35,43
1448,21,384,2507100,62,33,29
1449,21,384,2507200,0,0,0
1450,21,384,2507300,23,7,16
1451,21,384,2507400,41,29,12
1452,21,384,2507500,208,111,97
1453,21,384,2507600,68,36,32
1454,21,384,2507700,64,32,32
1455,21,384,2507800,155,77,78
1456,21,384,2507900,508,248,260
1457,21,384,2508000,49,26,23
1458,21,384,2508100,71,33,38
1459,21,384,2508200,385,192,193
1460,21,384,2508300,365,176,189
1461,21,384,2508400,886,461,425
1462,21,384,2508500,163,79,84
1463,21,384,2508600,11,2,9
1464,21,384,2508700,11,4,7
1465,21,384,2508800,18,10,8
1466,21,384,2508900,930,468,462
1467,21,384,2509000,240,124,116
1468,21,384,2509100,379,203,176
1469,21,384,2509200,1324,681,643
1470,21,384,2509300,41,21,20
1471,21,384,2509400,935,471,464
1472,21,384,2509500,140,70,70
1473,21,384,2509600,198,100,98
1474,21,384,2509700,509,248,261
1475,21,384,2509800,337,183,154
1476,21,384,2509900,0,0,0
1477,21,384,2510000,272,144,128
1478,21,384,2510100,468,220,248
1479,21,384,2510200,321,172,149
1480,21,384,2510300,460,240,220
1481,21,384,2510400,158,83,75
1482,21,384,2510500,170,90,80
1483,21,384,2510600,181,81,100
1484,21,384,2510700,0,0,0
1485,21,384,2510800,763,362,401
1486,21,384,2510900,1204,619,585
1487,21,384,2511000,2291,1153,1138
1488,21,384,2511100,234,122,112
1489,21,384,2511200,649,327,322
1490,21,384,2511300,559,301,258
1491,21,384,2511400,11,2,9
1492,21,384,2511500,51,26,25
1493,21,384,2511600,181,98,83
1494,21,384,2511700,1648,833,815
1495,21,384,2511800,422,208,214
1496,21,384,2511900,449,233,216
1497,21,384,2512000,272,143,129
1498,21,384,2512100,170,91,79
1499,21,384,2512200,119,60,59
1500,21,384,2512300,579,302,277
1501,21,384,2512400,227,103,124
1502,21,384,2512500,870,433,437
1503,21,384,2512600,2121,1058,1063
1504,21,384,2512700,1508,773,735
1505,21,384,2512800,222,109,113
1506,21,384,2512900,407,200,207
1507,21,384,2513000,938,487,451
1508,21,384,2513100,445,222,223
1509,21,384,2513200,425,219,206
1510,21,384,2513300,120,56,64
1511,21,384,2513400,153,79,74
1512,21,384,2513500,135,68,67
1513,21,384,2513600,225,110,115
1514,21,384,2513700,497,251,246
1515,21,384,2513800,495,246,249
1516,21,384,2513900,2048,1010,1038
1517,21,384,2514000,0,0,0
1518,21,384,2514100,212,103,109
1519,21,384,2514200,407,208,199
1520,21,384,2514300,170,89,81
1521,21,384,2514400,881,455,426
1522,21,384,2514500,682,350,332
1523,21,384,2514600,331,191,140
1524,21,384,2514700,256,128,128
1525,21,384,2514800,235,107,128
1526,21,384,2514900,98,50,48
1527,21,384,2515000,506,267,239
1528,21,384,2515100,226,122,104
1529,21,384,2515200,1393,682,711
1530,21,384,2515300,410,213,197
1531,21,384,2515400,305,160,145
1532,21,384,2515500,175,91,84
1533,21,384,2515600,265,139,126
1534,21,384,2515700,642,324,318
1535,21,384,2515800,203,110,93
1536,21,384,2515900,197,97,100
1537,21,384,2516000,740,367,373
1538,21,384,2516100,259,121,138
1539,21,384,2516200,642,303,339
1540,21,384,2516300,332,168,164
1541,21,384,2516400,48,23,25
1542,21,384,2516500,0,0,0
1543,21,384,2516600,563,274,289
1544,21,384,2516700,0,0,0
1545,21,384,2516800,53,25,28
1546,21,384,2516900,0,0,0
1547,21,384,2517000,336,160,176
1548,21,384,2517100,263,137,126
1549,21,384,2517200,630,319,311
1550,21,384,2517300,2055,1026,1029
1551,21,384,2517400,819,403,416
1552,21,384,2517500,58,31,27
1553,21,384,2517600,205,106,99
1554,21,384,2517700,0,0,0
1555,21,384,2517800,693,348,345
1556,21,384,2517900,242,112,130
1557,21,384,2518000,497,243,254
1558,21,384,2518100,696,340,356
1559,21,384,2518200,0,0,0
1560,21,384,2518300,234,112,122
1561,21,384,2518400,89,49,40
1562,21,384,2518500,686,357,329
1563,21,384,2518600,316,167,149
1564,21,384,2518700,135,67,68
1565,21,384,2518800,143,70,73
1566,21,384,2518900,0,0,0
1567,21,384,2519000,179,89,90
1568,21,384,2519100,43,23,20
1569,21,384,2519200,18,10,8
1570,21,384,2519300,0,0,0
1571,21,384,2519400,131,73,58
1572,21,384,2519500,311,147,164
1573,21,384,2519600,233,109,124
1574,21,384,2519700,154,69,85
1575,21,384,2519800,395,197,198
1576,21,384,2519900,881,416,465
1577,21,384,2520000,735,385,350
1578,21,384,2520100,0,0,0
1579,21,384,2520200,393,213,180
1580,21,384,2520300,650,334,316
1581,21,384,2520400,119,54,65
1582,21,384,2520500,77,36,41
1583,21,384,2520600,78,41,37
1584,21,384,2520700,205,107,98
1585,21,384,2520800,404,215,189
1586,21,384,2520900,244,129,115
1587,21,384,2521000,606,296,310
1588,21,384,2521100,326,154,172
1589,21,384,2521200,810,395,415
1590,21,384,2521300,0,0,0
1591,21,384,2521400,501,255,246
1592,21,384,2521500,132,68,64
1593,21,384,2521600,395,192,203
1594,21,384,2521700,681,337,344
1595,21,384,2521800,320,170,150
1596,21,384,2521900,306,148,158
1597,21,384,2522000,478,231,247
1598,21,384,2522100,508,258,250
1599,21,384,2522200,762,383,379
1600,21,384,2522300,270,119,151
1601,21,384,2522400,691,343,348
1602,21,384,2522500,298,149,149
1603,21,384,2522600,770,366,404
1604,21,384,2522700,1212,611,601
1605,21,384,2522800,815,412,403
1606,21,384,2522900,526,243,283
1607,21,384,2523000,483,238,245
1608,21,384,2523100,299,145,154
1609,21,384,2523200,164,80,84
1610,21,384,2523300,30,12,18
1611,21,384,2523400,0,0,0
1612,21,384,2523500,417,216,201
1613,21,384,2523600,0,0,0
1614,21,384,2523700,359,170,189
1615,21,384,2523800,426,215,211
1616,21,384,2523900,211,102,109
1617,21,384,2524000,217,94,123
1618,21,384,2524100,58,24,34
1619,21,384,2524200,20,11,9
1620,21,384,2524300,179,83,96
1621,21,384,2524400,480,227,253
1622,21,384,2524500,435,211,224
1623,21,384,2524600,137,75,62
1624,21,384,2524700,1776,877,899
1625,21,384,2524800,320,163,157
1626,21,384,2524900,396,188,208
1627,21,384,2525000,222,103,119
1628,21,384,2525100,420,207,213
1629,21,384,2525200,0,0,0
1630,21,384,2525300,317,159,158
1631,21,384,2525400,398,197,201
1632,21,384,2525500,368,167,201
1633,21,384,2525600,392,214,178
1634,21,384,2525700,354,182,172
1635,21,384,2525800,605,308,297
1636,21,384,2525900,360,177,183
1637,21,384,2526000,603,277,326
1638,21,384,2526100,651,312,339
1639,21,384,2526200,224,103,121
1640,21,384,2526300,62,31,31
1641,21,384,2526400,283,165,118
1642,21,384,2526500,301,136,165
1643,21,384,2526600,526,250,276
1644,21,384,2526700,0,0,0
1645,21,384,2526800,0,0,0
1646,21,384,2526900,147,65,82
1647,21,384,2527000,242,127,115
1648,21,384,2527100,231,110,121
1649,21,384,2527200,160,82,78
1650,21,384,2527300,36,21,15
1651,21,384,2527400,275,129,146
1652,21,384,2527500,151,72,79
1653,21,384,2527600,126,68,58
1654,21,384,2527700,235,120,115
1655,21,384,2527800,288,148,140
1656,21,384,2527900,2261,1176,1085
1657,21,384,2528000,0,0,0
1658,21,384,2528100,110,62,48
1659,21,384,2528200,290,149,141
1660,21,384,2528300,229,120,109
1661,21,384,2528400,262,136,126
1662,21,384,2528500,280,140,140
1663,21,384,2528600,204,93,111
1664,21,384,2528700,733,354,379
1665,21,384,2528800,567,279,288
1666,21,384,2528900,117,60,57
1667,21,384,2529000,987,458,529
1668,21,384,2529100,117,51,66
1669,21,384,2529200,762,374,388
1670,21,384,2529300,652,334,318
1671,21,384,2529400,127,67,60
1672,21,384,2529500,311,165,146
1673,21,384,2529600,461,230,231
1674,21,384,2529700,62,31,31
1675,21,384,2529800,458,227,231
1676,21,384,2529900,82,44,38
1677,21,384,2530000,1594,785,809
1678,21,384,2530100,340,173,167
1679,21,384,2530200,343,173,170
1680,21,384,2530300,463,238,225
1681,21,384,2530400,353,170,183
1682,21,384,2530500,1488,721,767
1683,21,384,2530600,0,0,0
1684,21,384,2530700,214,101,113
1685,21,384,2530800,217,98,119
1686,21,384,2530900,168,81,87
1687,21,384,2531000,436,207,229
1688,21,384,2531100,582,280,302
1689,21,384,2531200,547,292,255
1690,21,384,2531300,324,168,156
1691,21,384,2531400,387,188,199
1692,21,384,2531500,70,33,37
1693,21,384,2531600,252,131,121
1694,21,384,2531700,51,30,21
1695,21,384,2531800,0,0,0
1696,21,384,2531900,151,86,65
1697,21,384,2532000,296,136,160
1698,21,384,2532100,126,59,67
1699,21,384,2532200,145,74,71
1700,21,384,2532300,157,81,76
1701,21,384,2532400,135,60,75
1702,21,384,2532500,387,186,201
1703,21,384,2532600,306,164,142
1704,21,384,2532700,143,72,71
1705,21,384,2532800,208,106,102
1706,21,384,2532900,284,151,133
1707,21,384,2533000,394,195,199
1708,21,384,2533100,613,294,319
1709,21,384,2533200,185,94,91
1710,21,384,2533300,202,107,95
1711,21,384,2533400,613,309,304
1712,21,384,2533500,222,109,113
1713,21,384,2533600,40,17,23
1714,21,384,2533700,200,93,107
1715,21,384,2533800,329,159,170
1716,21,384,2533900,382,188,194
1717,21,384,2534000,568,282,286
1718,21,384,2534100,332,174,158
1719,21,384,2534200,217,113,104
1720,21,384,2534300,86,48,38
1721,21,384,2534400,138,70,68
1722,21,384,2534500,153,75,78
1723,21,384,2534600,169,77,92
1724,21,384,2534700,37,13,24
1725,21,384,2534800,0,0,0
1726,21,384,2534900,139,68,71
1727,21,384,2535000,2,2,0
1728,21,384,2535100,146,69,77
1729,21,384,2535200,77,33,44
1730,21,384,2535300,44,25,19
1731,21,384,2535400,563,272,291
1732,21,384,2535500,370,186,184
1733,21,384,2535600,448,226,222
1734,21,384,2535700,386,193,193
1735,21,384,2535800,154,78,76
1736,21,384,2535900,229,107,122
1737,21,384,2536000,0,0,0
1738,21,384,2536100,0,0,0
1739,21,384,2536200,0,0,0
1740,21,384,2536300,86,36,50
1741,21,384,2536400,197,99,98
1742,21,384,2536500,151,77,74
1743,21,384,2536600,224,110,114
1744,21,384,2536700,143,77,66
1745,21,384,2536800,106,51,55
1746,21,384,2536900,0,0,0
1747,21,384,2537000,40,14,26
1748,21,384,2537100,0,0,0
1749,21,384,2537200,282,143,139
1750,21,384,2537300,443,259,184
1751,21,384,2537400,617,335,282
1752,21,384,2537500,844,405,439
1753,21,384,2537600,261,111,150
1754,21,384,2537700,343,168,175
1755,21,384,2537800,36,16,20
1756,21,384,2537900,391,205,186
1757,21,384,2538000,330,165,165
1758,21,384,2538100,335,177,158
1759,21,384,2538200,429,216,213
1760,21,384,2538300,162,74,88
1761,21,384,2538400,65,41,24
1762,21,384,2538500,122,62,60
1763,21,384,2538600,0,0,0
1764,21,384,2538700,0,0,0
1765,21,384,2538800,211,103,108
1766,21,384,2538900,0,0,0
1767,21,384,2539000,419,222,197
1768,21,384,2539100,398,202,196
1769,21,384,2539200,29,27,2
1770,21,384,2539300,242,120,122
1771,21,384,2539400,0,0,0
1772,21,384,2539500,137,71,66
1773,21,384,2539600,182,92,90
1774,21,384,2539700,0,0,0
1775,21,384,2539800,0,0,0
1776,21,384,2539900,0,0,0
1777,21,384,2540000,234,117,117
1778,21,384,2540100,0,0,0
1779,21,384,2540200,230,125,105
1780,21,384,2540300,102,55,47
1781,21,384,2540400,343,179,164
1782,21,384,2540500,300,136,164
1783,21,384,2540600,0,0,0
1784,21,384,2540700,460,243,217
1785,21,384,2540800,648,327,321
1786,21,384,2540900,406,185,221
1787,21,384,2541000,632,326,306
1788,21,384,2541100,607,316,291
1789,21,384,2541200,292,139,153
1790,21,384,2541300,522,252,270
1791,21,384,2541400,157,73,84
1792,21,384,2541500,1102,569,533
1793,21,384,2541600,401,194,207
1794,21,384,2541700,493,251,242
1795,21,384,2541800,240,120,120
1796,21,384,2541900,61,30,31
1797,21,384,2542000,783,414,369
1798,21,384,2542100,935,470,465
1799,21,384,2542200,966,479,487
1800,21,384,2542300,103,49,54
1801,21,384,2542400,196,105,91
1802,21,384,2542500,398,201,197
1803,21,384,2542600,0,0,0
1804,21,384,2542700,653,318,335
1805,21,384,2542800,179,83,96
1806,21,384,2542900,26,11,15
1807,21,384,2543000,235,112,123
1808,21,384,2543100,141,74,67
1809,21,384,2543200,1144,587,557
1810,21,384,2543300,174,96,78
1811,21,384,2543400,365,178,187
1812,21,384,2543500,756,386,370
1813,21,384,2543600,0,0,0
1814,21,384,2543700,292,156,136
1815,21,384,2543800,844,417,427
1816,21,384,2543900,394,201,193
1817,21,384,2544000,260,144,116
1818,21,384,2544100,454,239,215
1819,21,384,2544200,497,243,254
1820,21,384,2544300,169,88,81
1821,21,384,2544400,772,381,391
1822,21,384,2544500,834,430,404
1823,21,384,2544600,897,446,451
1824,21,384,2544700,0,0,0
1825,21,384,2544800,605,293,312
1826,21,384,2544900,34,20,14
1827,21,384,2545000,14,5,9
1828,21,384,2545100,766,391,375
1829,21,384,2545200,331,165,166
1830,21,384,2545300,426,212,214
1831,21,384,2545400,402,206,196
1832,21,384,2545500,711,351,360
1833,21,384,2545600,119,53,66
1834,21,384,2545700,14,7,7
1835,21,384,2545800,0,0,0
1836,21,384,2545900,444,213,231
1837,21,384,2546000,543,274,269
1838,21,384,2546100,0,0,0
1839,21,384,2546200,537,264,273
1840,21,384,2546300,0,0,0
1841,21,384,2546400,846,442,404
1842,21,384,2546500,931,493,438
1843,21,384,2546600,252,131,121
1844,21,384,2546700,96,54,42
1845,21,384,2546800,351,183,168
1846,21,384,2546900,356,172,184
1847,21,384,2547000,145,77,68
1848,21,384,2547100,158,75,83
1849,21,384,2547200,264,126,138
1850,21,384,2547300,193,94,99
1851,21,384,2547400,258,135,123
1852,21,384,2547500,226,113,113
1853,21,384,2547600,87,42,45
1854,21,384,2547700,916,461,455
1855,21,384,2547800,265,136,129
1856,21,384,2547900,173,91,82
1857,21,384,2548000,434,221,213
1858,21,384,2548100,26,15,11
1859,21,384,2548200,229,110,119
1860,21,384,2548300,213,111,102
1861,21,384,2548400,0,0,0
1862,21,384,2548500,20,10,10
1863,21,384,2548600,343,186,157
1864,21,384,2548700,176,82,94
1865,21,384,2548800,201,96,105
1866,21,384,2548900,827,411,416
1867,21,384,2549000,564,279,285
1868,21,384,2549100,61,31,30
1869,21,384,2549200,212,111,101
1870,21,384,2549300,824,431,393
1871,21,384,2549400,246,128,118
1872,21,384,2549500,110,62,48
1873,21,384,2549600,210,108,102
1874,21,384,2549700,793,404,389
1875,21,384,2549800,202,103,99
1876,21,384,2549900,1019,491,528
1877,21,384,2550000,155,83,72
1878,21,384,2550100,273,136,137
1879,21,384,2550200,34,13,21
1880,21,384,2550300,172,89,83
1881,21,384,2550400,878,455,423
1882,21,384,2550500,89,42,47
1883,21,384,2550600,910,465,445
1884,21,384,2550700,49,25,24
1885,21,384,2550800,116,56,60
1886,21,384,2550900,48,21,27
1887,21,384,2551000,68,35,33
1888,21,384,2551100,0,0,0
1889,21,384,2551200,160,72,88
1890,21,384,2551300,136,58,78
1891,21,384,2551400,320,162,158
1892,21,384,2551500,861,426,435
1893,21,384,2551600,0,0,0
1894,21,384,2551700,0,0,0
1895,21,384,2551800,881,439,442
1896,21,384,2551900,297,156,141
1897,21,384,2552000,297,145,152
1898,21,384,2552100,158,75,83
1899,21,384,2552200,265,137,128
1900,21,384,2552300,10,4,6
1901,21,384,2552400,84,39,45
1902,21,384,2552500,212,111,101
1903,21,384,2552600,103,49,54
1904,21,384,2552700,298,144,154
1905,21,384,2552800,0,0,0
1906,21,384,2552900,715,325,390
1907,21,384,2553000,224,109,115
1908,21,384,2553100,158,77,81
1909,21,384,2553200,112,58,54
