,Statecode,Districtcode,VillageCode,Population,Males,Females
0,21,374,375300,506,266,240
1,21,374,375400,616,315,301
2,21,374,375500,8,4,4
3,21,374,375600,367,197,170
4,21,374,375700,76,40,36
5,21,374,375800,114,58,56
6,21,374,375900,74,45,29
7,21,374,376000,333,170,163
8,21,374,376100,128,58,70
9,21,374,376200,459,229,230
10,21,374,376300,280,141,139
11,21,374,376400,484,243,241
12,21,374,376500,28,13,15
13,21,374,376600,150,81,69
14,21,374,376700,288,155,133
15,21,374,376800,585,293,292
16,21,374,376900,173,86,87
17,21,374,377000,118,62,56
18,21,374,377100,825,403,422
19,21,374,377200,307,144,163
20,21,374,377300,843,417,426
21,21,374,377400,532,284,248
22,21,374,377500,280,141,139
23,21,374,377600,1158,562,596
24,21,374,377700,300,158,142
25,21,374,377800,810,402,408
26,21,374,377900,1227,607,620
27,21,374,378000,1087,511,576
28,21,374,378100,332,169,163
29,21,374,378200,1222,625,597
30,21,374,378300,1336,681,655
31,21,374,378400,913,448,465
32,21,374,378500,3413,1861,1552
33,21,374,378600,1836,920,916
34,21,374,378700,577,289,288
35,21,374,378800,2657,1575,1082
36,21,374,378900,562,284,278
37,21,374,379000,1316,643,673
38,21,374,379100,283,142,141
39,21,374,379200,807,403,404
40,21,374,379300,0,0,0
41,21,374,379400,341,157,184
42,21,374,379500,389,209,180
43,21,374,379600,698,344,354
44,21,374,379700,795,409,386
45,21,374,379800,1164,598,566
46,21,374,379900,440,218,222
47,21,374,380000,651,371,280
48,21,374,380100,138,60,78
49,21,374,380200,2882,1433,1449
50,21,374,380300,969,484,485
51,21,374,380400,22,12,10
52,21,374,380500,1511,738,773
53,21,374,380600,1730,867,863
54,21,374,380700,906,439,467
55,21,374,380800,333,170,163
56,21,374,380900,345,169,176
57,21,374,381000,2670,1333,1337
58,21,374,381100,372,197,175
59,21,374,381200,213,101,112
60,21,374,381300,281,139,142
61,21,374,381400,100,40,60
62,21,374,381500,954,476,478
63,21,374,381600,339,160,179
64,21,374,381700,647,323,324
65,21,374,381800,959,480,479
66,21,374,381900,1292,633,659
67,21,374,382000,459,238,221
68,21,374,382100,909,464,445
69,21,374,382200,472,245,227
70,21,374,382300,543,267,276
71,21,374,382400,1205,590,615
72,21,374,382500,939,471,468
73,21,374,382600,152,84,68
74,21,374,382700,203,104,99
75,21,374,382800,1477,744,733
76,21,374,382900,185,96,89
77,21,374,383000,1095,551,544
78,21,374,383100,642,333,309
79,21,374,383200,506,255,251
80,21,374,383300,385,204,181
81,21,374,383400,410,192,218
82,21,374,383500,563,274,289
83,21,374,383600,129,64,65
84,21,374,383700,981,484,497
85,21,374,383800,308,163,145
86,21,374,383900,219,109,110
87,21,374,384000,362,178,184
88,21,374,384100,662,339,323
89,21,374,384200,521,267,254
90,21,374,384300,269,142,127
91,21,374,384400,4,3,1
92,21,374,384500,554,272,282
93,21,374,384600,224,123,101
94,21,374,384700,131,61,70
95,21,374,384800,281,144,137
96,21,374,384900,110,56,54
97,21,374,385000,70,40,30
98,21,374,385100,0,0,0
99,21,374,385200,4356,2185,2171
100,21,374,385300,108,54,54
101,21,374,385400,402,201,201
102,21,374,385500,272,139,133
103,21,374,385600,304,155,149
104,21,374,385700,241,125,116
105,21,374,385800,233,120,113
106,21,374,385900,303,155,148
107,21,374,386000,280,132,148
108,21,374,386100,349,182,167
109,21,374,386200,1295,640,655
110,21,374,386300,341,179,162
111,21,374,386400,206,109,97
112,21,374,386500,136,70,66
113,21,374,386600,219,102,117
114,21,374,386700,184,94,90
115,21,374,386800,60,30,30
116,21,374,386900,3,2,1
117,21,374,387000,704,359,345
118,21,374,387100,339,170,169
119,21,374,387200,155,84,71
120,21,374,387300,0,0,0
121,21,374,387400,108,52,56
122,21,374,387500,139,65,74
123,21,374,387600,206,122,84
124,21,374,387700,3562,1758,1804
125,21,374,387800,224,122,102
126,21,374,387900,220,123,97
127,21,374,388000,99,54,45
128,21,374,388100,1078,563,515
129,21,374,388200,388,203,185
130,21,374,388300,125,56,69
131,21,374,388400,1074,540,534
132,21,374,388500,714,347,367
133,21,374,388600,121,67,54
134,21,374,388700,249,123,126
135,21,374,388800,0,0,0
136,21,374,388900,163,82,81
137,21,374,389000,484,287,197
138,21,374,389100,0,0,0
139,21,374,389200,41,24,17
140,21,374,389300,584,312,272
141,21,374,389400,268,136,132
142,21,374,389500,322,156,166
143,21,374,389600,100,52,48
144,21,374,389700,251,121,130
145,21,374,389800,571,285,286
146,21,374,389900,300,153,147
147,21,374,390000,33,16,17
148,21,374,390100,256,123,133
149,21,374,390200,308,156,152
150,21,374,390300,376,178,198
151,21,374,390400,105,53,52
152,21,374,390500,2,2,0
153,21,374,390600,475,233,242
154,21,374,390700,296,149,147
155,21,374,390800,298,146,152
156,21,374,390900,461,241,220
157,21,374,391000,94,44,50
158,21,374,391100,217,105,112
159,21,374,391200,37,21,16
160,21,374,391300,107,52,55
161,21,374,391400,1169,601,568
162,21,374,391500,279,146,133
163,21,374,391600,313,163,150
164,21,374,391700,488,230,258
165,21,374,391800,253,123,130
166,21,374,391900,528,261,267
167,21,374,392000,339,164,175
168,21,374,392100,336,173,163
169,21,374,392200,457,217,240
170,21,374,392300,169,81,88
171,21,374,392400,1089,546,543
172,21,374,392500,330,163,167
173,21,374,392600,716,348,368
174,21,374,392700,352,214,138
175,21,374,392800,534,261,273
176,21,374,392900,190,96,94
177,21,374,393000,100,45,55
178,21,374,393100,73,33,40
179,21,374,393200,153,74,79
180,21,374,393300,25,14,11
181,21,374,393400,19,10,9
182,21,374,393500,81,43,38
183,21,374,393600,112,52,60
184,21,374,393700,639,323,316
185,21,374,393800,321,157,164
186,21,374,393900,218,107,111
187,21,374,394000,77,41,36
188,21,374,394100,256,116,140
189,21,374,394200,126,64,62
190,21,374,394300,376,180,196
191,21,374,394400,1470,744,726
192,21,374,394500,292,139,153
193,21,374,394600,192,91,101
194,21,374,394700,99,48,51
195,21,374,394800,312,150,162
196,21,374,394900,735,357,378
197,21,374,395000,752,352,400
198,21,374,395100,317,163,154
199,21,374,395200,671,339,332
200,21,374,395300,37,12,25
201,21,374,395400,563,259,304
202,21,374,395500,123,64,59
203,21,374,395600,177,83,94
204,21,374,395700,842,419,423
205,21,374,395800,433,220,213
206,21,374,395900,1113,545,568
207,21,374,396000,1148,567,581
208,21,374,396100,3020,1548,1472
209,21,374,396200,1286,579,707
210,21,374,396300,226,114,112
211,21,374,396400,555,287,268
212,21,374,396500,141,76,65
213,21,374,396600,93,44,49
214,21,374,396700,85,43,42
215,21,374,396800,34,19,15
216,21,374,396900,21,11,10
217,21,374,397000,424,212,212
218,21,374,397100,704,349,355
219,21,374,397200,2981,1512,1469
220,21,374,397300,1642,824,818
221,21,374,397400,2085,1116,969
222,21,374,397500,684,346,338
223,21,374,397600,1801,965,836
224,21,374,397700,1650,806,844
225,21,374,397800,2002,1007,995
226,21,374,397900,73,41,32
227,21,374,398000,2277,1126,1151
228,21,374,398100,639,325,314
229,21,374,398200,1090,576,514
230,21,374,398300,1228,611,617
231,21,374,398400,479,249,230
232,21,374,398500,1205,586,619
233,21,374,398600,172,88,84
234,21,374,398700,785,401,384
235,21,374,398800,2989,1486,1503
236,21,374,398900,484,237,247
237,21,374,399000,1506,751,755
238,21,374,399100,287,137,150
239,21,374,399200,914,459,455
240,21,374,399300,1066,556,510
241,21,374,399400,821,407,414
242,21,374,399500,325,166,159
243,21,374,399600,323,161,162
244,21,374,399700,1574,782,792
245,21,374,399800,128,65,63
246,21,374,399900,710,378,332
247,21,374,400000,2484,1380,1104
248,21,374,400100,241,123,118
249,21,374,400200,256,131,125
250,21,374,400300,664,343,321
251,21,374,400400,899,450,449
252,21,374,400500,1755,880,875
253,21,374,400600,4513,2296,2217
254,21,374,400700,421,218,203
255,21,374,400800,452,236,216
256,21,374,400900,1044,513,531
257,21,374,401000,407,212,195
258,21,374,401100,569,279,290
259,21,374,401200,371,205,166
260,21,374,401300,417,190,227
261,21,374,401400,1041,499,542
262,21,374,401500,234,128,106
263,21,374,401600,723,386,337
264,21,374,401700,1048,522,526
265,21,374,401800,301,146,155
266,21,374,401900,1406,671,735
267,21,374,402000,594,293,301
268,21,374,402100,829,423,406
269,21,374,402200,43,20,23
270,21,374,402300,947,474,473
271,21,374,402400,1102,539,563
272,21,374,402500,2348,1154,1194
273,21,374,402600,1906,955,951
274,21,374,402700,352,185,167
275,21,374,402800,848,428,420
276,21,374,402900,584,293,291
277,21,374,403000,657,322,335
278,21,374,403100,499,243,256
279,21,374,403200,345,165,180
280,21,374,403300,348,168,180
281,21,374,403400,1391,684,707
282,21,374,403500,289,150,139
283,21,374,403600,237,121,116
284,21,374,403700,442,211,231
285,21,374,403800,1006,486,520
286,21,374,403900,1149,534,615
287,21,374,404000,574,287,287
288,21,374,404100,515,263,252
289,21,374,404200,664,329,335
290,21,374,404300,1661,864,797
291,21,374,404400,2434,1231,1203
292,21,374,404500,1074,563,511
293,21,374,404600,317,160,157
294,21,374,404700,1492,769,723
295,21,374,404800,449,208,241
296,21,374,404900,2272,1120,1152
297,21,374,405000,889,448,441
298,21,374,405100,362,176,186
299,21,374,405200,1240,623,617
300,21,374,405300,721,361,360
301,21,374,405400,576,291,285
302,21,374,405500,208,106,102
303,21,374,405600,618,309,309
304,21,374,405700,1877,915,962
305,21,374,405800,480,234,246
306,21,374,405900,283,139,144
307,21,374,406000,235,112,123
308,21,374,406100,182,92,90
309,21,374,406200,503,245,258
310,21,374,406300,237,122,115
311,21,374,406400,768,377,391
312,21,374,406500,618,325,293
313,21,374,406600,250,131,119
314,21,374,406700,1030,526,504
315,21,374,406800,1819,1001,818
316,21,374,406900,0,0,0
317,21,374,407000,1990,1005,985
318,21,374,407100,344,162,182
319,21,374,407200,481,240,241
320,21,374,407300,649,336,313
321,21,374,407400,442,216,226
322,21,374,407500,834,428,406
323,21,374,407600,793,394,399
324,21,374,407700,744,391,353
325,21,374,407800,1279,671,608
326,21,374,407900,538,281,257
327,21,374,408000,395,204,191
328,21,374,408100,1191,584,607
329,21,374,408200,823,412,411
330,21,374,408300,809,386,423
331,21,374,408400,3054,1533,1521
332,21,374,408500,618,314,304
333,21,374,408600,778,360,418
334,21,374,408700,1269,596,673
335,21,374,408800,129,64,65
336,21,374,408900,287,139,148
337,21,374,409000,448,238,210
338,21,374,409100,743,376,367
339,21,374,409200,802,403,399
340,21,374,409300,282,145,137
341,21,374,409400,1361,684,677
342,21,374,409500,767,389,378
343,21,374,409600,297,142,155
344,21,374,409700,426,229,197
345,21,374,409800,303,161,142
346,21,374,409900,1936,959,977
347,21,374,410000,1618,832,786
348,21,374,410100,635,323,312
349,21,374,410200,1977,1015,962
350,21,374,410300,4168,2080,2088
351,21,374,410400,546,273,273
352,21,374,410500,1265,651,614
353,21,374,410600,1087,546,541
354,21,374,410700,819,426,393
355,21,374,410800,363,182,181
356,21,374,410900,562,288,274
357,21,374,411000,2321,1261,1060
358,21,374,411100,877,455,422
359,21,374,411200,337,176,161
360,21,374,411300,996,491,505
361,21,374,411400,90,43,47
362,21,374,411500,62,32,30
363,21,374,411600,66,33,33
364,21,374,411700,42,22,20
365,21,374,411800,1281,620,661
366,21,374,411900,1596,794,802
367,21,374,412000,1631,870,761
368,21,374,412100,426,208,218
369,21,374,412200,1118,568,550
370,21,374,412300,1287,617,670
371,21,374,412400,1822,886,936
372,21,374,412500,407,209,198
373,21,374,412600,335,178,157
374,21,374,412700,250,125,125
375,21,374,412800,429,216,213
376,21,374,412900,425,216,209
377,21,374,413000,862,436,426
378,21,374,413100,81,41,40
379,21,374,413200,593,322,271
380,21,374,413300,938,481,457
381,21,374,413400,1137,476,661
382,21,374,413500,668,322,346
383,21,374,413600,808,396,412
384,21,374,413700,236,116,120
385,21,374,413800,306,164,142
386,21,374,413900,601,306,295
387,21,374,414000,450,225,225
388,21,374,414100,2457,1228,1229
389,21,374,414200,197,104,93
390,21,374,414300,648,317,331
391,21,374,414400,3530,1764,1766
392,21,374,414500,1479,765,714
393,21,374,414600,1385,723,662
394,21,374,414700,384,200,184
395,21,374,414800,1430,730,700
396,21,374,414900,898,411,487
397,21,374,415000,931,409,522
398,21,374,415100,816,425,391
399,21,374,415200,503,264,239
400,21,374,415300,958,503,455
401,21,374,415400,839,431,408
402,21,374,415500,815,411,404
403,21,374,415600,1695,826,869
404,21,374,415700,1015,515,500
405,21,374,415800,536,261,275
406,21,374,415900,25,12,13
407,21,374,416000,853,424,429
408,21,374,416100,706,346,360
409,21,374,416200,708,364,344
410,21,374,416300,588,282,306
411,21,374,416400,14,8,6
412,21,374,416500,35,19,16
413,21,374,416600,690,347,343
414,21,374,416700,838,418,420
415,21,374,416800,563,275,288
416,21,374,416900,901,451,450
417,21,374,417000,1157,575,582
418,21,374,417100,1469,720,749
419,21,374,417200,1361,692,669
420,21,374,417300,574,274,300
421,21,374,417400,853,424,429
422,21,374,417500,1491,766,725
423,21,374,417600,604,300,304
424,21,374,417700,2999,1534,1465
425,21,374,417800,903,444,459
426,21,374,417900,1170,583,587
427,21,374,418000,1100,537,563
428,21,374,418100,1036,529,507
429,21,374,418200,255,124,131
430,21,374,418300,1224,596,628
431,21,374,418400,840,425,415
432,21,374,418500,1007,528,479
433,21,374,418600,999,510,489
434,21,374,418700,3278,1614,1664
435,21,374,418800,694,346,348
436,21,374,418900,904,457,447
437,21,374,419000,708,370,338
438,21,374,419100,298,150,148
439,21,374,419200,448,229,219
440,21,374,419300,1217,534,683
441,21,374,419400,678,345,333
442,21,374,419500,216,107,109
443,21,374,419600,214,110,104
444,21,374,419700,634,329,305
445,21,374,419800,937,465,472
446,21,374,419900,1383,687,696
447,21,374,420000,914,447,467
448,21,374,420100,806,401,405
449,21,374,420200,361,170,191
450,21,374,420300,1281,626,655
451,21,374,420400,225,104,121
452,21,374,420500,559,259,300
453,21,374,420600,1475,716,759
454,21,374,420700,1897,915,982
455,21,374,420800,838,413,425
456,21,374,420900,2962,1431,1531
457,21,374,421000,343,158,185
458,21,374,421100,3459,1763,1696
459,21,374,421200,1308,651,657
460,21,374,421300,1375,702,673
461,21,374,421400,4800,2400,2400
462,21,374,421500,874,419,455
463,21,374,421600,945,475,470
464,21,374,421700,524,256,268
465,21,374,421800,562,277,285
466,21,374,421900,1118,539,579
467,21,374,422000,901,440,461
468,21,374,422100,689,349,340
469,21,374,422200,559,282,277
470,21,374,422300,735,371,364
471,21,374,422400,1857,904,953
472,21,374,422500,2239,1121,1118
473,21,374,422600,1705,883,822
474,21,374,422700,827,392,435
475,21,374,422800,634,319,315
476,21,374,422900,445,212,233
477,21,374,423000,78,35,43
478,21,374,423100,418,201,217
479,21,374,423200,921,561,360
480,21,374,423300,535,272,263
481,21,374,423400,731,392,339
482,21,374,423500,1236,603,633
483,21,374,423600,862,434,428
484,21,374,423700,2761,1399,1362
485,21,374,423800,571,273,298
486,21,374,423900,2154,1071,1083
487,21,374,424000,1388,658,730
488,21,374,424100,1240,590,650
489,21,374,424200,1977,991,986
490,21,374,424300,467,219,248
491,21,374,424400,504,251,253
492,21,374,424500,523,272,251
493,21,374,424600,424,217,207
494,21,374,424700,112,59,53
495,21,374,424800,42,21,21
496,21,374,424900,336,161,175
497,21,374,425000,124,65,59
498,21,374,425100,43,19,24
499,21,374,425200,311,146,165
500,21,374,425300,197,99,98
501,21,374,425400,355,169,186
502,21,374,425500,381,182,199
503,21,374,425600,173,93,80
504,21,374,425700,3628,1750,1878
505,21,374,425800,3371,1658,1713
506,21,374,425900,353,164,189
507,21,374,426000,855,420,435
508,21,374,426100,1002,505,497
509,21,374,426200,787,368,419
510,21,374,426300,1006,495,511
511,21,374,426400,723,355,368
512,21,374,426500,1044,502,542
513,21,374,426600,1546,790,756
514,21,374,426700,0,0,0
515,21,374,426800,0,0,0
516,21,374,426900,21,9,12
517,21,374,427000,192,80,112
518,21,374,427100,97,56,41
519,21,374,427200,252,112,140
520,21,374,427300,92,51,41
521,21,374,427400,108,57,51
522,21,374,427500,205,99,106
523,21,374,427600,49,24,25
524,21,374,427700,636,298,338
525,21,374,427800,656,329,327
526,21,374,427900,481,238,243
527,21,374,428000,0,0,0
528,21,374,428100,0,0,0
529,21,374,428200,147,69,78
530,21,374,428300,84,46,38
531,21,374,428400,321,150,171
532,21,374,428500,30,17,13
533,21,374,428600,663,337,326
534,21,374,428700,1588,742,846
535,21,374,428800,1063,528,535
536,21,374,428900,1797,873,924
537,21,374,429000,96,46,50
538,21,374,429100,770,393,377
539,21,374,429200,779,363,416
540,21,374,429300,859,428,431
541,21,374,429400,392,189,203
542,21,374,429500,600,280,320
543,21,374,429600,2272,1058,1214
544,21,374,429700,569,281,288
545,21,374,429800,0,0,0
546,21,374,429900,1246,596,650
547,21,374,430000,0,0,0
548,21,374,430100,147,74,73
549,21,374,430200,586,276,310
550,21,374,430300,370,182,188
551,21,374,430400,1185,614,571
552,21,374,430500,1221,619,602
553,21,374,430600,938,468,470
554,21,374,430700,388,178,210
555,21,374,430800,255,115,140
556,21,374,430900,283,139,144
557,21,374,431000,228,128,100
558,21,374,431100,303,133,170
559,21,374,431200,3966,1976,1990
560,21,374,431300,2572,1264,1308
561,21,374,431400,929,453,476
562,21,374,431500,17,8,9
563,21,374,431600,36,17,19
564,21,374,431700,444,224,220
565,21,374,431800,2021,1047,974
566,21,374,431900,1070,520,550
567,21,374,432000,592,293,299
568,21,374,432100,108,56,52
569,21,374,432200,1125,572,553
570,21,374,432300,3435,1684,1751
571,21,374,432400,1130,567,563
572,21,374,432500,1052,488,564
573,21,374,432600,396,194,202
574,21,374,432700,1589,755,834
575,21,374,432800,1829,880,949
576,21,374,432900,3565,1773,1792
577,21,374,433000,2050,997,1053
578,21,374,433100,1113,587,526
579,21,374,433200,931,474,457
580,21,374,433300,1708,895,813
581,21,374,433400,6123,3149,2974
582,21,374,433500,727,360,367
583,21,374,433600,1056,514,542
584,21,374,433700,946,364,582
585,21,374,433800,1835,896,939
586,21,374,433900,609,288,321
587,21,374,434000,357,186,171
588,21,374,434100,324,168,156
589,21,374,434200,1945,996,949
590,21,374,434300,646,306,340
591,21,374,434400,568,275,293
592,21,374,434500,675,339,336
593,21,374,434600,878,442,436
594,21,374,434700,2598,1263,1335
595,21,374,434800,2483,1214,1269
596,21,374,434900,702,360,342
597,21,374,435000,648,308,340
598,21,374,435100,555,267,288
599,21,374,435200,1613,826,787
600,21,374,435300,411,209,202
601,21,374,435400,741,362,379
602,21,374,435500,562,290,272
603,21,374,435600,990,496,494
604,21,374,435700,4049,1995,2054
605,21,374,435800,798,383,415
606,21,374,435900,2220,1133,1087
607,21,374,436000,1929,955,974
608,21,374,436100,1524,766,758
609,21,374,436200,1185,591,594
610,21,374,436300,612,298,314
611,21,374,436400,2930,1468,1462
612,21,374,436500,2241,1149,1092
613,21,374,436600,551,256,295
614,21,374,436700,895,435,460
615,21,374,436800,1116,561,555
616,21,374,436900,799,402,397
617,21,374,437000,689,346,343
618,21,374,437100,695,340,355
619,21,374,437200,1438,707,731
620,21,374,437300,985,508,477
621,21,374,437400,1024,527,497
622,21,374,437500,450,214,236
623,21,374,437600,749,362,387
624,21,374,437700,915,442,473
625,21,374,437800,528,275,253
626,21,374,437900,1033,506,527
627,21,374,438000,718,376,342
628,21,374,438100,388,209,179
629,21,374,438200,226,106,120
630,21,374,438300,197,90,107
631,21,374,438400,616,315,301
632,21,374,438500,269,136,133
633,21,374,438600,340,174,166
634,21,374,438700,961,500,461
635,21,374,438800,2794,1462,1332
636,21,374,438900,2570,1340,1230
637,21,374,439000,484,253,231
638,21,374,439100,1995,983,1012
639,21,374,439200,443,234,209
640,21,374,439300,345,170,175
641,21,374,439400,1126,584,542
642,21,374,439500,907,447,460
643,21,374,439600,546,285,261
644,21,374,439700,1220,617,603
645,21,374,439800,1176,570,606
646,21,374,439900,619,303,316
647,21,374,440000,2349,1222,1127
648,21,374,440100,566,272,294
649,21,374,440200,598,296,302
650,21,374,440300,1616,802,814
651,21,374,440400,309,153,156
652,21,374,440500,332,172,160
653,21,374,440600,415,209,206
654,21,374,440700,3133,1539,1594
655,21,374,440800,2105,1026,1079
656,21,374,440900,1001,569,432
657,21,374,441000,1080,537,543
658,21,374,441100,760,368,392
659,21,374,441200,1948,963,985
660,21,374,441300,1142,602,540
661,21,374,441400,622,316,306
662,21,374,441500,655,311,344
663,21,374,441600,219,120,99
664,21,374,441700,2027,1026,1001
665,21,374,441800,1026,506,520
666,21,374,441900,2185,1079,1106
667,21,374,442000,536,265,271
668,21,374,442100,309,142,167
669,21,374,442200,935,468,467
670,21,374,442300,3443,1733,1710
671,21,374,442400,779,400,379
672,21,374,442500,339,173,166
673,21,374,442600,562,274,288
674,21,374,442700,1140,520,620
675,21,374,442800,1790,898,892
676,21,374,442900,4124,2077,2047
677,21,374,443000,490,264,226
678,21,374,443100,1616,786,830
679,21,374,443200,2265,1156,1109
680,21,374,443300,1348,682,666
681,21,374,443400,1284,616,668
682,21,374,443500,1547,774,773
683,21,374,443600,1535,818,717
684,21,374,443700,1675,822,853
685,21,374,443800,1177,607,570
686,21,374,443900,1431,731,700
687,21,374,444000,427,217,210
688,21,374,444100,1153,586,567
689,21,374,444200,1128,554,574
690,21,374,444300,1136,610,526
691,21,374,444400,921,481,440
692,21,374,444500,815,391,424
693,21,374,444600,433,213,220
694,21,374,444700,1822,918,904
695,21,374,444800,1388,681,707
696,21,374,444900,4153,2014,2139
697,21,374,445000,1509,720,789
698,21,374,445100,3659,1823,1836
699,21,374,445200,3454,1685,1769
700,21,374,445300,4683,2365,2318
701,21,374,445400,813,418,395
702,21,374,445500,1586,782,804
703,21,374,445600,946,457,489
704,21,374,445700,821,437,384
705,21,374,445800,754,364,390
706,21,374,445900,1606,823,783
707,21,374,446000,1414,696,718
708,21,374,446100,760,376,384
709,21,374,446200,955,468,487
710,21,374,446300,907,449,458
711,21,374,446400,248,138,110
712,21,374,446500,1448,741,707
713,21,374,446600,543,281,262
714,21,374,446700,0,0,0
715,21,374,446800,138,66,72
716,21,374,446900,383,193,190
717,21,374,447000,0,0,0
718,21,374,447100,674,329,345
719,21,374,447200,3729,1929,1800
720,21,374,447300,3791,1911,1880
721,21,374,447400,1692,838,854
722,21,374,447500,1922,962,960
723,21,374,447600,84,42,42
724,21,374,447700,1547,783,764
725,21,374,447800,2056,1010,1046
726,21,374,447900,3085,1586,1499
727,21,374,448000,1209,600,609
728,21,374,448100,1540,783,757
729,21,374,448200,515,238,277
730,21,374,448300,2177,1113,1064
731,21,374,448400,2903,1450,1453
732,21,374,448500,6181,3105,3076
733,21,374,448600,758,386,372
734,21,374,448700,2996,1538,1458
735,21,374,448800,1837,936,901
736,21,374,448900,2604,1311,1293
737,21,374,449000,2314,1116,1198
738,21,374,449100,1496,759,737
739,21,374,449200,2685,1331,1354
740,21,374,449300,779,387,392
741,21,374,449400,1310,664,646
742,21,374,449500,827,405,422
743,21,374,449600,1637,839,798
744,21,374,449700,1713,719,994
745,21,374,449800,1422,698,724
746,21,374,449900,2603,1281,1322
747,21,374,450000,152,74,78
748,21,374,450100,5790,2898,2892
749,21,374,450200,2102,1065,1037
750,21,374,450300,506,238,268
751,21,374,450400,2872,1416,1456
752,21,374,450500,2354,1157,1197
753,21,374,450600,606,307,299
754,21,374,450700,293,147,146
755,21,374,450800,610,298,312
756,21,374,450900,253,131,122
757,21,374,451000,216,105,111
758,21,374,451100,1270,619,651
759,21,374,451200,1622,841,781
760,21,374,451300,850,432,418
761,21,374,451400,1532,771,761
762,21,374,451500,730,359,371
763,21,374,451600,754,377,377
764,21,374,451700,466,244,222
765,21,374,451800,472,242,230
766,21,374,451900,743,379,364
767,21,374,452000,728,343,385
768,21,374,452100,222,98,124
769,21,374,452200,1198,558,640
770,21,374,452300,566,289,277
771,21,374,452400,156,82,74
772,21,374,452500,157,84,73
773,21,374,452600,620,323,297
774,21,374,452700,1080,516,564
775,21,374,452800,1249,606,643
776,21,374,452900,210,90,120
777,21,374,453000,927,459,468
778,21,374,453100,905,457,448
779,21,374,453200,426,230,196
780,21,374,453300,429,216,213
781,21,374,453400,386,197,189
782,21,374,453500,233,109,124
783,21,374,453600,767,392,375
784,21,374,453700,228,102,126
785,21,374,453800,136,67,69
786,21,374,453900,102,46,56
787,21,374,454000,261,128,133
788,21,374,454100,182,85,97
789,21,374,454200,723,365,358
790,21,374,454300,744,364,380
791,21,374,454400,798,413,385
792,21,374,454500,249,128,121
793,21,374,454600,113,51,62
794,21,374,454700,784,380,404
795,21,374,454800,282,139,143
796,21,374,454900,212,117,95
797,21,374,455000,978,486,492
798,21,374,455100,789,394,395
799,21,374,455200,1181,592,589
800,21,374,455300,857,447,410
801,21,374,455400,572,283,289
802,21,374,455500,393,187,206
803,21,374,455600,495,240,255
804,21,374,455700,3904,1948,1956
805,21,374,455800,1136,547,589
806,21,374,455900,1913,968,945
807,21,374,456000,670,335,335
808,21,374,456100,801,401,400
809,21,374,456200,521,249,272
810,21,374,456300,953,503,450
811,21,374,456400,922,463,459
812,21,374,456500,3007,1568,1439
813,21,374,456600,1159,602,557
814,21,374,456700,968,484,484
815,21,374,456800,839,415,424
816,21,374,456900,2811,1407,1404
817,21,374,457000,3257,1602,1655
818,21,374,457100,848,433,415
819,21,374,457200,842,426,416
820,21,374,457300,1778,857,921
821,21,374,457400,1579,874,705
822,21,374,457500,176,88,88
823,21,374,457600,216,98,118
824,21,374,457700,293,144,149
825,21,374,457800,421,200,221
826,21,374,457900,632,295,337
827,21,374,458000,1269,623,646
828,21,374,458100,12,4,8
829,21,374,458200,743,354,389
830,21,374,458300,328,152,176
831,21,374,458400,0,0,0
832,21,374,458500,89,43,46
833,21,374,458600,0,0,0
834,21,374,458700,432,214,218
835,21,374,458800,1484,779,705
836,21,374,458900,410,204,206
837,21,374,459000,1304,678,626
838,21,374,459100,1251,616,635
839,21,374,459200,3876,1992,1884
840,21,374,459300,453,212,241
841,21,374,459400,120,62,58
842,21,374,459500,1196,576,620
843,21,374,459600,401,200,201
844,21,374,459700,981,504,477
845,21,374,459800,290,131,159
846,21,374,459900,250,131,119
847,21,374,460000,674,328,346
848,21,374,460100,534,162,372
849,21,374,460200,410,211,199
850,21,374,460300,793,392,401
851,21,374,460400,458,238,220
852,21,374,460500,951,472,479
853,21,374,460600,503,256,247
854,21,374,460700,257,121,136
855,21,374,460800,192,84,108
856,21,374,460900,259,125,134
857,21,374,461000,1120,563,557
858,21,374,461100,881,459,422
859,21,374,461200,574,301,273
860,21,374,461300,13,8,5
861,21,374,461400,1004,483,521
862,21,374,461500,882,429,453
863,21,374,461600,636,321,315
864,21,374,461700,1283,634,649
865,21,374,461800,1239,612,627
866,21,374,461900,1334,687,647
867,21,374,462000,413,205,208
868,21,374,462100,338,176,162
869,21,374,462200,1485,744,741
870,21,374,462300,1516,773,743
871,21,374,462400,1925,991,934
872,21,374,462500,1181,569,612
873,21,374,462600,749,370,379
874,21,374,462700,319,150,169
875,21,374,462800,515,248,267
876,21,374,462900,299,169,130
877,21,374,463000,1215,606,609
878,21,374,463100,1316,630,686
879,21,374,463200,858,424,434
880,21,374,463300,130,73,57
881,21,374,463400,195,94,101
882,21,374,463500,1527,783,744
883,21,374,463600,7338,3767,3571
884,21,374,463700,889,435,454
885,21,374,463800,799,410,389
886,21,374,463900,280,136,144
887,21,374,464000,1381,729,652
888,21,374,464100,378,180,198
889,21,374,464200,468,232,236
890,21,374,464300,2800,1432,1368
891,21,374,464400,795,404,391
892,21,374,464500,315,149,166
893,21,374,464600,418,222,196
894,21,374,464700,281,142,139
895,21,374,464800,1339,683,656
896,21,374,464900,666,347,319
897,21,374,465000,1140,558,582
898,21,374,465100,504,237,267
899,21,374,465200,545,267,278
900,21,374,465300,859,412,447
901,21,374,465400,88,44,44
902,21,374,465500,845,408,437
903,21,374,465600,638,303,335
904,21,374,465700,652,315,337
905,21,374,465800,1201,595,606
906,21,374,465900,743,379,364
907,21,374,466000,1009,490,519
908,21,374,466100,128,59,69
909,21,374,466200,839,410,429
910,21,374,466300,569,279,290
911,21,374,466400,289,145,144
912,21,374,466500,372,181,191
913,21,374,466600,1375,716,659
914,21,374,466700,512,276,236
915,21,374,466800,1217,616,601
916,21,374,466900,2019,1030,989
917,21,374,467000,2848,1349,1499
918,21,374,467100,288,148,140
919,21,374,467200,600,298,302
920,21,374,467300,552,260,292
921,21,374,467400,1809,903,906
922,21,374,467500,4277,2152,2125
923,21,374,467600,751,463,288
924,21,374,467700,1982,1023,959
925,21,374,467800,427,218,209
926,21,374,467900,445,219,226
927,21,374,468000,759,379,380
928,21,374,468100,2002,973,1029
929,21,374,468200,456,233,223
930,21,374,468300,1738,897,841
931,21,374,468400,607,300,307
932,21,374,468500,480,238,242
933,21,374,468600,505,247,258
934,21,374,468700,1169,595,574
935,21,374,468800,1122,554,568
936,21,374,468900,0,0,0
937,21,374,469000,1687,841,846
938,21,374,469100,809,408,401
939,21,374,469200,1631,846,785
940,21,374,469300,3081,1555,1526
941,21,374,469400,951,465,486
942,21,374,469500,914,436,478
943,21,374,469600,1219,594,625
944,21,374,469700,1169,602,567
945,21,374,469800,997,466,531
946,21,374,469900,972,479,493
947,21,374,470000,614,327,287
948,21,374,470100,280,142,138
949,21,374,470200,447,236,211
950,21,374,470300,82,32,50
951,21,374,470400,686,320,366
952,21,374,470500,329,174,155
953,21,374,470600,1801,875,926
954,21,374,470700,1340,680,660
955,21,374,470800,686,341,345
956,21,374,470900,360,176,184
957,21,374,471000,349,176,173
958,21,374,471100,833,405,428
959,21,374,471200,704,333,371
960,21,374,471300,794,392,402
961,21,374,471400,436,216,220
962,21,374,471500,421,193,228
963,21,374,471600,309,147,162
964,21,374,471700,1320,670,650
965,21,374,471800,42,13,29
966,21,374,471900,1056,535,521
967,21,374,472000,1008,487,521
968,21,374,472100,1148,592,556
969,21,374,472200,882,449,433
970,21,374,472300,670,329,341
971,21,374,472400,577,288,289
972,21,374,472500,638,319,319
973,21,374,472600,245,132,113
974,21,374,472700,190,97,93
975,21,374,472800,1243,634,609
976,21,374,472900,1117,552,565
977,21,374,473000,553,282,271
978,21,374,473100,3838,1949,1889
979,21,374,473200,2057,1029,1028
980,21,374,473300,1216,607,609
981,21,374,473400,751,383,368
982,21,374,473500,464,233,231
983,21,374,473600,853,413,440
984,21,374,473700,445,213,232
985,21,374,473800,355,168,187
986,21,374,473900,244,116,128
987,21,374,474000,592,290,302
988,21,374,474100,455,237,218
989,21,374,474200,719,359,360
990,21,374,474300,894,442,452
991,21,374,474400,911,452,459
992,21,374,474500,1539,774,765
993,21,374,474600,389,188,201
994,21,374,474700,297,145,152
995,21,374,474800,437,213,224
996,21,374,474900,862,411,451
997,21,374,475000,419,211,208
998,21,374,475100,603,301,302
999,21,374,475200,537,276,261
1000,21,374,475300,743,368,375
1001,21,374,475400,1700,839,861
1002,21,374,475500,818,404,414
1003,21,374,475600,611,301,310
1004,21,374,475700,1325,666,659
1005,21,374,475800,1815,925,890
1006,21,374,475900,728,386,342
1007,21,374,476000,385,197,188
1008,21,374,476100,543,250,293
1009,21,374,476200,108,48,60
1010,21,374,476300,523,362,161
1011,21,374,476400,486,233,253
1012,21,374,476500,228,113,115
1013,21,374,476600,935,471,464
1014,21,374,476700,768,354,414
1015,21,374,476800,746,391,355
1016,21,374,476900,631,321,310
1017,21,374,477000,795,401,394
1018,21,374,477100,504,252,252
1019,21,374,477200,655,331,324
1020,21,374,477300,336,160,176
1021,21,374,477400,958,457,501
1022,21,374,477500,782,389,393
1023,21,374,477600,958,480,478
1024,21,374,477700,648,386,262
1025,21,374,477800,457,210,247
1026,21,374,477900,236,112,124
1027,21,374,478000,18,11,7
1028,21,374,478100,985,486,499
1029,21,374,478200,226,112,114
1030,21,374,478300,403,216,187
1031,21,374,478400,0,0,0
1032,21,374,478500,1208,620,588
1033,21,374,478600,1128,566,562
1034,21,374,478700,281,142,139
1035,21,374,478800,1450,720,730
1036,21,374,478900,1262,625,637
1037,21,374,479000,1478,738,740
1038,21,374,479100,2089,1036,1053
1039,21,374,479200,512,259,253
1040,21,374,479300,1343,641,702
1041,21,374,479400,445,217,228
1042,21,374,479500,729,394,335
1043,21,374,479600,1269,654,615
1044,21,374,479700,1415,657,758
1045,21,374,479800,1822,914,908
1046,21,374,479900,641,345,296
1047,21,374,480000,2277,1157,1120
1048,21,374,480100,985,520,465
1049,21,374,480200,521,268,253
1050,21,374,480300,1351,676,675
1051,21,374,480400,1549,775,774
1052,21,374,480500,2829,1516,1313
1053,21,374,480600,632,308,324
1054,21,374,480700,791,392,399
1055,21,374,480800,1092,548,544
1056,21,374,480900,273,132,141
1057,21,374,481000,526,261,265
1058,21,374,481100,1209,585,624
1059,21,374,481200,155,77,78
1060,21,374,481300,399,201,198
1061,21,374,481400,419,204,215
1062,21,374,481500,4355,2201,2154
1063,21,374,481600,405,211,194
1064,21,374,481700,353,166,187
1065,21,374,481800,1619,965,654
1066,21,374,481900,2104,1040,1064
1067,21,374,482000,1827,894,933
1068,21,374,482100,1478,750,728
1069,21,374,482200,234,120,114
1070,21,374,482300,352,170,182
1071,21,374,482400,584,288,296
1072,21,374,482500,499,268,231
1073,21,374,482600,1661,872,789
1074,21,374,482700,853,415,438
1075,21,374,482800,1423,720,703
1076,21,374,482900,1160,584,576
1077,21,374,483000,650,330,320
1078,21,374,483100,2088,1037,1051
1079,21,374,483200,799,385,414
1080,21,374,483300,636,324,312
1081,21,374,483400,1365,691,674
1082,21,374,483500,491,248,243
1083,21,374,483600,196,91,105
1084,21,374,483700,2178,1117,1061
1085,21,374,483800,467,221,246
1086,21,374,483900,694,338,356
1087,21,374,484000,1178,596,582
1088,21,374,484100,250,117,133
1089,21,374,484200,429,216,213
1090,21,374,484300,43,29,14
1091,21,374,484400,1924,1028,896
1092,21,374,484500,1152,602,550
1093,21,374,484600,2116,1088,1028
1094,21,374,484700,1639,851,788
1095,21,374,484800,1607,801,806
1096,21,374,484900,1128,594,534
1097,21,374,485000,1677,810,867
1098,21,374,485100,1785,824,961
1099,21,374,485200,352,171,181
1100,21,374,485300,3526,1836,1690
1101,21,374,485400,902,463,439
1102,21,374,485500,316,150,166
1103,21,374,485600,813,417,396
1104,21,374,485700,2760,1367,1393
1105,21,374,485800,647,305,342
1106,21,374,485900,1536,775,761
1107,21,374,486000,1382,702,680
1108,21,374,486100,760,403,357
1109,21,374,486200,2096,1045,1051
1110,21,374,486300,1286,649,637
1111,21,374,486400,367,187,180
1112,21,374,486500,1895,925,970
1113,21,374,486600,3748,1783,1965
1114,21,374,486700,364,192,172
1115,21,374,486800,424,220,204
1116,21,374,486900,455,218,237
1117,21,374,487000,561,277,284
1118,21,374,487100,1208,577,631
1119,21,374,487200,1240,643,597
1120,21,374,487300,947,481,466
1121,21,374,487400,2018,1004,1014
1122,21,374,487500,364,184,180
1123,21,374,487600,675,328,347
1124,21,374,487700,20,12,8
1125,21,374,487800,2880,1454,1426
1126,21,374,487900,325,163,162
1127,21,374,488000,1061,546,515
1128,21,374,488100,2073,1055,1018
1129,21,374,488200,457,248,209
1130,21,374,488300,357,174,183
1131,21,374,488400,904,459,445
1132,21,374,488500,950,480,470
1133,21,374,488600,766,396,370
1134,21,374,488700,1328,681,647
1135,21,374,488800,3732,1927,1805
1136,21,374,488900,862,452,410
1137,21,374,489000,580,283,297
1138,21,374,489100,567,281,286
1139,21,374,489200,679,333,346
1140,21,374,489300,1005,482,523
1141,21,374,489400,295,156,139
1142,21,374,489500,455,234,221
1143,21,374,489600,447,224,223
1144,21,374,489700,903,464,439
1145,21,374,489800,1079,548,531
1146,21,374,489900,213,102,111
1147,21,374,490000,243,117,126
1148,21,374,490100,236,122,114
1149,21,374,490200,117,65,52
1150,21,374,490300,201,98,103
1151,21,374,490400,268,137,131
1152,21,374,490500,64,27,37
1153,21,374,490600,377,192,185
1154,21,374,490700,837,426,411
1155,21,374,490800,1112,564,548
1156,21,374,490900,137,68,69
1157,21,374,491000,1087,546,541
1158,21,374,491100,168,81,87
1159,21,374,491200,0,0,0
1160,21,374,491300,1183,559,624
1161,21,374,491400,875,450,425
1162,21,374,491500,1908,929,979
1163,21,374,491600,240,123,117
1164,21,374,491700,1121,561,560
1165,21,374,491800,957,475,482
1166,21,374,491900,481,229,252
1167,21,374,492000,572,266,306
1168,21,374,492100,369,184,185
1169,21,374,492200,150,78,72
1170,21,374,492300,960,491,469
1171,21,374,492400,1383,737,646
1172,21,374,492500,428,194,234
1173,21,374,492600,943,475,468
1174,21,374,492700,0,0,0
1175,21,374,492800,665,333,332
1176,21,374,492900,634,313,321
1177,21,374,493000,486,244,242
1178,21,374,493100,636,308,328
1179,21,374,493200,632,305,327
1180,21,374,493300,202,105,97
1181,21,374,493400,921,456,465
1182,21,374,493500,594,287,307
1183,21,374,493600,741,378,363
1184,21,374,493700,192,106,86
1185,21,374,493800,313,146,167
1186,21,374,493900,378,185,193
1187,21,374,494000,338,158,180
1188,21,374,494100,657,335,322
1189,21,374,494200,624,314,310
1190,21,374,494300,688,363,325
1191,21,374,494400,1103,530,573
1192,21,374,494500,287,147,140
1193,21,374,494600,487,252,235
1194,21,374,494700,157,75,82
1195,21,374,494800,1283,657,626
1196,21,374,494900,99,46,53
1197,21,374,495000,0,0,0
1198,21,374,495100,84,43,41
1199,21,374,495200,232,121,111
1200,21,374,495300,1994,983,1011
1201,21,374,495400,324,156,168
1202,21,374,495500,481,229,252
1203,21,374,495600,70,38,32
1204,21,374,495700,345,164,181
1205,21,374,495800,170,82,88
1206,21,374,495900,178,94,84
1207,21,374,496000,429,200,229
1208,21,374,496100,464,230,234
1209,21,374,496200,113,54,59
1210,21,374,496300,635,313,322
1211,21,374,496400,494,264,230
1212,21,374,496500,706,367,339
1213,21,374,496600,893,436,457
1214,21,374,496700,715,361,354
1215,21,374,496800,955,472,483
1216,21,374,496900,752,371,381
1217,21,374,497000,519,264,255
1218,21,374,497100,1078,579,499
1219,21,374,497200,488,237,251
1220,21,374,497300,568,279,289
1221,21,374,497400,453,213,240
1222,21,374,497500,1233,599,634
1223,21,374,497600,260,130,130
1224,21,374,497700,1211,609,602
1225,21,374,497800,1873,944,929
1226,21,374,497900,715,343,372
1227,21,374,498000,832,412,420
1228,21,374,498100,1214,606,608
1229,21,374,498200,287,164,123
1230,21,374,498300,1247,632,615
1231,21,374,498400,567,285,282
1232,21,374,498500,515,255,260
1233,21,374,498600,725,354,371
1234,21,374,498700,236,124,112
1235,21,374,498800,24,13,11
1236,21,374,498900,1168,595,573
1237,21,374,499000,389,201,188
1238,21,374,499100,526,259,267
1239,21,374,499200,1749,902,847
1240,21,374,499300,469,244,225
1241,21,374,499400,300,158,142
1242,21,374,499500,507,255,252
1243,21,374,499600,491,245,246
1244,21,374,499700,657,314,343
1245,21,374,499800,1729,925,804
1246,21,374,499900,888,447,441
1247,21,374,500000,394,195,199
1248,21,374,500100,275,148,127
1249,21,374,500200,88,43,45
1250,21,374,500300,241,121,120
1251,21,374,500400,453,245,208
1252,21,374,500500,719,361,358
1253,21,374,500600,355,185,170
1254,21,374,500700,258,133,125
1255,21,374,500800,445,221,224
1256,21,374,500900,602,308,294
1257,21,374,501000,486,243,243
1258,21,374,501100,712,347,365
1259,21,374,501200,1747,980,767
1260,21,374,501300,927,458,469
1261,21,374,501400,683,343,340
1262,21,374,501500,539,283,256
1263,21,374,501600,1958,993,965
1264,21,374,501700,508,257,251
1265,21,374,501800,360,178,182
1266,21,374,501900,758,352,406
1267,21,374,502000,0,0,0
1268,21,374,502100,2729,1461,1268
1269,21,374,502200,1074,550,524
1270,21,374,502300,2663,1458,1205
1271,21,374,502400,333,190,143
1272,21,374,502500,515,285,230
1273,21,374,502600,954,444,510
1274,21,374,502700,775,357,418
1275,21,374,502800,1079,538,541
1276,21,374,502900,729,351,378
1277,21,374,503000,779,403,376
1278,21,374,503100,753,407,346
1279,21,374,503200,291,139,152
1280,21,374,503300,507,267,240
1281,21,374,503400,743,383,360
1282,21,374,503500,113,62,51
1283,21,374,503600,460,243,217
1284,21,374,503700,1247,631,616
1285,21,374,503800,0,0,0
1286,21,374,503900,228,115,113
1287,21,374,504000,806,402,404
1288,21,374,504100,208,110,98
1289,21,374,504200,136,68,68
1290,21,374,504300,172,89,83
1291,21,374,504400,1423,697,726
1292,21,374,504500,67,37,30
1293,21,374,504600,211,102,109
1294,21,374,504700,118,64,54
1295,21,374,504800,0,0,0
1296,21,374,504900,872,436,436
1297,21,374,505000,252,132,120
1298,21,374,505100,616,307,309
1299,21,374,505200,304,150,154
1300,21,374,505300,688,320,368
1301,21,374,505400,5719,3005,2714
1302,21,374,505500,735,344,391
1303,21,374,505600,447,211,236
1304,21,374,505700,268,126,142
1305,21,374,505800,447,222,225
1306,21,374,505900,893,479,414
1307,21,374,506000,1249,616,633
1308,21,374,506100,1082,586,496
1309,21,374,506200,324,169,155
1310,21,374,506300,182,101,81
1311,21,374,506400,298,150,148
1312,21,374,506500,206,93,113
1313,21,374,506600,123,59,64
1314,21,374,506700,373,201,172
1315,21,374,506800,378,185,193
1316,21,374,506900,420,228,192
1317,21,374,507000,935,486,449
1318,21,374,507100,0,0,0
1319,21,374,507200,524,241,283
1320,21,374,507300,443,229,214
1321,21,374,507400,213,108,105
1322,21,374,507500,473,232,241
1323,21,374,507600,370,169,201
1324,21,374,507700,631,312,319
1325,21,374,507800,721,341,380
1326,21,374,507900,789,403,386
1327,21,374,508000,663,333,330
1328,21,374,508100,391,198,193
1329,21,374,508200,288,146,142
1330,21,374,508300,736,360,376
1331,21,374,508400,305,138,167
1332,21,374,508500,161,89,72
1333,21,374,508600,150,76,74
1334,21,374,508700,296,150,146
1335,21,374,508800,691,347,344
1336,21,374,508900,457,236,221
1337,21,374,509000,479,221,258
1338,21,374,509100,349,171,178
1339,21,374,509200,346,174,172
1340,21,374,509300,91,37,54
1341,21,374,509400,69,32,37
1342,21,374,509500,527,252,275
1343,21,374,509600,38,18,20
1344,21,374,509700,594,283,311
1345,21,374,509800,0,0,0
1346,21,374,509900,399,214,185
1347,21,374,510000,110,52,58
1348,21,374,510100,1660,824,836
1349,21,374,510200,1924,936,988
1350,21,374,510300,249,113,136
1351,21,374,510400,687,347,340
1352,21,374,510500,628,305,323
1353,21,374,510600,267,133,134
1354,21,374,510700,352,169,183
1355,21,374,510800,877,455,422
1356,21,374,510900,72,33,39
1357,21,374,511000,303,163,140
1358,21,374,511100,12,4,8
1359,21,374,511200,100,51,49
1360,21,374,511300,355,172,183
1361,21,374,511400,1095,556,539
1362,21,374,511500,688,327,361
1363,21,374,511600,287,146,141
1364,21,374,511700,611,307,304
1365,21,374,511800,803,408,395
1366,21,374,511900,682,345,337
1367,21,374,512000,464,230,234
1368,21,374,512100,83,45,38
1369,21,374,512200,1516,795,721
1370,21,374,512300,912,475,437
1371,21,374,512400,1061,551,510
1372,21,374,512500,240,128,112
1373,21,374,512600,138,64,74
1374,21,374,512700,139,67,72
1375,21,374,512800,200,109,91
1376,21,374,512900,256,120,136
1377,21,374,513000,130,59,71
1378,21,374,513100,218,110,108
1379,21,374,513200,371,197,174
1380,21,374,513300,714,345,369
1381,21,374,513400,678,329,349
1382,21,374,513500,0,0,0
1383,21,374,513600,689,328,361
1384,21,374,513700,9,5,4
1385,21,374,513800,128,64,64
1386,21,374,513900,45,28,17
1387,21,374,514000,437,216,221
1388,21,374,514100,769,399,370
1389,21,374,514200,928,489,439
1390,21,374,514300,532,277,255
1391,21,374,514400,329,171,158
1392,21,374,514500,1199,570,629
1393,21,374,514600,162,82,80
1394,21,374,514700,550,289,261
1395,21,374,514800,106,57,49
1396,21,374,514900,538,257,281
1397,21,374,515000,554,300,254
1398,21,374,515100,276,132,144
1399,21,374,515200,377,168,209
1400,21,374,515300,644,213,431
1401,21,374,515400,187,86,101
1402,21,374,515500,599,287,312
1403,21,374,515600,52,27,25
1404,21,374,515700,90,56,34
1405,21,374,515800,40,18,22
1406,21,374,515900,118,68,50
1407,21,374,516000,0,0,0
1408,21,374,516100,523,268,255
1409,21,374,516200,324,170,154
1410,21,374,516300,80,37,43
1411,21,374,516400,185,88,97
1412,21,374,516500,237,129,108
1413,21,374,516600,554,263,291
1414,21,374,516700,171,76,95
1415,21,374,516800,4,2,2
1416,21,374,516900,925,473,452
1417,21,374,517000,751,377,374
1418,21,374,517100,206,94,112
1419,21,374,517200,241,109,132
1420,21,374,517300,369,185,184
1421,21,374,517400,303,148,155
1422,21,374,517500,69,38,31
1423,21,374,517600,258,121,137
1424,21,374,517700,357,185,172
1425,21,374,517800,313,137,176
1426,21,374,517900,933,450,483
1427,21,374,518000,219,105,114
1428,21,374,518100,433,218,215
1429,21,374,518200,476,241,235
1430,21,374,518300,287,133,154
1431,21,374,518400,307,152,155
1432,21,374,518500,125,68,57
1433,21,374,518600,49,24,25
1434,21,374,518700,703,356,347
1435,21,374,518800,656,328,328
1436,21,374,518900,28,16,12
1437,21,374,519000,316,157,159
1438,21,374,519100,162,83,79
1439,21,374,519200,107,49,58
1440,21,374,519300,220,107,113
1441,21,374,519400,214,106,108
1442,21,374,519500,397,210,187
1443,21,374,519600,232,122,110
1444,21,374,519700,220,115,105
1445,21,374,519800,720,346,374
1446,21,374,519900,633,325,308
1447,21,374,520000,595,306,289
1448,21,374,520100,522,251,271
1449,21,374,520200,296,144,152
1450,21,374,520300,1463,744,719
1451,21,374,520400,512,242,270
1452,21,374,520500,1546,779,767
1453,21,374,520600,729,346,383
1454,21,374,520700,638,330,308
1455,21,374,520800,777,388,389
1456,21,374,520900,139,70,69
1457,21,374,521000,494,244,250
1458,21,374,521100,683,337,346
1459,21,374,521200,224,112,112
1460,21,374,521300,548,275,273
1461,21,374,521400,112,51,61
1462,21,374,521500,1960,985,975
1463,21,374,521600,3199,1656,1543
1464,21,374,521700,130,64,66
1465,21,374,521800,463,224,239
1466,21,374,521900,394,203,191
1467,21,374,522000,168,88,80
1468,21,374,522100,217,98,119
1469,21,374,522200,401,208,193
1470,21,374,522300,94,44,50
1471,21,374,522400,923,452,471
1472,21,374,522500,218,109,109
1473,21,374,522600,672,332,340
1474,21,374,522700,84,34,50
1475,21,374,522800,216,113,103
1476,21,374,522900,684,357,327
1477,21,374,523000,582,305,277
1478,21,374,523100,165,85,80
1479,21,374,523200,161,89,72
1480,21,374,523300,252,129,123
1481,21,374,523400,59,25,34
1482,21,374,523500,435,204,231
1483,21,374,523600,101,44,57
1484,21,374,523700,639,315,324
1485,21,374,523800,104,54,50
1486,21,374,523900,204,96,108
1487,21,374,524000,588,275,313
1488,21,374,524100,385,188,197
1489,21,374,524200,90,49,41
1490,21,374,524300,66,35,31
1491,21,374,524400,8,5,3
1492,21,374,524500,1422,676,746
1493,21,374,524600,2779,1375,1404
1494,21,374,524700,211,109,102
1495,21,374,524800,27,12,15
1496,21,374,524900,204,99,105
1497,21,374,525000,841,424,417
1498,21,374,525100,26,14,12
1499,21,374,525200,395,186,209
1500,21,374,525300,560,280,280
1501,21,374,525400,508,271,237
1502,21,374,525500,93,45,48
1503,21,374,525600,730,434,296
1504,21,374,525700,226,110,116
1505,21,374,525800,699,338,361
1506,21,374,525900,735,370,365
1507,21,374,526000,821,412,409
1508,21,374,526100,201,107,94
1509,21,374,526200,275,142,133
1510,21,374,526300,150,69,81
1511,21,374,526400,298,131,167
1512,21,374,526500,441,201,240
1513,21,374,526600,1106,556,550
1514,21,374,526700,681,337,344
1515,21,374,526800,247,122,125
1516,21,374,526900,319,152,167
1517,21,374,527000,58,26,32
1518,21,374,527100,141,72,69
1519,21,374,527200,145,78,67
1520,21,374,527300,129,67,62
1521,21,374,527400,729,345,384
1522,21,374,527500,66,42,24
1523,21,374,527600,293,142,151
1524,21,374,527700,519,249,270
1525,21,374,527800,341,178,163
1526,21,374,527900,498,255,243
1527,21,374,528000,519,258,261
1528,21,374,528100,544,260,284
1529,21,374,528200,289,130,159
1530,21,374,528300,72,34,38
1531,21,374,528400,89,45,44
1532,21,374,528500,1104,563,541
1533,21,374,528600,0,0,0
1534,21,374,528700,89,46,43
1535,21,374,528800,1668,838,830
1536,21,374,528900,306,148,158
1537,21,374,529000,612,283,329
1538,21,374,529100,24,13,11
1539,21,374,529200,230,117,113
1540,21,374,529300,252,133,119
1541,21,374,529400,389,177,212
1542,21,374,529500,504,245,259
1543,21,374,529600,725,364,361
1544,21,374,529700,575,292,283
1545,21,374,529800,236,126,110
1546,21,374,529900,304,138,166
1547,21,374,530000,1381,698,683
1548,21,374,530100,213,108,105
1549,21,374,530200,233,117,116
1550,21,374,530300,340,153,187
1551,21,374,530400,372,181,191
1552,21,374,530500,105,56,49
1553,21,374,530600,118,60,58
1554,21,374,530700,631,304,327
1555,21,374,530800,961,481,480
1556,21,374,530900,375,196,179
1557,21,374,531000,2028,1016,1012
1558,21,374,531100,1082,562,520
1559,21,374,531200,847,418,429
1560,21,374,531300,427,201,226
1561,21,374,531400,381,182,199
1562,21,374,531500,1587,790,797
1563,21,374,531600,1444,718,726
1564,21,374,531700,255,122,133
1565,21,374,531800,290,144,146
1566,21,374,531900,1747,885,862
1567,21,374,532000,429,206,223
1568,21,374,532100,718,386,332
1569,21,374,532200,248,131,117
1570,21,374,532300,1056,543,513
1571,21,374,532400,240,122,118
1572,21,374,532500,172,83,89
1573,21,374,532600,18,11,7
1574,21,374,532700,391,209,182
1575,21,374,532800,208,112,96
1576,21,374,532900,1151,595,556
1577,21,374,533000,187,80,107
1578,21,374,533100,49,27,22
1579,21,374,533200,138,73,65
1580,21,374,533300,2594,1267,1327
1581,21,374,533400,977,479,498
1582,21,374,533500,89,37,52
1583,21,374,533600,93,43,50
1584,21,374,533700,576,277,299
1585,21,374,533800,1109,558,551
1586,21,374,533900,263,124,139
1587,21,374,534000,323,152,171
1588,21,374,534100,11,5,6
1589,21,374,534200,76,34,42
1590,21,374,534300,536,260,276
1591,21,374,534400,715,364,351
1592,21,374,534500,339,160,179
1593,21,374,534600,244,123,121
1594,21,374,534700,482,230,252
1595,21,374,534800,348,180,168
1596,21,374,534900,630,324,306
1597,21,374,535000,273,131,142
1598,21,374,535100,442,220,222
1599,21,374,535200,370,196,174
1600,21,374,535300,293,153,140
1601,21,374,535400,131,61,70
1602,21,374,535500,1068,531,537
1603,21,374,535600,45,21,24
1604,21,374,535700,46,24,22
1605,21,374,535800,97,51,46
1606,21,374,535900,309,160,149
1607,21,374,536000,4,2,2
1608,21,374,536100,208,104,104
1609,21,374,536200,356,177,179
1610,21,374,536300,277,132,145
1611,21,374,536400,521,256,265
1612,21,374,536500,130,64,66
1613,21,374,536600,434,224,210
1614,21,374,536700,476,232,244
1615,21,374,536800,72,35,37
1616,21,374,536900,1384,678,706
1617,21,374,537000,291,147,144
1618,21,374,537100,117,60,57
1619,21,374,537200,753,384,369
1620,21,374,537300,346,169,177
1621,21,374,537400,29,12,17
1622,21,374,537500,323,152,171
1623,21,374,537600,689,362,327
1624,21,374,537700,626,307,319
1625,21,374,537800,250,121,129
1626,21,374,537900,673,354,319
1627,21,374,538000,707,357,350
1628,21,374,538100,1219,622,597
1629,21,374,538200,361,184,177
1630,21,374,538300,70,34,36
1631,21,374,538400,2112,1072,1040
1632,21,374,538500,7011,3683,3328
1633,21,374,538600,322,152,170
1634,21,374,538700,0,0,0
1635,21,374,538800,0,0,0
1636,21,374,538900,1106,532,574
1637,21,374,539000,75,42,33
1638,21,374,539100,90,52,38
1639,21,374,539200,282,134,148
1640,21,374,539300,744,367,377
1641,21,374,539400,144,68,76
1642,21,374,539500,0,0,0
1643,21,374,539600,20,11,9
1644,21,374,539700,80,37,43
1645,21,374,539800,571,280,291
1646,21,374,539900,316,164,152
1647,21,374,540000,284,150,134
1648,21,374,540100,298,144,154
1649,21,374,540200,535,267,268
1650,21,374,540300,70,41,29
1651,21,374,540400,40,22,18
1652,21,374,540500,277,134,143
1653,21,374,540600,203,94,109
1654,21,374,540700,968,484,484
1655,21,374,540800,10,5,5
1656,21,374,540900,426,212,214
1657,21,374,541000,172,96,76
1658,21,374,541100,885,437,448
1659,21,374,541200,234,129,105
1660,21,374,541300,0,0,0
1661,21,374,541400,799,372,427
1662,21,374,541500,133,67,66
1663,21,374,541600,516,260,256
1664,21,374,541700,1077,524,553
1665,21,374,541800,80,37,43
1666,21,374,541900,769,380,389
1667,21,374,542000,155,73,82
1668,21,374,542100,2316,1188,1128
1669,21,374,542200,1183,574,609
1670,21,374,542300,0,0,0
1671,21,374,542400,124,57,67
1672,21,374,542500,209,92,117
1673,21,374,542600,98,49,49
1674,21,374,542700,535,269,266
1675,21,374,542800,289,140,149
1676,21,374,542900,1140,588,552
1677,21,374,543000,0,0,0
1678,21,374,543100,578,266,312
1679,21,374,543200,35,17,18
1680,21,374,543300,742,375,367
1681,21,374,543400,0,0,0
1682,21,374,543500,21,11,10
1683,21,374,543600,529,274,255
1684,21,374,543700,0,0,0
1685,21,374,543800,404,204,200
1686,21,374,543900,1143,588,555
1687,21,374,544000,0,0,0
1688,21,374,544100,0,0,0
1689,21,374,544200,275,138,137
1690,21,374,544300,288,140,148
1691,21,374,544400,1763,910,853
1692,21,374,544500,652,332,320
1693,21,374,544600,625,313,312
1694,21,374,544700,360,190,170
1695,21,374,544800,646,321,325
1696,21,374,544900,722,356,366
1697,21,374,545000,188,97,91
1698,21,374,545100,91,51,40
1699,21,374,545200,450,228,222
1700,21,374,545300,150,75,75
1701,21,374,545400,244,122,122
1702,21,374,545500,725,364,361
1703,21,374,545600,101,49,52
1704,21,374,545700,196,84,112
1705,21,374,545800,100,51,49
1706,21,374,545900,77,37,40
1707,21,374,546000,894,421,473
1708,21,374,546100,46,19,27
1709,21,374,546200,1498,760,738
1710,21,374,546300,1376,674,702
1711,21,374,546400,0,0,0
1712,21,374,546500,1702,871,831
1713,21,374,546600,1639,838,801
1714,21,374,546700,330,168,162
1715,21,374,546800,407,192,215
1716,21,374,546900,654,313,341
1717,21,374,547000,0,0,0
1718,21,374,547100,939,459,480
1719,21,374,547200,627,308,319
1720,21,374,547300,598,279,319
1721,21,374,547400,24,14,10
1722,21,374,547500,363,176,187
1723,21,374,547600,61,28,33
1724,21,374,547700,1461,736,725
1725,21,374,547800,240,118,122
1726,21,374,547900,287,144,143
1727,21,374,548000,269,136,133
1728,21,374,548100,360,172,188
1729,21,374,548200,1315,666,649
1730,21,374,548300,245,116,129
1731,21,374,548400,255,132,123
1732,21,374,548500,1048,532,516
1733,21,374,548600,702,359,343
1734,21,374,548700,1809,994,815
1735,21,374,548800,648,331,317
1736,21,374,548900,622,327,295
1737,21,374,549000,399,198,201
1738,21,374,549100,62,33,29
1739,21,374,549200,133,61,72
1740,21,374,549300,431,210,221
1741,21,374,549400,694,332,362
1742,21,374,549500,570,291,279
1743,21,374,549600,377,185,192
1744,21,374,549700,1581,802,779
1745,21,374,549800,1023,511,512
1746,21,374,549900,891,434,457
1747,21,374,550000,283,132,151
1748,21,374,550100,686,330,356
1749,21,374,550200,68,34,34
1750,21,374,550300,19,6,13
1751,21,374,550400,72,35,37
1752,21,374,550500,64,34,30
1753,21,374,550600,60,30,30
1754,21,374,550700,85,38,47
1755,21,374,550800,295,149,146
1756,21,374,550900,458,218,240
1757,21,374,551000,494,241,253
1758,21,374,551100,602,292,310
1759,21,374,551200,498,260,238
1760,21,374,551300,346,154,192
1761,21,374,551400,610,296,314
1762,21,374,551500,941,466,475
1763,21,374,551600,197,110,87
