,Statecode,Districtcode,VillageCode,Population,Males,Females
0,21,376,763900,808,405,403
1,21,376,764000,665,334,331
2,21,376,764100,245,123,122
3,21,376,764200,732,350,382
4,21,376,764300,412,192,220
5,21,376,764400,672,322,350
6,21,376,764500,1232,624,608
7,21,376,764600,164,79,85
8,21,376,764700,294,141,153
9,21,376,764800,631,311,320
10,21,376,764900,304,152,152
11,21,376,765000,449,211,238
12,21,376,765100,458,227,231
13,21,376,765200,227,111,116
14,21,376,765300,1184,575,609
15,21,376,765400,844,428,416
16,21,376,765500,583,284,299
17,21,376,765600,389,196,193
18,21,376,765700,806,423,383
19,21,376,765800,0,0,0
20,21,376,765900,1494,717,777
21,21,376,766000,360,169,191
22,21,376,766100,1527,761,766
23,21,376,766200,296,135,161
24,21,376,766300,371,181,190
25,21,376,766400,480,236,244
26,21,376,766500,359,190,169
27,21,376,766600,665,310,355
28,21,376,766700,855,427,428
29,21,376,766800,806,422,384
30,21,376,766900,617,310,307
31,21,376,767000,955,452,503
32,21,376,767100,812,392,420
33,21,376,767200,896,452,444
34,21,376,767300,548,254,294
35,21,376,767400,1707,885,822
36,21,376,767500,488,236,252
37,21,376,767600,687,305,382
38,21,376,767700,658,299,359
39,21,376,767800,678,312,366
40,21,376,767900,716,351,365
41,21,376,768000,452,230,222
42,21,376,768100,514,256,258
43,21,376,768200,542,275,267
44,21,376,768300,932,480,452
45,21,376,768400,788,400,388
46,21,376,768500,401,211,190
47,21,376,768600,801,379,422
48,21,376,768700,1211,585,626
49,21,376,768800,1201,581,620
50,21,376,768900,370,188,182
51,21,376,769000,295,145,150
52,21,376,769100,1459,729,730
53,21,376,769200,580,291,289
54,21,376,769300,319,163,156
55,21,376,769400,398,181,217
56,21,376,769500,53,28,25
57,21,376,769600,315,155,160
58,21,376,769700,269,130,139
59,21,376,769800,2324,1183,1141
60,21,376,769900,448,219,229
61,21,376,770000,1652,830,822
62,21,376,770100,1704,830,874
63,21,376,770200,549,277,272
64,21,376,770300,866,429,437
65,21,376,770400,478,239,239
66,21,376,770500,327,163,164
67,21,376,770600,839,429,410
68,21,376,770700,581,301,280
69,21,376,770800,154,69,85
70,21,376,770900,353,162,191
71,21,376,771000,580,266,314
72,21,376,771100,1256,623,633
73,21,376,771200,665,345,320
74,21,376,771300,732,385,347
75,21,376,771400,1200,606,594
76,21,376,771500,911,460,451
77,21,376,771600,530,267,263
78,21,376,771700,177,84,93
79,21,376,771800,521,243,278
80,21,376,771900,557,269,288
81,21,376,772000,359,172,187
82,21,376,772100,625,317,308
83,21,376,772200,842,435,407
84,21,376,772300,1059,541,518
85,21,376,772400,0,0,0
86,21,376,772500,1954,933,1021
87,21,376,772600,888,430,458
88,21,376,772700,1169,582,587
89,21,376,772800,3337,1688,1649
90,21,376,772900,1048,515,533
91,21,376,773000,972,473,499
92,21,376,773100,533,266,267
93,21,376,773200,443,216,227
94,21,376,773300,536,261,275
95,21,376,773400,475,248,227
96,21,376,773500,711,366,345
97,21,376,773600,675,349,326
98,21,376,773700,400,205,195
99,21,376,773800,296,149,147
100,21,376,773900,1144,554,590
101,21,376,774000,279,131,148
102,21,376,774100,743,389,354
103,21,376,774200,290,129,161
104,21,376,774300,369,167,202
105,21,376,774400,720,369,351
106,21,376,774500,701,350,351
107,21,376,774600,1008,503,505
108,21,376,774700,124,63,61
109,21,376,774800,300,154,146
110,21,376,774900,855,426,429
111,21,376,775000,588,310,278
112,21,376,775100,934,474,460
113,21,376,775200,0,0,0
114,21,376,775300,295,146,149
115,21,376,775400,1344,661,683
116,21,376,775500,3633,1895,1738
117,21,376,775600,405,189,216
118,21,376,775700,911,424,487
119,21,376,775800,56,32,24
120,21,376,775900,2352,1169,1183
121,21,376,776000,1722,848,874
122,21,376,776100,2069,1045,1024
123,21,376,776200,290,126,164
124,21,376,776300,151,81,70
125,21,376,776400,2000,984,1016
126,21,376,776500,639,339,300
127,21,376,776600,472,240,232
128,21,376,776700,30,15,15
129,21,376,776800,933,456,477
130,21,376,776900,335,160,175
131,21,376,777000,437,217,220
132,21,376,777100,1049,477,572
133,21,376,777200,635,308,327
134,21,376,777300,494,247,247
135,21,376,777400,635,317,318
136,21,376,777500,471,226,245
137,21,376,777600,598,295,303
138,21,376,777700,188,98,90
139,21,376,777800,3559,1823,1736
140,21,376,777900,857,444,413
141,21,376,778000,963,489,474
142,21,376,778100,1178,587,591
143,21,376,778200,2714,1366,1348
144,21,376,778300,5513,2753,2760
145,21,376,778400,197,97,100
146,21,376,778500,377,196,181
147,21,376,778600,732,372,360
148,21,376,778700,1422,726,696
149,21,376,778800,937,477,460
150,21,376,778900,730,363,367
151,21,376,779000,428,199,229
152,21,376,779100,360,175,185
153,21,376,779200,747,388,359
154,21,376,779300,417,202,215
155,21,376,779400,383,183,200
156,21,376,779500,362,172,190
157,21,376,779600,1254,619,635
158,21,376,779700,0,0,0
159,21,376,779800,1788,908,880
160,21,376,779900,1783,898,885
161,21,376,780000,0,0,0
162,21,376,780100,608,312,296
163,21,376,780200,1894,932,962
164,21,376,780300,776,395,381
165,21,376,780400,404,199,205
166,21,376,780500,293,143,150
167,21,376,780600,949,463,486
168,21,376,780700,378,189,189
169,21,376,780800,155,74,81
170,21,376,780900,795,419,376
171,21,376,781000,545,275,270
172,21,376,781100,462,220,242
173,21,376,781200,557,265,292
174,21,376,781300,567,286,281
175,21,376,781400,983,455,528
176,21,376,781500,791,410,381
177,21,376,781600,265,143,122
178,21,376,781700,392,206,186
179,21,376,781800,256,125,131
180,21,376,781900,1244,616,628
181,21,376,782000,223,115,108
182,21,376,782100,141,72,69
183,21,376,782200,862,428,434
184,21,376,782300,472,225,247
185,21,376,782400,917,445,472
186,21,376,782500,309,155,154
187,21,376,782600,369,183,186
188,21,376,782700,361,164,197
189,21,376,782800,475,244,231
190,21,376,782900,783,395,388
191,21,376,783000,352,162,190
192,21,376,783100,0,0,0
193,21,376,783200,358,190,168
194,21,376,783300,162,75,87
195,21,376,783400,1152,555,597
196,21,376,783500,1674,879,795
197,21,376,783600,1164,605,559
198,21,376,783700,157,74,83
199,21,376,783800,162,88,74
200,21,376,783900,693,347,346
201,21,376,784000,2663,1280,1383
202,21,376,784100,198,91,107
203,21,376,784200,611,287,324
204,21,376,784300,1402,676,726
205,21,376,784400,203,103,100
206,21,376,784500,528,247,281
207,21,376,784600,329,167,162
208,21,376,784700,380,191,189
209,21,376,784800,774,366,408
210,21,376,784900,924,448,476
211,21,376,785000,968,480,488
212,21,376,785100,284,137,147
213,21,376,785200,1064,532,532
214,21,376,785300,587,301,286
215,21,376,785400,729,379,350
216,21,376,785500,945,462,483
217,21,376,785600,469,239,230
218,21,376,785700,966,469,497
219,21,376,785800,403,203,200
220,21,376,785900,686,326,360
221,21,376,786000,902,438,464
222,21,376,786100,710,343,367
223,21,376,786200,948,439,509
224,21,376,786300,1004,478,526
225,21,376,786400,1398,698,700
226,21,376,786500,327,175,152
227,21,376,786600,661,324,337
228,21,376,786700,672,326,346
229,21,376,786800,1121,572,549
230,21,376,786900,1188,587,601
231,21,376,787000,407,196,211
232,21,376,787100,1014,513,501
233,21,376,787200,1698,948,750
234,21,376,787300,984,482,502
235,21,376,787400,1972,964,1008
236,21,376,787500,353,175,178
237,21,376,787600,1954,974,980
238,21,376,787700,135,69,66
239,21,376,787800,736,360,376
240,21,376,787900,2538,1277,1261
241,21,376,788000,1278,615,663
242,21,376,788100,945,473,472
243,21,376,788200,558,277,281
244,21,376,788300,1214,614,600
245,21,376,788400,231,106,125
246,21,376,788500,165,75,90
247,21,376,788600,1222,568,654
248,21,376,788700,1327,625,702
249,21,376,788800,563,264,299
250,21,376,788900,827,422,405
251,21,376,789000,930,453,477
252,21,376,789100,896,441,455
253,21,376,789200,1483,729,754
254,21,376,789300,261,133,128
255,21,376,789400,97,43,54
256,21,376,789500,0,0,0
257,21,376,789600,870,432,438
258,21,376,789700,704,355,349
259,21,376,789800,1095,531,564
260,21,376,789900,362,168,194
261,21,376,790000,319,148,171
262,21,376,790100,1204,587,617
263,21,376,790200,129,61,68
264,21,376,790300,502,245,257
265,21,376,790400,69,33,36
266,21,376,790500,622,298,324
267,21,376,790600,0,0,0
268,21,376,790700,1134,573,561
269,21,376,790800,830,375,455
270,21,376,790900,452,227,225
271,21,376,791000,122,63,59
272,21,376,791100,139,64,75
273,21,376,791200,320,159,161
274,21,376,791300,183,92,91
275,21,376,791400,351,163,188
276,21,376,791500,414,223,191
277,21,376,791600,703,371,332
278,21,376,791700,1311,673,638
279,21,376,791800,402,203,199
280,21,376,791900,275,148,127
281,21,376,792000,231,116,115
282,21,376,792100,252,124,128
283,21,376,792200,446,213,233
284,21,376,792300,707,334,373
285,21,376,792400,515,256,259
286,21,376,792500,1184,566,618
287,21,376,792600,475,235,240
288,21,376,792700,163,79,84
289,21,376,792800,0,0,0
290,21,376,792900,87,44,43
291,21,376,793000,39,19,20
292,21,376,793100,148,72,76
293,21,376,793200,0,0,0
294,21,376,793300,71,36,35
295,21,376,793400,50,19,31
296,21,376,793500,183,92,91
297,21,376,793600,120,52,68
298,21,376,793700,116,61,55
299,21,376,793800,1073,585,488
300,21,376,793900,627,301,326
301,21,376,794000,628,290,338
302,21,376,794100,160,84,76
303,21,376,794200,784,393,391
304,21,376,794300,972,470,502
305,21,376,794400,257,118,139
306,21,376,794500,401,199,202
307,21,376,794600,301,147,154
308,21,376,794700,1061,545,516
309,21,376,794800,0,0,0
310,21,376,794900,498,232,266
311,21,376,795000,676,342,334
312,21,376,795100,2595,1289,1306
313,21,376,795200,18,9,9
314,21,376,795300,1333,668,665
315,21,376,795400,728,329,399
316,21,376,795500,1844,933,911
317,21,376,795600,662,321,341
318,21,376,795700,1418,733,685
319,21,376,795800,258,130,128
320,21,376,795900,9,4,5
321,21,376,796000,103,48,55
322,21,376,796100,329,154,175
323,21,376,796200,47,21,26
324,21,376,796300,427,219,208
325,21,376,796400,392,198,194
326,21,376,796500,0,0,0
327,21,376,796600,394,197,197
328,21,376,796700,329,152,177
329,21,376,796800,190,82,108
330,21,376,796900,346,157,189
331,21,376,797000,534,260,274
332,21,376,797100,108,47,61
333,21,376,797200,291,149,142
334,21,376,797300,0,0,0
335,21,376,797400,241,114,127
336,21,376,797500,114,58,56
337,21,376,797600,253,117,136
338,21,376,797700,174,78,96
339,21,376,797800,458,232,226
340,21,376,797900,0,0,0
341,21,376,798000,232,121,111
342,21,376,798100,0,0,0
343,21,376,798200,226,99,127
344,21,376,798300,91,48,43
345,21,376,798400,0,0,0
346,21,376,798500,123,62,61
347,21,376,798600,45,20,25
348,21,376,798700,0,0,0
349,21,376,798800,37,18,19
350,21,376,798900,10,4,6
351,21,376,799000,0,0,0
352,21,376,799100,49,22,27
353,21,376,799200,268,133,135
354,21,376,799300,0,0,0
355,21,376,799400,158,75,83
356,21,376,799500,171,75,96
357,21,376,799600,0,0,0
358,21,376,799700,332,165,167
359,21,376,799800,441,220,221
360,21,376,799900,367,183,184
361,21,376,800000,397,192,205
362,21,376,800100,288,147,141
363,21,376,800200,1239,625,614
364,21,376,800300,138,71,67
365,21,376,800400,598,275,323
366,21,376,800500,363,184,179
367,21,376,800600,0,0,0
368,21,376,800700,500,261,239
369,21,376,800800,608,307,301
370,21,376,800900,350,181,169
371,21,376,801000,281,140,141
372,21,376,801100,67,33,34
373,21,376,801200,61,38,23
374,21,376,801300,290,147,143
375,21,376,801400,91,44,47
376,21,376,801500,223,105,118
377,21,376,801600,73,37,36
378,21,376,801700,296,143,153
379,21,376,801800,224,109,115
380,21,376,801900,84,46,38
381,21,376,802000,709,343,366
382,21,376,802100,227,113,114
383,21,376,802200,393,176,217
384,21,376,802300,418,201,217
385,21,376,802400,303,158,145
386,21,376,802500,81,33,48
387,21,376,802600,709,285,424
388,21,376,802700,23,9,14
389,21,376,802800,274,145,129
390,21,376,802900,540,293,247
391,21,376,803000,631,303,328
392,21,376,803100,384,203,181
393,21,376,803200,0,0,0
394,21,376,803300,208,98,110
395,21,376,803400,460,224,236
396,21,376,803500,0,0,0
397,21,376,803600,123,66,57
398,21,376,803700,0,0,0
399,21,376,803800,486,237,249
400,21,376,803900,0,0,0
401,21,376,804000,643,316,327
402,21,376,804100,304,151,153
403,21,376,804200,636,309,327
404,21,376,804300,230,115,115
405,21,376,804400,786,398,388
406,21,376,804500,223,111,112
407,21,376,804600,1050,487,563
408,21,376,804700,198,98,100
409,21,376,804800,302,139,163
410,21,376,804900,264,135,129
411,21,376,805000,75,41,34
412,21,376,805100,303,164,139
413,21,376,805200,0,0,0
414,21,376,805300,1093,541,552
415,21,376,805400,351,169,182
416,21,376,805500,196,98,98
417,21,376,805600,1810,916,894
418,21,376,805700,616,315,301
419,21,376,805800,883,455,428
420,21,376,805900,1027,500,527
421,21,376,806000,985,479,506
422,21,376,806100,981,463,518
423,21,376,806200,648,295,353
424,21,376,806300,971,468,503
425,21,376,806400,239,117,122
426,21,376,806500,15,5,10
427,21,376,806600,530,262,268
428,21,376,806700,2120,1053,1067
429,21,376,806800,744,360,384
430,21,376,806900,82,40,42
431,21,376,807000,220,101,119
432,21,376,807100,343,172,171
433,21,376,807200,0,0,0
434,21,376,807300,581,275,306
435,21,376,807400,201,101,100
436,21,376,807500,309,142,167
437,21,376,807600,906,441,465
438,21,376,807700,834,422,412
439,21,376,807800,966,466,500
440,21,376,807900,938,471,467
441,21,376,808000,533,283,250
442,21,376,808100,436,222,214
443,21,376,808200,1342,643,699
444,21,376,808300,655,325,330
445,21,376,808400,410,208,202
446,21,376,808500,1306,678,628
447,21,376,808600,890,456,434
448,21,376,808700,795,403,392
449,21,376,808800,779,379,400
450,21,376,808900,691,346,345
451,21,376,809000,1127,553,574
452,21,376,809100,729,336,393
453,21,376,809200,378,196,182
454,21,376,809300,844,420,424
455,21,376,809400,398,207,191
456,21,376,809500,488,240,248
457,21,376,809600,698,338,360
458,21,376,809700,533,273,260
459,21,376,809800,537,268,269
460,21,376,809900,2029,1044,985
461,21,376,810000,108,56,52
462,21,376,810100,633,294,339
463,21,376,810200,1280,630,650
464,21,376,810300,477,241,236
465,21,376,810400,828,406,422
466,21,376,810500,236,111,125
467,21,376,810600,2248,1118,1130
468,21,376,810700,542,265,277
469,21,376,810800,347,160,187
470,21,376,810900,1061,517,544
471,21,376,811000,2249,1120,1129
472,21,376,811100,532,244,288
473,21,376,811200,140,60,80
474,21,376,811300,1070,521,549
475,21,376,811400,923,454,469
476,21,376,811500,693,349,344
477,21,376,811600,401,190,211
478,21,376,811700,3058,1532,1526
479,21,376,811800,345,180,165
480,21,376,811900,662,308,354
481,21,376,812000,886,453,433
482,21,376,812100,728,362,366
483,21,376,812200,634,313,321
484,21,376,812300,641,341,300
485,21,376,812400,1433,738,695
486,21,376,812500,100,52,48
487,21,376,812600,1134,532,602
488,21,376,812700,1023,517,506
489,21,376,812800,336,165,171
490,21,376,812900,1269,633,636
491,21,376,813000,1039,499,540
492,21,376,813100,899,428,471
493,21,376,813200,630,298,332
494,21,376,813300,254,120,134
495,21,376,813400,525,267,258
496,21,376,813500,1719,831,888
497,21,376,813600,0,0,0
498,21,376,813700,447,213,234
499,21,376,813800,0,0,0
500,21,376,813900,465,225,240
501,21,376,814000,199,98,101
502,21,376,814100,1171,597,574
503,21,376,814200,701,330,371
504,21,376,814300,468,233,235
505,21,376,814400,558,296,262
506,21,376,814500,324,169,155
507,21,376,814600,341,168,173
508,21,376,814700,429,210,219
509,21,376,814800,1162,556,606
510,21,376,814900,353,173,180
511,21,376,815000,206,98,108
512,21,376,815100,554,264,290
513,21,376,815200,523,266,257
514,21,376,815300,389,185,204
515,21,376,815400,533,259,274
516,21,376,815500,660,350,310
517,21,376,815600,512,254,258
518,21,376,815700,193,87,106
519,21,376,815800,787,397,390
520,21,376,815900,733,364,369
521,21,376,816000,1475,752,723
522,21,376,816100,910,481,429
523,21,376,816200,318,132,186
524,21,376,816300,448,222,226
525,21,376,816400,1124,575,549
526,21,376,816500,401,214,187
527,21,376,816600,341,169,172
528,21,376,816700,483,247,236
529,21,376,816800,380,185,195
530,21,376,816900,1027,541,486
531,21,376,817000,532,282,250
532,21,376,817100,808,423,385
533,21,376,817200,401,190,211
534,21,376,817300,701,343,358
535,21,376,817400,445,222,223
536,21,376,817500,286,148,138
537,21,376,817600,659,344,315
538,21,376,817700,839,393,446
539,21,376,817800,362,177,185
540,21,376,817900,385,188,197
541,21,376,818000,873,457,416
542,21,376,818100,403,194,209
543,21,376,818200,64,29,35
544,21,376,818300,675,339,336
545,21,376,818400,530,264,266
546,21,376,818500,1113,539,574
547,21,376,818600,191,104,87
548,21,376,818700,228,124,104
549,21,376,818800,439,219,220
550,21,376,818900,886,403,483
551,21,376,819000,207,101,106
552,21,376,819100,1243,643,600
553,21,376,819200,558,291,267
554,21,376,819300,1378,676,702
555,21,376,819400,1829,923,906
556,21,376,819500,420,213,207
557,21,376,819600,141,71,70
558,21,376,819700,273,213,60
559,21,376,819800,622,310,312
560,21,376,819900,0,0,0
561,21,376,820000,71,39,32
562,21,376,820100,363,179,184
563,21,376,820200,532,268,264
564,21,376,820300,872,449,423
565,21,376,820400,649,312,337
566,21,376,820500,812,406,406
567,21,376,820600,675,316,359
568,21,376,820700,873,448,425
569,21,376,820800,277,121,156
570,21,376,820900,146,74,72
571,21,376,821000,878,417,461
572,21,376,821100,835,388,447
573,21,376,821200,1993,1022,971
574,21,376,821300,1347,673,674
575,21,376,821400,670,318,352
576,21,376,821500,844,451,393
577,21,376,821600,866,407,459
578,21,376,821700,660,324,336
579,21,376,821800,507,257,250
580,21,376,821900,871,421,450
581,21,376,822000,1151,565,586
582,21,376,822100,207,98,109
583,21,376,822200,573,266,307
584,21,376,822300,428,208,220
585,21,376,822400,499,251,248
586,21,376,822500,679,346,333
587,21,376,822600,326,164,162
588,21,376,822700,593,273,320
589,21,376,822800,1127,564,563
590,21,376,822900,414,218,196
591,21,376,823000,956,486,470
592,21,376,823100,670,329,341
593,21,376,823200,452,219,233
594,21,376,823300,999,490,509
595,21,376,823400,1221,611,610
596,21,376,823500,220,115,105
597,21,376,823600,1413,709,704
598,21,376,823700,420,225,195
599,21,376,823800,3026,1500,1526
600,21,376,823900,1334,684,650
601,21,376,824000,644,315,329
602,21,376,824100,1270,632,638
603,21,376,824200,3026,1521,1505
604,21,376,824300,386,201,185
605,21,376,824400,530,260,270
606,21,376,824500,587,292,295
607,21,376,824600,1130,566,564
608,21,376,824700,1174,623,551
609,21,376,824800,1499,740,759
610,21,376,824900,1159,591,568
611,21,376,825000,200,98,102
612,21,376,825100,590,284,306
613,21,376,825200,165,83,82
614,21,376,825300,482,273,209
615,21,376,825400,921,460,461
616,21,376,825500,1365,653,712
617,21,376,825600,158,69,89
618,21,376,825700,927,460,467
619,21,376,825800,0,0,0
620,21,376,825900,109,48,61
621,21,376,826000,262,148,114
622,21,376,826100,431,217,214
623,21,376,826200,293,156,137
624,21,376,826300,344,165,179
625,21,376,826400,291,141,150
626,21,376,826500,326,152,174
627,21,376,826600,319,150,169
628,21,376,826700,3451,1703,1748
629,21,376,826800,400,210,190
630,21,376,826900,818,401,417
631,21,376,827000,273,128,145
632,21,376,827100,803,379,424
633,21,376,827200,982,499,483
634,21,376,827300,616,304,312
635,21,376,827400,721,342,379
636,21,376,827500,1283,624,659
637,21,376,827600,356,168,188
638,21,376,827700,754,353,401
639,21,376,827800,784,373,411
640,21,376,827900,673,324,349
641,21,376,828000,469,231,238
642,21,376,828100,997,474,523
643,21,376,828200,1033,500,533
644,21,376,828300,174,86,88
645,21,376,828400,693,336,357
646,21,376,828500,184,92,92
647,21,376,828600,1959,967,992
648,21,376,828700,262,133,129
649,21,376,828800,439,202,237
650,21,376,828900,32,18,14
651,21,376,829000,193,92,101
652,21,376,829100,852,406,446
653,21,376,829200,699,345,354
654,21,376,829300,311,165,146
655,21,376,829400,0,0,0
656,21,376,829500,1348,695,653
657,21,376,829600,242,111,131
658,21,376,829700,474,219,255
659,21,376,829800,344,168,176
660,21,376,829900,98,53,45
661,21,376,830000,0,0,0
662,21,376,830100,313,162,151
663,21,376,830200,210,104,106
664,21,376,830300,392,188,204
665,21,376,830400,253,125,128
666,21,376,830500,0,0,0
667,21,376,830600,0,0,0
668,21,376,830700,342,164,178
669,21,376,830800,95,49,46
670,21,376,830900,256,125,131
671,21,376,831000,245,120,125
672,21,376,831100,479,243,236
673,21,376,831200,218,103,115
674,21,376,831300,99,53,46
675,21,376,831400,414,199,215
676,21,376,831500,184,83,101
677,21,376,831600,597,293,304
678,21,376,831700,494,248,246
679,21,376,831800,253,123,130
680,21,376,831900,394,203,191
681,21,376,832000,1143,579,564
682,21,376,832100,460,226,234
683,21,376,832200,489,232,257
684,21,376,832300,642,321,321
685,21,376,832400,614,279,335
686,21,376,832500,1137,545,592
687,21,376,832600,675,333,342
688,21,376,832700,376,196,180
689,21,376,832800,821,405,416
690,21,376,832900,308,156,152
691,21,376,833000,588,296,292
692,21,376,833100,286,142,144
693,21,376,833200,126,62,64
694,21,376,833300,562,304,258
695,21,376,833400,274,137,137
696,21,376,833500,973,489,484
697,21,376,833600,760,400,360
698,21,376,833700,584,299,285
699,21,376,833800,351,181,170
700,21,376,833900,396,213,183
701,21,376,834000,205,99,106
702,21,376,834100,522,262,260
703,21,376,834200,358,169,189
704,21,376,834300,571,262,309
705,21,376,834400,0,0,0
706,21,376,834500,487,235,252
707,21,376,834600,0,0,0
708,21,376,834700,63,31,32
709,21,376,834800,0,0,0
710,21,376,834900,235,115,120
711,21,376,835000,598,294,304
712,21,376,835100,256,129,127
713,21,376,835200,9,3,6
714,21,376,835300,0,0,0
715,21,376,835400,270,142,128
716,21,376,835500,191,98,93
717,21,376,835600,362,186,176
718,21,376,835700,547,274,273
719,21,376,835800,139,69,70
720,21,376,835900,324,150,174
721,21,376,836000,301,141,160
722,21,376,836100,154,78,76
723,21,376,836200,520,233,287
724,21,376,836300,617,292,325
725,21,376,836400,610,287,323
726,21,376,836500,196,95,101
727,21,376,836600,689,361,328
728,21,376,836700,641,307,334
729,21,376,836800,0,0,0
730,21,376,836900,167,74,93
731,21,376,837000,649,316,333
732,21,376,837100,0,0,0
733,21,376,837200,1015,488,527
734,21,376,837300,393,198,195
735,21,376,837400,517,249,268
736,21,376,837500,457,230,227
737,21,376,837600,606,299,307
738,21,376,837700,86,50,36
739,21,376,837800,1291,640,651
740,21,376,837900,422,198,224
741,21,376,838000,885,441,444
742,21,376,838100,87,43,44
743,21,376,838200,0,0,0
744,21,376,838300,58,24,34
745,21,376,838400,0,0,0
746,21,376,838500,547,257,290
747,21,376,838600,157,79,78
748,21,376,838700,490,245,245
749,21,376,838800,869,423,446
750,21,376,838900,837,410,427
751,21,376,839000,137,63,74
752,21,376,839100,744,362,382
753,21,376,839200,927,463,464
754,21,376,839300,1181,579,602
755,21,376,839400,462,223,239
756,21,376,839500,282,137,145
757,21,376,839600,699,320,379
758,21,376,839700,662,316,346
759,21,376,839800,531,283,248
760,21,376,839900,1512,757,755
761,21,376,840000,689,341,348
762,21,376,840100,455,217,238
763,21,376,840200,174,75,99
764,21,376,840300,318,150,168
765,21,376,840400,248,118,130
766,21,376,840500,936,457,479
767,21,376,840600,1057,494,563
768,21,376,840700,962,474,488
769,21,376,840800,1193,610,583
770,21,376,840900,1102,567,535
771,21,376,841000,398,202,196
772,21,376,841100,854,444,410
773,21,376,841200,519,248,271
774,21,376,841300,222,107,115
775,21,376,841400,61,29,32
776,21,376,841500,123,66,57
777,21,376,841600,328,158,170
778,21,376,841700,523,245,278
779,21,376,841800,104,56,48
780,21,376,841900,597,291,306
781,21,376,842000,188,90,98
782,21,376,842100,413,213,200
783,21,376,842200,755,366,389
784,21,376,842300,1159,556,603
785,21,376,842400,819,411,408
786,21,376,842500,142,74,68
787,21,376,842600,817,396,421
788,21,376,842700,3436,1825,1611
789,21,376,842800,638,311,327
790,21,376,842900,1146,594,552
791,21,376,843000,390,199,191
792,21,376,843100,539,273,266
793,21,376,843200,273,118,155
794,21,376,843300,224,104,120
795,21,376,843400,1493,801,692
796,21,376,843500,673,350,323
797,21,376,843600,779,449,330
798,21,376,843700,360,169,191
799,21,376,843800,191,91,100
800,21,376,843900,388,192,196
801,21,376,844000,219,100,119
802,21,376,844100,621,294,327
803,21,376,844200,397,200,197
804,21,376,844300,426,216,210
805,21,376,844400,176,90,86
806,21,376,844500,481,236,245
807,21,376,844600,980,453,527
808,21,376,844700,930,471,459
809,21,376,844800,1038,532,506
810,21,376,844900,479,264,215
811,21,376,845000,451,227,224
812,21,376,845100,1053,555,498
813,21,376,845200,606,312,294
814,21,376,845300,73,39,34
815,21,376,845400,853,426,427
816,21,376,845500,641,325,316
817,21,376,845600,997,482,515
818,21,376,845700,145,71,74
819,21,376,845800,132,65,67
820,21,376,845900,233,121,112
821,21,376,846000,380,179,201
822,21,376,846100,1374,673,701
823,21,376,846200,420,198,222
824,21,376,846300,56,41,15
825,21,376,846400,420,213,207
826,21,376,846500,1230,626,604
827,21,376,846600,194,100,94
828,21,376,846700,234,122,112
829,21,376,846800,164,77,87
830,21,376,846900,1362,679,683
831,21,376,847000,598,307,291
832,21,376,847100,818,412,406
833,21,376,847200,184,90,94
834,21,376,847300,876,406,470
835,21,376,847400,538,273,265
836,21,376,847500,92,48,44
837,21,376,847600,778,388,390
838,21,376,847700,685,346,339
839,21,376,847800,842,428,414
840,21,376,847900,513,283,230
841,21,376,848000,369,202,167
842,21,376,848100,587,285,302
843,21,376,848200,424,216,208
844,21,376,848300,2435,1282,1153
845,21,376,848400,0,0,0
846,21,376,848500,886,455,431
847,21,376,848600,302,160,142
848,21,376,848700,89,41,48
849,21,376,848800,168,87,81
850,21,376,848900,74,39,35
851,21,376,849000,249,124,125
852,21,376,849100,1427,701,726
853,21,376,849200,715,375,340
854,21,376,849300,294,151,143
855,21,376,849400,13,6,7
856,21,376,849500,734,364,370
857,21,376,849600,534,270,264
858,21,376,849700,546,247,299
859,21,376,849800,52,22,30
860,21,376,849900,1253,614,639
861,21,376,850000,394,198,196
862,21,376,850100,582,286,296
863,21,376,850200,208,105,103
864,21,376,850300,861,426,435
865,21,376,850400,321,155,166
866,21,376,850500,701,358,343
867,21,376,850600,672,339,333
868,21,376,850700,354,168,186
869,21,376,850800,254,133,121
870,21,376,850900,194,98,96
871,21,376,851000,393,191,202
872,21,376,851100,222,104,118
873,21,376,851200,189,92,97
874,21,376,851300,3658,1851,1807
875,21,376,851400,1410,699,711
876,21,376,851500,1042,516,526
877,21,376,851600,18,9,9
878,21,376,851700,171,88,83
879,21,376,851800,310,151,159
880,21,376,851900,15,9,6
881,21,376,852000,669,335,334
882,21,376,852100,36,20,16
883,21,376,852200,464,239,225
884,21,376,852300,298,146,152
885,21,376,852400,106,56,50
886,21,376,852500,1110,567,543
887,21,376,852600,218,103,115
888,21,376,852700,533,256,277
889,21,376,852800,589,302,287
890,21,376,852900,95,49,46
891,21,376,853000,0,0,0
892,21,376,853100,216,133,83
893,21,376,853200,317,162,155
894,21,376,853300,726,377,349
895,21,376,853400,239,118,121
896,21,376,853500,15,9,6
897,21,376,853600,0,0,0
898,21,376,853700,645,334,311
899,21,376,853800,137,69,68
900,21,376,853900,0,0,0
901,21,376,854000,456,224,232
902,21,376,854100,264,145,119
903,21,376,854200,718,355,363
904,21,376,854300,1287,651,636
905,21,376,854400,0,0,0
906,21,376,854500,0,0,0
907,21,376,854600,0,0,0
908,21,376,854700,1842,941,901
909,21,376,854800,56,27,29
910,21,376,854900,354,185,169
911,21,376,855000,225,114,111
912,21,376,855100,304,159,145
913,21,376,855200,589,305,284
914,21,376,855300,696,371,325
915,21,376,855400,164,86,78
916,21,376,855500,1374,687,687
917,21,376,855600,2773,1401,1372
918,21,376,855700,4,4,0
919,21,376,855800,231,133,98
920,21,376,855900,377,182,195
921,21,376,856000,213,104,109
922,21,376,856100,1117,606,511
923,21,376,856200,0,0,0
924,21,376,856300,541,274,267
925,21,376,856400,69,41,28
926,21,376,856500,764,418,346
927,21,376,856600,633,311,322
928,21,376,856700,301,167,134
929,21,376,856800,63,33,30
930,21,376,856900,346,173,173
931,21,376,857000,198,91,107
932,21,376,857100,169,84,85
933,21,376,857200,6,4,2
934,21,376,857300,329,181,148
935,21,376,857400,0,0,0
936,21,376,857500,0,0,0
937,21,376,857600,711,364,347
938,21,376,857700,576,291,285
939,21,376,857800,562,277,285
940,21,376,857900,0,0,0
941,21,376,858000,769,384,385
942,21,376,858100,341,168,173
943,21,376,858200,794,400,394
944,21,376,858300,92,47,45
945,21,376,858400,1136,627,509
946,21,376,858500,384,194,190
947,21,376,858600,404,205,199
948,21,376,858700,312,143,169
949,21,376,858800,315,155,160
950,21,376,858900,218,95,123
951,21,376,859000,463,249,214
952,21,376,859100,770,373,397
953,21,376,859200,483,249,234
954,21,376,859300,189,92,97
955,21,376,859400,358,173,185
956,21,376,859500,240,114,126
957,21,376,859600,558,287,271
958,21,376,859700,509,268,241
959,21,376,859800,358,188,170
960,21,376,859900,181,96,85
961,21,376,860000,132,63,69
962,21,376,860100,587,296,291
963,21,376,860200,329,157,172
964,21,376,860300,602,298,304
965,21,376,860400,313,159,154
966,21,376,860500,174,91,83
967,21,376,860600,70,35,35
968,21,376,860700,179,88,91
969,21,376,860800,682,343,339
970,21,376,860900,64,29,35
971,21,376,861000,197,99,98
972,21,376,861100,300,147,153
973,21,376,861200,584,292,292
974,21,376,861300,679,380,299
975,21,376,861400,165,90,75
976,21,376,861500,300,142,158
977,21,376,861600,226,114,112
978,21,376,861700,619,308,311
979,21,376,861800,0,0,0
980,21,376,861900,0,0,0
981,21,376,862000,0,0,0
982,21,376,862100,234,107,127
983,21,376,862200,235,113,122
984,21,376,862300,244,117,127
985,21,376,862400,118,56,62
986,21,376,862500,100,48,52
987,21,376,862600,508,251,257
988,21,376,862700,73,36,37
989,21,376,862800,175,83,92
990,21,376,862900,274,138,136
991,21,376,863000,166,78,88
992,21,376,863100,88,45,43
993,21,376,863200,121,65,56
994,21,376,863300,64,30,34
995,21,376,863400,206,122,84
996,21,376,863500,128,66,62
997,21,376,863600,99,50,49
998,21,376,863700,183,79,104
999,21,376,863800,156,89,67
1000,21,376,863900,26,13,13
1001,21,376,864000,0,0,0
1002,21,376,864100,33,21,12
1003,21,376,864200,599,283,316
1004,21,376,864300,2017,994,1023
1005,21,376,864400,488,235,253
1006,21,376,864500,220,113,107
1007,21,376,864600,464,234,230
1008,21,376,864700,471,225,246
1009,21,376,864800,1702,862,840
1010,21,376,864900,397,214,183
1011,21,376,865000,1137,589,548
1012,21,376,865100,568,288,280
1013,21,376,865200,303,155,148
1014,21,376,865300,148,86,62
1015,21,376,865400,419,218,201
1016,21,376,865500,285,143,142
1017,21,376,865600,324,164,160
1018,21,376,865700,1028,529,499
1019,21,376,865800,105,56,49
1020,21,376,865900,389,200,189
1021,21,376,866000,394,218,176
1022,21,376,866100,557,269,288
1023,21,376,866200,668,334,334
1024,21,376,866300,506,243,263
1025,21,376,866400,1098,555,543
1026,21,376,866500,1242,623,619
1027,21,376,866600,409,183,226
1028,21,376,866700,394,201,193
1029,21,376,866800,553,270,283
1030,21,376,866900,344,172,172
1031,21,376,867000,328,163,165
1032,21,376,867100,267,151,116
1033,21,376,867200,159,86,73
1034,21,376,867300,181,95,86
1035,21,376,867400,65,29,36
1036,21,376,867500,626,292,334
1037,21,376,867600,494,222,272
1038,21,376,867700,1085,514,571
1039,21,376,867800,435,211,224
1040,21,376,867900,1119,563,556
1041,21,376,868000,488,231,257
1042,21,376,868100,749,376,373
1043,21,376,868200,1147,614,533
1044,21,376,868300,275,141,134
1045,21,376,868400,553,273,280
1046,21,376,868500,310,158,152
1047,21,376,868600,502,253,249
1048,21,376,868700,846,420,426
1049,21,376,868800,1523,743,780
1050,21,376,868900,511,244,267
1051,21,376,869000,413,200,213
1052,21,376,869100,635,335,300
1053,21,376,869200,57,31,26
1054,21,376,869300,32,16,16
1055,21,376,869400,344,184,160
1056,21,376,869500,725,386,339
1057,21,376,869600,959,505,454
1058,21,376,869700,796,405,391
1059,21,376,869800,203,104,99
1060,21,376,869900,857,404,453
1061,21,376,870000,101,55,46
1062,21,376,870100,3217,1672,1545
1063,21,376,870200,812,419,393
1064,21,376,870300,443,218,225
1065,21,376,870400,419,200,219
1066,21,376,870500,252,120,132
1067,21,376,870600,132,69,63
1068,21,376,870700,818,413,405
1069,21,376,870800,1011,531,480
1070,21,376,870900,447,216,231
1071,21,376,871000,840,432,408
1072,21,376,871100,1273,623,650
1073,21,376,871200,394,208,186
1074,21,376,871300,472,259,213
1075,21,376,871400,608,322,286
1076,21,376,871500,257,131,126
1077,21,376,871600,490,251,239
1078,21,376,871700,592,317,275
1079,21,376,871800,466,240,226
1080,21,376,871900,1070,534,536
1081,21,376,872000,836,457,379
1082,21,376,872100,711,354,357
1083,21,376,872200,321,155,166
1084,21,376,872300,44,16,28
1085,21,376,872400,526,264,262
1086,21,376,872500,855,461,394
1087,21,376,872600,482,260,222
1088,21,376,872700,473,222,251
1089,21,376,872800,277,129,148
1090,21,376,872900,259,132,127
1091,21,376,873000,308,156,152
1092,21,376,873100,1431,737,694
1093,21,376,873200,656,333,323
1094,21,376,873300,117,63,54
1095,21,376,873400,281,151,130
1096,21,376,873500,393,196,197
1097,21,376,873600,502,254,248
1098,21,376,873700,523,265,258
1099,21,376,873800,795,394,401
1100,21,376,873900,315,167,148
1101,21,376,874000,2255,1138,1117
1102,21,376,874100,334,169,165
1103,21,376,874200,1308,633,675
1104,21,376,874300,513,273,240
1105,21,376,874400,423,211,212
1106,21,376,874500,771,398,373
1107,21,376,874600,140,79,61
1108,21,376,874700,327,168,159
1109,21,376,874800,48,24,24
1110,21,376,874900,386,205,181
1111,21,376,875000,293,155,138
1112,21,376,875100,309,190,119
1113,21,376,875200,916,472,444
1114,21,376,875300,398,199,199
1115,21,376,875400,222,113,109
1116,21,376,875500,0,0,0
1117,21,376,875600,137,79,58
1118,21,376,875700,0,0,0
1119,21,376,875800,390,190,200
1120,21,376,875900,477,256,221
1121,21,376,876000,0,0,0
1122,21,376,876100,4,2,2
1123,21,376,876200,2,2,0
1124,21,376,876300,1323,675,648
1125,21,376,876400,0,0,0
1126,21,376,876500,0,0,0
1127,21,376,876600,77,39,38
1128,21,376,876700,498,262,236
1129,21,376,876800,28,14,14
1130,21,376,876900,190,90,100
1131,21,376,877000,444,250,194
1132,21,376,877100,1570,839,731
1133,21,376,877200,293,157,136
1134,21,376,877300,192,95,97
1135,21,376,877400,313,155,158
1136,21,376,877500,155,70,85
1137,21,376,877600,186,92,94
1138,21,376,877700,100,54,46
1139,21,376,877800,218,132,86
1140,21,376,877900,120,63,57
1141,21,376,878000,148,78,70
1142,21,376,878100,664,328,336
1143,21,376,878200,155,83,72
1144,21,376,878300,225,118,107
1145,21,376,878400,77,36,41
1146,21,376,878500,334,174,160
1147,21,376,878600,409,202,207
1148,21,376,878700,156,81,75
1149,21,376,878800,14,3,11
1150,21,376,878900,492,242,250
1151,21,376,879000,1473,763,710
1152,21,376,879100,559,293,266
1153,21,376,879200,551,301,250
1154,21,376,879300,151,83,68
1155,21,376,879400,879,428,451
1156,21,376,879500,0,0,0
1157,21,376,879600,1158,590,568
1158,21,376,879700,322,185,137
1159,21,376,879800,704,358,346
1160,21,376,879900,67,39,28
1161,21,376,880000,1184,627,557
1162,21,376,880100,327,159,168
1163,21,376,880200,128,67,61
1164,21,376,880300,141,72,69
1165,21,376,880400,132,71,61
1166,21,376,880500,709,375,334
1167,21,376,880600,359,175,184
1168,21,376,880700,151,74,77
1169,21,376,880800,284,149,135
1170,21,376,880900,247,122,125
1171,21,376,881000,135,67,68
1172,21,376,881100,285,140,145
1173,21,376,881200,932,473,459
1174,21,376,881300,622,313,309
1175,21,376,881400,598,302,296
1176,21,376,881500,0,0,0
1177,21,376,881600,758,381,377
1178,21,376,881700,0,0,0
1179,21,376,881800,0,0,0
1180,21,376,881900,614,316,298
1181,21,376,882000,295,159,136
1182,21,376,882100,118,66,52
1183,21,376,882200,645,336,309
1184,21,376,882300,0,0,0
1185,21,376,882400,0,0,0
1186,21,376,882500,392,200,192
1187,21,376,882600,333,166,167
1188,21,376,882700,149,82,67
1189,21,376,882800,210,106,104
1190,21,376,882900,597,278,319
1191,21,376,883000,299,152,147
1192,21,376,883100,2144,1423,721
1193,21,376,883200,330,165,165
1194,21,376,883300,217,111,106
1195,21,376,883400,2326,1210,1116
1196,21,376,883500,543,256,287
1197,21,376,883600,244,113,131
1198,21,376,883700,327,159,168
1199,21,376,883800,2334,1169,1165
1200,21,376,883900,1153,601,552
1201,21,376,884000,249,132,117
1202,21,376,884100,139,75,64
1203,21,376,884200,668,328,340
1204,21,376,884300,667,332,335
1205,21,376,884400,473,244,229
1206,21,376,884500,339,163,176
1207,21,376,884600,0,0,0
1208,21,376,884700,291,141,150
1209,21,376,884800,219,105,114
1210,21,376,884900,444,226,218
1211,21,376,885000,700,349,351
1212,21,376,885100,43,20,23
1213,21,376,885200,2073,1077,996
1214,21,376,885300,4,2,2
1215,21,376,885400,0,0,0
1216,21,376,885500,80,37,43
1217,21,376,885600,1858,885,973
1218,21,376,885700,330,159,171
1219,21,376,885800,0,0,0
1220,21,376,885900,449,233,216
1221,21,376,886000,350,191,159
1222,21,376,886100,134,67,67
1223,21,376,886200,364,184,180
1224,21,376,886300,143,75,68
1225,21,376,886400,57,24,33
1226,21,376,886500,0,0,0
1227,21,376,886600,0,0,0
1228,21,376,886700,1567,838,729
1229,21,376,886800,107,58,49
1230,21,376,886900,872,446,426
1231,21,376,887000,1129,565,564
1232,21,376,887100,570,281,289
1233,21,376,887200,1759,915,844
1234,21,376,887300,146,75,71
1235,21,376,887400,859,461,398
1236,21,376,887500,1062,558,504
1237,21,376,887600,307,157,150
1238,21,376,887700,1083,557,526
1239,21,376,887800,130,62,68
1240,21,376,887900,140,78,62
1241,21,376,888000,65,29,36
1242,21,376,888100,861,438,423
1243,21,376,888200,266,124,142
1244,21,376,888300,87,38,49
1245,21,376,888400,465,254,211
1246,21,376,888500,279,139,140
1247,21,376,888600,350,182,168
1248,21,376,888700,354,180,174
1249,21,376,888800,97,52,45
1250,21,376,888900,252,121,131
1251,21,376,889000,752,384,368
1252,21,376,889100,1362,729,633
1253,21,376,889200,369,186,183
1254,21,376,889300,330,163,167
1255,21,376,889400,2,1,1
1256,21,376,889500,423,222,201
1257,21,376,889600,267,137,130
1258,21,376,889700,283,154,129
1259,21,376,889800,142,77,65
1260,21,376,889900,453,240,213
1261,21,376,890000,893,436,457
1262,21,376,890100,610,302,308
1263,21,376,890200,273,138,135
1264,21,376,890300,1460,766,694
1265,21,376,890400,853,434,419
1266,21,376,890500,607,290,317
1267,21,376,890600,412,210,202
1268,21,376,890700,1112,732,380
1269,21,376,890800,937,441,496
1270,21,376,890900,91,46,45
1271,21,376,891000,392,182,210
1272,21,376,891100,213,115,98
1273,21,376,891200,1346,683,663
1274,21,376,891300,124,67,57
1275,21,376,891400,270,132,138
1276,21,376,891500,543,282,261
1277,21,376,891600,582,294,288
1278,21,376,891700,1151,590,561
1279,21,376,891800,150,75,75
1280,21,376,891900,427,210,217
1281,21,376,892000,838,434,404
1282,21,376,892100,148,71,77
1283,21,376,892200,336,164,172
1284,21,376,892300,786,398,388
1285,21,376,892400,0,0,0
1286,21,376,892500,182,91,91
1287,21,376,892600,265,122,143
1288,21,376,892700,251,123,128
1289,21,376,892800,550,267,283
1290,21,376,892900,887,436,451
1291,21,376,893000,372,190,182
1292,21,376,893100,362,177,185
1293,21,376,893200,197,91,106
1294,21,376,893300,312,156,156
1295,21,376,893400,209,104,105
1296,21,376,893500,454,234,220
1297,21,376,893600,0,0,0
1298,21,376,893700,1066,522,544
1299,21,376,893800,1226,628,598
1300,21,376,893900,1120,542,578
1301,21,376,894000,718,376,342
1302,21,376,894100,574,271,303
1303,21,376,894200,54,29,25
1304,21,376,894300,321,151,170
1305,21,376,894400,464,242,222
1306,21,376,894500,118,60,58
1307,21,376,894600,52,28,24
1308,21,376,894700,611,283,328
1309,21,376,894800,989,516,473
1310,21,376,894900,249,125,124
1311,21,376,895000,559,292,267
1312,21,376,895100,802,428,374
1313,21,376,895200,800,420,380
1314,21,376,895300,273,137,136
1315,21,376,895400,529,259,270
1316,21,376,895500,882,465,417
1317,21,376,895600,452,215,237
1318,21,376,895700,312,172,140
1319,21,376,895800,224,109,115
1320,21,376,895900,0,0,0
1321,21,376,896000,0,0,0
1322,21,376,896100,1490,720,770
1323,21,376,896200,656,334,322
1324,21,376,896300,411,218,193
1325,21,376,896400,235,120,115
1326,21,376,896500,308,164,144
1327,21,376,896600,770,388,382
1328,21,376,896700,0,0,0
1329,21,376,896800,1218,641,577
1330,21,376,896900,730,386,344
1331,21,376,897000,787,401,386
1332,21,376,897100,60,26,34
1333,21,376,897200,310,168,142
1334,21,376,897300,480,250,230
1335,21,376,897400,338,162,176
1336,21,376,897500,335,173,162
1337,21,376,897600,721,366,355
1338,21,376,897700,477,247,230
1339,21,376,897800,1378,684,694
1340,21,376,897900,138,74,64
1341,21,376,898000,1226,621,605
1342,21,376,898100,1087,600,487
1343,21,376,898200,747,373,374
1344,21,376,898300,545,287,258
1345,21,376,898400,975,503,472
1346,21,376,898500,1348,686,662
1347,21,376,898600,566,285,281
1348,21,376,898700,472,251,221
1349,21,376,898800,836,422,414
1350,21,376,898900,657,359,298
1351,21,376,899000,0,0,0
1352,21,376,899100,480,248,232
1353,21,376,899200,284,149,135
1354,21,376,899300,70,33,37
1355,21,376,899400,921,440,481
1356,21,376,899500,1047,511,536
1357,21,376,899600,482,265,217
1358,21,376,899700,0,0,0
1359,21,376,899800,120,62,58
1360,21,376,899900,0,0,0
1361,21,376,900000,318,164,154
1362,21,376,900100,581,300,281
1363,21,376,900200,568,292,276
1364,21,376,900300,522,252,270
1365,21,376,900400,643,326,317
1366,21,376,900500,726,364,362
1367,21,376,900600,710,354,356
1368,21,376,900700,406,206,200
1369,21,376,900800,309,155,154
1370,21,376,900900,500,256,244
1371,21,376,901000,292,149,143
1372,21,376,901100,448,223,225
1373,21,376,901200,630,312,318
1374,21,376,901300,98,47,51
1375,21,376,901400,1245,630,615
1376,21,376,901500,540,290,250
1377,21,376,901600,598,300,298
1378,21,376,901700,265,134,131
1379,21,376,901800,946,472,474
1380,21,376,901900,248,121,127
1381,21,376,902000,113,57,56
1382,21,376,902100,414,220,194
1383,21,376,902200,546,276,270
1384,21,376,902300,943,463,480
1385,21,376,902400,573,300,273
1386,21,376,902500,1561,767,794
1387,21,376,902600,564,284,280
1388,21,376,902700,121,63,58
1389,21,376,902800,232,123,109
1390,21,376,902900,310,173,137
1391,21,376,903000,233,124,109
1392,21,376,903100,430,214,216
1393,21,376,903200,504,243,261
1394,21,376,903300,509,285,224
1395,21,376,903400,181,86,95
1396,21,376,903500,287,135,152
1397,21,376,903600,477,233,244
1398,21,376,903700,114,61,53
1399,21,376,903800,46,20,26
1400,21,376,903900,0,0,0
1401,21,376,904000,0,0,0
1402,21,376,904100,1702,890,812
1403,21,376,904200,336,173,163
1404,21,376,904300,274,139,135
1405,21,376,904400,438,225,213
1406,21,376,904500,570,286,284
1407,21,376,904600,254,122,132
1408,21,376,904700,747,372,375
1409,21,376,904800,821,417,404
1410,21,376,904900,447,219,228
1411,21,376,905000,692,352,340
1412,21,376,905100,1835,930,905
1413,21,376,905200,1133,549,584
1414,21,376,905300,0,0,0
1415,21,376,905400,1000,507,493
1416,21,376,905500,1656,846,810
1417,21,376,905600,330,166,164
1418,21,376,905700,103,57,46
1419,21,376,905800,1362,643,719
1420,21,376,905900,176,84,92
1421,21,376,906000,0,0,0
1422,21,376,906100,0,0,0
1423,21,376,906200,169,80,89
1424,21,376,906300,0,0,0
1425,21,376,906400,73,40,33
1426,21,376,906500,0,0,0
1427,21,376,906600,0,0,0
1428,21,376,906700,0,0,0
1429,21,376,906800,1095,563,532
1430,21,376,906900,177,111,66
1431,21,376,907000,733,376,357
1432,21,376,907100,0,0,0
1433,21,376,907200,1189,616,573
1434,21,376,907300,390,197,193
1435,21,376,907400,9,4,5
1436,21,376,907500,48,32,16
1437,21,376,907600,309,164,145
1438,21,376,907700,579,291,288
1439,21,376,907800,941,473,468
1440,21,376,907900,0,0,0
1441,21,376,908000,0,0,0
1442,21,376,908100,471,253,218
1443,21,376,908200,644,329,315
1444,21,376,908300,639,322,317
1445,21,376,908400,0,0,0
1446,21,376,908500,190,90,100
1447,21,376,908600,333,186,147
1448,21,376,908700,599,290,309
1449,21,376,908800,526,266,260
1450,21,376,908900,509,258,251
1451,21,376,909000,635,329,306
1452,21,376,909100,370,197,173
1453,21,376,909200,279,138,141
1454,21,376,909300,9,4,5
1455,21,376,909400,0,0,0
1456,21,376,909500,254,123,131
1457,21,376,909600,120,62,58
1458,21,376,909700,230,125,105
1459,21,376,909800,75,41,34
1460,21,376,909900,27,11,16
1461,21,376,910000,0,0,0
1462,21,376,910100,575,290,285
1463,21,376,910200,45,20,25
1464,21,376,910300,44,24,20
1465,21,376,910400,49,22,27
1466,21,376,910500,804,411,393
1467,21,376,910600,625,328,297
1468,21,376,910700,148,71,77
1469,21,376,910800,151,79,72
1470,21,376,910900,57,30,27
1471,21,376,911000,0,0,0
1472,21,376,911100,72,40,32
1473,21,376,911200,406,205,201
1474,21,376,911300,191,91,100
1475,21,376,911400,0,0,0
1476,21,376,911500,0,0,0
1477,21,376,911600,16,7,9
1478,21,376,911700,422,219,203
1479,21,376,911800,242,123,119
1480,21,376,911900,355,192,163
1481,21,376,912000,131,64,67
1482,21,376,912100,728,378,350
1483,21,376,912200,0,0,0
1484,21,376,912300,468,242,226
1485,21,376,912400,379,188,191
1486,21,376,912500,489,241,248
1487,21,376,912600,104,47,57
1488,21,376,912700,90,52,38
1489,21,376,912800,780,393,387
1490,21,376,912900,877,373,504
1491,21,376,913000,461,237,224
1492,21,376,913100,296,152,144
1493,21,376,913200,303,147,156
1494,21,376,913300,208,109,99
1495,21,376,913400,1517,784,733
1496,21,376,913500,0,0,0
1497,21,376,913600,446,219,227
1498,21,376,913700,30,11,19
1499,21,376,913800,0,0,0
1500,21,376,913900,0,0,0
1501,21,376,914000,0,0,0
1502,21,376,914100,124,62,62
1503,21,376,914200,524,251,273
1504,21,376,914300,0,0,0
1505,21,376,914400,83,41,42
1506,21,376,914500,401,200,201
1507,21,376,914600,546,292,254
1508,21,376,914700,294,143,151
1509,21,376,914800,143,70,73
1510,21,376,914900,0,0,0
1511,21,376,915000,606,299,307
1512,21,376,915100,349,180,169
1513,21,376,915200,0,0,0
1514,21,376,915300,191,100,91
1515,21,376,915400,80,37,43
1516,21,376,915500,26,12,14
1517,21,376,915600,0,0,0
1518,21,376,915700,83,40,43
1519,21,376,915800,237,120,117
1520,21,376,915900,457,228,229
1521,21,376,916000,962,494,468
1522,21,376,916100,521,245,276
1523,21,376,916200,1022,513,509
1524,21,376,916300,521,261,260
1525,21,376,916400,2750,1447,1303
1526,21,376,916500,1101,563,538
1527,21,376,916600,497,258,239
1528,21,376,916700,402,201,201
1529,21,376,916800,1034,537,497
1530,21,376,916900,1043,504,539
1531,21,376,917000,811,384,427
1532,21,376,917100,1059,523,536
1533,21,376,917200,511,228,283
1534,21,376,917300,444,202,242
1535,21,376,917400,307,142,165
1536,21,376,917500,356,171,185
1537,21,376,917600,1300,657,643
1538,21,376,917700,343,165,178
1539,21,376,917800,167,79,88
1540,21,376,917900,45,24,21
1541,21,376,918000,1753,907,846
1542,21,376,918100,0,0,0
1543,21,376,918200,0,0,0
1544,21,376,918300,0,0,0
1545,21,376,918400,253,138,115
1546,21,376,918500,105,56,49
1547,21,376,918600,45,24,21
1548,21,376,918700,177,87,90
1549,21,376,918800,584,302,282
1550,21,376,918900,152,80,72
1551,21,376,919000,536,275,261
1552,21,376,919100,292,167,125
1553,21,376,919200,981,537,444
1554,21,376,919300,703,336,367
1555,21,376,919400,149,73,76
1556,21,376,919500,20,12,8
1557,21,376,919600,465,241,224
1558,21,376,919700,23,16,7
1559,21,376,919800,24,11,13
1560,21,376,919900,0,0,0
1561,21,376,920000,0,0,0
1562,21,376,920100,0,0,0
1563,21,376,920200,0,0,0
1564,21,376,920300,0,0,0
1565,21,376,920400,2,2,0
1566,21,376,920500,223,108,115
1567,21,376,920600,72,35,37
1568,21,376,920700,24,9,15
1569,21,376,920800,652,328,324
1570,21,376,920900,53,28,25
1571,21,376,921000,1,0,1
1572,21,376,921100,528,270,258
1573,21,376,921200,486,240,246
1574,21,376,921300,402,209,193
1575,21,376,921400,73,30,43
1576,21,376,921500,774,395,379
1577,21,376,921600,240,118,122
1578,21,376,921700,600,296,304
1579,21,376,921800,137,69,68
1580,21,376,921900,47,27,20
1581,21,376,922000,533,256,277
1582,21,376,922100,472,222,250
1583,21,376,922200,363,196,167
1584,21,376,922300,1512,778,734
1585,21,376,922400,755,376,379
1586,21,376,922500,329,159,170
1587,21,376,922600,498,234,264
1588,21,376,922700,784,386,398
1589,21,376,922800,987,526,461
1590,21,376,922900,1583,797,786
1591,21,376,923000,912,475,437
1592,21,376,923100,0,0,0
1593,21,376,923200,1013,517,496
1594,21,376,923300,28,12,16
1595,21,376,923400,403,199,204
1596,21,376,923500,1873,956,917
1597,21,376,923600,214,95,119
1598,21,376,923700,549,290,259
1599,21,376,923800,1279,631,648
1600,21,376,923900,516,269,247
1601,21,376,924000,495,252,243
1602,21,376,924100,1062,548,514
1603,21,376,924200,395,194,201
1604,21,376,924300,1027,529,498
1605,21,376,924400,1798,877,921
1606,21,376,924500,1759,906,853
1607,21,376,924600,625,342,283
1608,21,376,924700,913,462,451
1609,21,376,924800,19,11,8
1610,21,376,924900,1106,543,563
1611,21,376,925000,0,0,0
1612,21,376,925100,179,95,84
1613,21,376,925200,665,341,324
1614,21,376,925300,661,328,333
1615,21,376,925400,1009,515,494
1616,21,376,925500,806,421,385
1617,21,376,925600,1108,587,521
1618,21,376,925700,942,462,480
1619,21,376,925800,670,351,319
1620,21,376,925900,356,176,180
1621,21,376,926000,3204,1592,1612
1622,21,376,926100,218,106,112
1623,21,376,926200,590,322,268
1624,21,376,926300,616,309,307
1625,21,376,926400,1762,896,866
1626,21,376,926500,980,481,499
1627,21,376,926600,103,55,48
1628,21,376,926700,0,0,0
1629,21,376,926800,611,316,295
1630,21,376,926900,164,82,82
1631,21,376,927000,563,284,279
1632,21,376,927100,1103,563,540
1633,21,376,927200,44,23,21
1634,21,376,927300,580,285,295
1635,21,376,927400,936,478,458
1636,21,376,927500,907,468,439
1637,21,376,927600,1019,495,524
1638,21,376,927700,1265,647,618
1639,21,376,927800,0,0,0
1640,21,376,927900,1050,543,507
1641,21,376,928000,718,360,358
1642,21,376,928100,253,125,128
1643,21,376,928200,1749,897,852
1644,21,376,928300,977,512,465
1645,21,376,928400,1085,568,517
1646,21,376,928500,776,394,382
1647,21,376,928600,318,145,173
1648,21,376,928700,996,512,484
1649,21,376,928800,363,185,178
1650,21,376,928900,386,207,179
1651,21,376,929000,454,243,211
1652,21,376,929100,2350,1206,1144
1653,21,376,929200,689,354,335
1654,21,376,929300,1223,657,566
1655,21,376,929400,449,243,206
1656,21,376,929500,953,491,462
1657,21,376,929600,1152,600,552
1658,21,376,929700,1079,539,540
1659,21,376,929800,288,152,136
1660,21,376,929900,437,237,200
1661,21,376,930000,226,121,105
1662,21,376,930100,921,477,444
1663,21,376,930200,309,193,116
1664,21,376,930300,752,386,366
1665,21,376,930400,394,189,205
1666,21,376,930500,727,343,384
1667,21,376,930600,392,215,177
1668,21,376,930700,319,164,155
1669,21,376,930800,470,230,240
1670,21,376,930900,434,228,206
1671,21,376,931000,412,226,186
1672,21,376,931100,558,290,268
1673,21,376,931200,500,240,260
1674,21,376,931300,118,54,64
1675,21,376,931400,536,279,257
1676,21,376,931500,454,260,194
1677,21,376,931600,182,89,93
1678,21,376,931700,133,70,63
1679,21,376,931800,1073,566,507
1680,21,376,931900,694,378,316
1681,21,376,932000,602,300,302
1682,21,376,932100,797,424,373
1683,21,376,932200,771,397,374
1684,21,376,932300,125,63,62
1685,21,376,932400,285,147,138
1686,21,376,932500,0,0,0
1687,21,376,932600,284,141,143
1688,21,376,932700,250,121,129
1689,21,376,932800,413,227,186
1690,21,376,932900,299,149,150
1691,21,376,933000,587,305,282
1692,21,376,933100,412,208,204
1693,21,376,933200,209,94,115
1694,21,376,933300,447,228,219
1695,21,376,933400,164,80,84
1696,21,376,933500,367,194,173
1697,21,376,933600,210,99,111
1698,21,376,933700,1213,641,572
1699,21,376,933800,349,167,182
1700,21,376,933900,283,141,142
1701,21,376,934000,774,362,412
1702,21,376,934100,950,470,480
1703,21,376,934200,0,0,0
1704,21,376,934300,0,0,0
1705,21,376,934400,0,0,0
1706,21,376,934500,1735,902,833
1707,21,376,934600,0,0,0
1708,21,376,934700,393,205,188
1709,21,376,934800,69,35,34
1710,21,376,934900,710,366,344
1711,21,376,935000,537,273,264
1712,21,376,935100,0,0,0
1713,21,376,935200,657,317,340
1714,21,376,935300,341,163,178
1715,21,376,935400,447,225,222
1716,21,376,935500,523,270,253
1717,21,376,935600,473,235,238
1718,21,376,935700,539,279,260
1719,21,376,935800,777,413,364
1720,21,376,935900,445,215,230
1721,21,376,936000,137,67,70
1722,21,376,936100,827,414,413
1723,21,376,936200,87,41,46
1724,21,376,936300,565,290,275
1725,21,376,936400,828,404,424
1726,21,376,936500,171,74,97
1727,21,376,936600,560,282,278
1728,21,376,936700,248,139,109
1729,21,376,936800,367,190,177
1730,21,376,936900,241,129,112
1731,21,376,937000,247,135,112
1732,21,376,937100,293,181,112
1733,21,376,937200,301,152,149
1734,21,376,937300,523,266,257
1735,21,376,937400,443,219,224
1736,21,376,937500,529,264,265
1737,21,376,937600,390,199,191
1738,21,376,937700,733,352,381
1739,21,376,937800,2206,1034,1172
1740,21,376,937900,130,66,64
1741,21,376,938000,503,234,269
1742,21,376,938100,608,296,312
1743,21,376,938200,574,281,293
1744,21,376,938300,250,128,122
1745,21,376,938400,1239,614,625
1746,21,376,938500,337,174,163
1747,21,376,938600,1017,576,441
1748,21,376,938700,264,124,140
1749,21,376,938800,674,337,337
1750,21,376,938900,1069,524,545
1751,21,376,939000,866,435,431
1752,21,376,939100,132,64,68
1753,21,376,939200,513,265,248
1754,21,376,939300,471,242,229
1755,21,376,939400,698,370,328
1756,21,376,939500,390,196,194
1757,21,376,939600,678,326,352
1758,21,376,939700,588,308,280
1759,21,376,939800,725,361,364
1760,21,376,939900,252,121,131
1761,21,376,940000,94,45,49
1762,21,376,940100,479,262,217
1763,21,376,940200,290,149,141
1764,21,376,940300,371,176,195
1765,21,376,940400,543,281,262
1766,21,376,940500,528,268,260
1767,21,376,940600,241,116,125
1768,21,376,940700,0,0,0
1769,21,376,940800,125,65,60
1770,21,376,940900,668,337,331
1771,21,376,941000,121,66,55
1772,21,376,941100,152,87,65
1773,21,376,941200,522,251,271
1774,21,376,941300,520,277,243
1775,21,376,941400,819,398,421
1776,21,376,941500,784,420,364
1777,21,376,941600,312,172,140
1778,21,376,941700,1417,690,727
1779,21,376,941800,554,277,277
1780,21,376,941900,262,148,114
1781,21,376,942000,613,319,294
1782,21,376,942100,277,138,139
1783,21,376,942200,558,276,282
1784,21,376,942300,132,71,61
1785,21,376,942400,793,393,400
1786,21,376,942500,555,277,278
1787,21,376,942600,435,216,219
1788,21,376,942700,160,77,83
1789,21,376,942800,451,253,198
1790,21,376,942900,380,196,184
1791,21,376,943000,383,202,181
1792,21,376,943100,488,254,234
1793,21,376,943200,489,290,199
1794,21,376,943300,554,288,266
1795,21,376,943400,168,84,84
1796,21,376,943500,168,82,86
1797,21,376,943600,235,130,105
1798,21,376,943700,853,436,417
1799,21,376,943800,226,107,119
1800,21,376,943900,639,311,328
1801,21,376,944000,604,292,312
1802,21,376,944100,725,366,359
1803,21,376,944200,183,106,77
1804,21,376,944300,218,115,103
1805,21,376,944400,1904,945,959
1806,21,376,944500,659,335,324
1807,21,376,944600,872,452,420
1808,21,376,944700,842,428,414
1809,21,376,944800,352,176,176
1810,21,376,944900,599,312,287
1811,21,376,945000,1191,615,576
1812,21,376,945100,26,16,10
1813,21,376,945200,494,243,251
1814,21,376,945300,533,256,277
1815,21,376,945400,264,147,117
1816,21,376,945500,152,78,74
1817,21,376,945600,1307,613,694
1818,21,376,945700,397,198,199
1819,21,376,945800,1004,529,475
1820,21,376,945900,0,0,0
1821,21,376,946000,455,210,245
1822,21,376,946100,1279,648,631
1823,21,376,946200,1331,687,644
1824,21,376,946300,817,400,417
1825,21,376,946400,294,142,152
1826,21,376,946500,1527,789,738
1827,21,376,946600,685,350,335
1828,21,376,946700,415,215,200
1829,21,376,946800,328,152,176
1830,21,376,946900,796,420,376
1831,21,376,947000,464,256,208
1832,21,376,947100,585,296,289
1833,21,376,947200,463,250,213
1834,21,376,947300,873,446,427
1835,21,376,947400,0,0,0
1836,21,376,947500,618,307,311
1837,21,376,947600,209,106,103
1838,21,376,947700,436,205,231
1839,21,376,947800,895,481,414
1840,21,376,947900,1048,540,508
1841,21,376,948000,1133,554,579
1842,21,376,948100,1018,528,490
1843,21,376,948200,396,225,171
1844,21,376,948300,268,149,119
1845,21,376,948400,1436,594,842
1846,21,376,948500,430,209,221
1847,21,376,948600,317,166,151
1848,21,376,948700,341,169,172
1849,21,376,948800,250,121,129
1850,21,376,948900,485,243,242
1851,21,376,949000,411,200,211
1852,21,376,949100,866,445,421
1853,21,376,949200,1521,788,733
1854,21,376,949300,948,507,441
1855,21,376,949400,539,270,269
1856,21,376,949500,0,0,0
1857,21,376,949600,123,58,65
1858,21,376,949700,362,190,172
1859,21,376,949800,310,164,146
1860,21,376,949900,794,410,384
1861,21,376,950000,1002,524,478
1862,21,376,950100,678,328,350
1863,21,376,950200,672,341,331
1864,21,376,950300,109,55,54
1865,21,376,950400,1158,592,566
1866,21,376,950500,449,217,232
1867,21,376,950600,558,278,280
1868,21,376,950700,261,131,130
1869,21,376,950800,693,360,333
1870,21,376,950900,497,266,231
1871,21,376,951000,563,276,287
1872,21,376,951100,542,271,271
1873,21,376,951200,1085,532,553
1874,21,376,951300,199,104,95
1875,21,376,951400,843,441,402
1876,21,376,951500,635,322,313
1877,21,376,951600,730,364,366
1878,21,376,951700,486,242,244
1879,21,376,951800,572,284,288
1880,21,376,951900,292,148,144
1881,21,376,952000,676,343,333
1882,21,376,952100,440,225,215
1883,21,376,952200,367,173,194
1884,21,376,952300,0,0,0
1885,21,376,952400,1347,666,681
1886,21,376,952500,1025,520,505
1887,21,376,952600,231,126,105
1888,21,376,952700,440,218,222
1889,21,376,952800,1329,651,678
1890,21,376,952900,1242,657,585
1891,21,376,953000,325,171,154
1892,21,376,953100,855,438,417
1893,21,376,953200,236,111,125
1894,21,376,953300,0,0,0
1895,21,376,953400,698,350,348
1896,21,376,953500,1799,896,903
1897,21,376,953600,611,319,292
1898,21,376,953700,1583,796,787
1899,21,376,953800,1115,557,558
1900,21,376,953900,777,376,401
1901,21,376,954000,378,185,193
1902,21,376,954100,231,115,116
1903,21,376,954200,141,72,69
1904,21,376,954300,701,377,324
1905,21,376,954400,278,143,135
1906,21,376,954500,298,140,158
1907,21,376,954600,377,193,184
1908,21,376,954700,412,196,216
1909,21,376,954800,302,164,138
1910,21,376,954900,315,150,165
1911,21,376,955000,389,199,190
1912,21,376,955100,676,342,334
1913,21,376,955200,1290,660,630
1914,21,376,955300,648,313,335
1915,21,376,955400,691,342,349
1916,21,376,955500,2464,1204,1260
1917,21,376,955600,531,267,264
1918,21,376,955700,1268,628,640
1919,21,376,955800,0,0,0
1920,21,376,955900,534,259,275
1921,21,376,956000,1890,972,918
1922,21,376,956100,876,436,440
1923,21,376,956200,452,236,216
1924,21,376,956300,803,403,400
1925,21,376,956400,3334,1629,1705
1926,21,376,956500,237,112,125
1927,21,376,956600,1875,943,932
1928,21,376,956700,511,268,243
1929,21,376,956800,963,513,450
1930,21,376,956900,1169,598,571
1931,21,376,957000,1082,537,545
1932,21,376,957100,554,268,286
1933,21,376,957200,184,92,92
1934,21,376,957300,546,267,279
1935,21,376,957400,648,310,338
1936,21,376,957500,677,344,333
1937,21,376,957600,253,123,130
1938,21,376,957700,625,299,326
1939,21,376,957800,107,50,57
1940,21,376,957900,924,481,443
1941,21,376,958000,455,241,214
1942,21,376,958100,721,383,338
1943,21,376,958200,1150,540,610
1944,21,376,958300,532,273,259
1945,21,376,958400,2366,1189,1177
1946,21,376,958500,1519,778,741
1947,21,376,958600,608,324,284
1948,21,376,958700,172,88,84
1949,21,376,958800,888,430,458
1950,21,376,958900,351,179,172
1951,21,376,959000,439,226,213
1952,21,376,959100,86,36,50
1953,21,376,959200,495,260,235
1954,21,376,959300,2086,1072,1014
1955,21,376,959400,682,342,340
1956,21,376,959500,611,321,290
1957,21,376,959600,489,227,262
1958,21,376,959700,239,117,122
1959,21,376,959800,557,287,270
1960,21,376,959900,482,239,243
1961,21,376,960000,173,104,69
1962,21,376,960100,152,72,80
1963,21,376,960200,506,259,247
1964,21,376,960300,572,264,308
1965,21,376,960400,250,130,120
1966,21,376,960500,155,78,77
1967,21,376,960600,468,243,225
1968,21,376,960700,333,165,168
1969,21,376,960800,930,465,465
1970,21,376,960900,202,101,101
1971,21,376,961000,288,140,148
1972,21,376,961100,567,295,272
1973,21,376,961200,0,0,0
1974,21,376,961300,261,133,128
1975,21,376,961400,258,128,130
1976,21,376,961500,576,315,261
1977,21,376,961600,49,21,28
1978,21,376,961700,1662,838,824
1979,21,376,961800,361,184,177
1980,21,376,961900,248,118,130
1981,21,376,962000,0,0,0
1982,21,376,962100,236,107,129
1983,21,376,962200,234,109,125
1984,21,376,962300,781,342,439
1985,21,376,962400,260,137,123
1986,21,376,962500,326,164,162
1987,21,376,962600,0,0,0
1988,21,376,962700,98,48,50
1989,21,376,962800,956,455,501
1990,21,376,962900,534,262,272
1991,21,376,963000,2720,1404,1316
1992,21,376,963100,1308,684,624
1993,21,376,963200,610,301,309
1994,21,376,963300,121,67,54
1995,21,376,963400,422,215,207
1996,21,376,963500,2263,1188,1075
1997,21,376,963600,542,274,268
1998,21,376,963700,478,247,231
1999,21,376,963800,1758,876,882
2000,21,376,963900,1043,509,534
2001,21,376,964000,503,249,254
2002,21,376,964100,571,278,293
2003,21,376,964200,583,296,287
2004,21,376,964300,634,326,308
2005,21,376,964400,990,506,484
2006,21,376,964500,1684,893,791
2007,21,376,964600,741,405,336
2008,21,376,964700,151,74,77
2009,21,376,964800,1194,602,592
2010,21,376,964900,657,333,324
2011,21,376,965000,469,231,238
2012,21,376,965100,726,371,355
2013,21,376,965200,461,213,248
2014,21,376,965300,480,253,227
2015,21,376,965400,268,133,135
2016,21,376,965500,666,335,331
2017,21,376,965600,3041,1548,1493
2018,21,376,965700,1475,761,714
2019,21,376,965800,291,143,148
2020,21,376,965900,344,183,161
2021,21,376,966000,362,190,172
2022,21,376,966100,1140,568,572
2023,21,376,966200,676,352,324
2024,21,376,966300,650,318,332
2025,21,376,966400,160,80,80
2026,21,376,966500,282,147,135
2027,21,376,966600,103,47,56
2028,21,376,966700,312,160,152
2029,21,376,966800,758,369,389
2030,21,376,966900,206,104,102
2031,21,376,967000,5030,2522,2508
2032,21,376,967100,1534,716,818
2033,21,376,967200,130,61,69
2034,21,376,967300,610,310,300
2035,21,376,967400,156,84,72
2036,21,376,967500,571,290,281
2037,21,376,967600,563,286,277
2038,21,376,967700,1194,605,589
2039,21,376,967800,638,326,312
2040,21,376,967900,21,13,8
2041,21,376,968000,369,185,184
2042,21,376,968100,4360,2234,2126
2043,21,376,968200,1492,752,740
2044,21,376,968300,216,107,109
2045,21,376,968400,656,337,319
2046,21,376,968500,1296,683,613
2047,21,376,968600,2081,1085,996
2048,21,376,968700,3921,1983,1938
2049,21,376,968800,1294,665,629
2050,21,376,968900,242,124,118
2051,21,376,969000,869,462,407
2052,21,376,969100,665,337,328
2053,21,376,969200,775,398,377
2054,21,376,969300,502,253,249
2055,21,376,969400,452,227,225
2056,21,376,969500,313,164,149
2057,21,376,969600,1702,919,783
2058,21,376,969700,996,492,504
2059,21,376,969800,2026,1011,1015
2060,21,376,969900,894,458,436
2061,21,376,970000,123,57,66
2062,21,376,970100,270,145,125
2063,21,376,970200,165,84,81
2064,21,376,970300,473,251,222
2065,21,376,970400,79,39,40
2066,21,376,970500,361,173,188
2067,21,376,970600,601,294,307
2068,21,376,970700,309,166,143
2069,21,376,970800,376,175,201
2070,21,376,970900,580,286,294
2071,21,376,971000,808,394,414
2072,21,376,971100,285,149,136
2073,21,376,971200,109,57,52
2074,21,376,971300,378,188,190
2075,21,376,971400,796,396,400
2076,21,376,971500,735,362,373
2077,21,376,971600,341,176,165
2078,21,376,971700,235,115,120
2079,21,376,971800,97,52,45
2080,21,376,971900,543,282,261
2081,21,376,972000,75,40,35
2082,21,376,972100,326,163,163
2083,21,376,972200,227,111,116
2084,21,376,972300,786,412,374
2085,21,376,972400,112,64,48
2086,21,376,972500,506,257,249
2087,21,376,972600,403,201,202
2088,21,376,972700,83,40,43
2089,21,376,972800,137,63,74
2090,21,376,972900,1068,548,520
2091,21,376,973000,1467,740,727
2092,21,376,973100,148,66,82
2093,21,376,973200,394,189,205
2094,21,376,973300,444,227,217
2095,21,376,973400,20,9,11
2096,21,376,973500,1039,502,537
2097,21,376,973600,100,55,45
2098,21,376,973700,1647,814,833
2099,21,376,973800,250,123,127
2100,21,376,973900,74,36,38
2101,21,376,974000,1181,589,592
2102,21,376,974100,970,477,493
2103,21,376,974200,292,143,149
2104,21,376,974300,1673,880,793
2105,21,376,974400,820,397,423
2106,21,376,974500,669,342,327
2107,21,376,974600,949,480,469
2108,21,376,974700,826,385,441
2109,21,376,974800,647,324,323
2110,21,376,974900,398,200,198
2111,21,376,975000,710,343,367
2112,21,376,975100,189,91,98
2113,21,376,975200,800,370,430
2114,21,376,975300,980,472,508
2115,21,376,975400,258,140,118
2116,21,376,975500,542,284,258
2117,21,376,975600,0,0,0
2118,21,376,975700,165,75,90
2119,21,376,975800,26,12,14
2120,21,376,975900,397,218,179
2121,21,376,976000,514,262,252
2122,21,376,976100,203,100,103
2123,21,376,976200,352,172,180
2124,21,376,976300,279,134,145
2125,21,376,976400,487,240,247
2126,21,376,976500,198,101,97
2127,21,376,976600,148,82,66
2128,21,376,976700,760,369,391
2129,21,376,976800,139,70,69
2130,21,376,976900,158,74,84
2131,21,376,977000,562,288,274
2132,21,376,977100,236,116,120
2133,21,376,977200,703,367,336
2134,21,376,977300,128,61,67
2135,21,376,977400,1417,711,706
2136,21,376,977500,842,427,415
2137,21,376,977600,553,287,266
2138,21,376,977700,1008,526,482
2139,21,376,977800,726,378,348
2140,21,376,977900,38,18,20
2141,21,376,978000,443,211,232
2142,21,376,978100,457,228,229
2143,21,376,978200,271,130,141
2144,21,376,978300,270,123,147
2145,21,376,978400,397,190,207
2146,21,376,978500,295,143,152
2147,21,376,978600,218,104,114
2148,21,376,978700,199,97,102
2149,21,376,978800,338,181,157
2150,21,376,978900,1728,877,851
2151,21,376,979000,1373,794,579
2152,21,376,979100,175,90,85
2153,21,376,979200,0,0,0
2154,21,376,979300,81,36,45
2155,21,376,979400,1174,604,570
2156,21,376,979500,489,242,247
2157,21,376,979600,709,397,312
2158,21,376,979700,831,423,408
2159,21,376,979800,859,440,419
2160,21,376,979900,1291,653,638
2161,21,376,980000,152,77,75
2162,21,376,980100,2021,1034,987
2163,21,376,980200,735,358,377
2164,21,376,980300,999,477,522
2165,21,376,980400,346,180,166
2166,21,376,980500,1170,577,593
2167,21,376,980600,0,0,0
2168,21,376,980700,0,0,0
2169,21,376,980800,0,0,0
2170,21,376,980900,150,65,85
2171,21,376,981000,1048,533,515
2172,21,376,981100,539,278,261
2173,21,376,981200,281,151,130
2174,21,376,981300,310,169,141
2175,21,376,981400,334,167,167
2176,21,376,981500,311,156,155
2177,21,376,981600,273,128,145
2178,21,376,981700,239,128,111
2179,21,376,981800,1084,593,491
2180,21,376,981900,359,168,191
2181,21,376,982000,322,166,156
2182,21,376,982100,1024,506,518
2183,21,376,982200,106,49,57
2184,21,376,982300,129,57,72
2185,21,376,982400,2267,1223,1044
2186,21,376,982500,897,443,454
2187,21,376,982600,455,232,223
2188,21,376,982700,567,277,290
2189,21,376,982800,167,96,71
2190,21,376,982900,508,273,235
2191,21,376,983000,550,282,268
2192,21,376,983100,223,112,111
2193,21,376,983200,97,40,57
2194,21,376,983300,329,162,167
2195,21,376,983400,156,70,86
2196,21,376,983500,355,167,188
2197,21,376,983600,91,45,46
2198,21,376,983700,915,472,443
2199,21,376,983800,124,54,70
2200,21,376,983900,344,182,162
2201,21,376,984000,341,185,156
2202,21,376,984100,594,295,299
2203,21,376,984200,900,455,445
2204,21,376,984300,96,49,47
2205,21,376,984400,381,197,184
2206,21,376,984500,1230,614,616
2207,21,376,984600,222,114,108
2208,21,376,984700,163,82,81
2209,21,376,984800,111,61,50
2210,21,376,984900,820,418,402
2211,21,376,985000,336,173,163
2212,21,376,985100,2662,1376,1286
2213,21,376,985200,1363,717,646
2214,21,376,985300,152,74,78
2215,21,376,985400,114,58,56
2216,21,376,985500,899,435,464
2217,21,376,985600,328,183,145
2218,21,376,985700,0,0,0
2219,21,376,985800,156,80,76
2220,21,376,985900,2344,1133,1211
2221,21,376,986000,640,329,311
2222,21,376,986100,372,201,171
2223,21,376,986200,1118,554,564
2224,21,376,986300,478,239,239
2225,21,376,986400,304,149,155
2226,21,376,986500,316,165,151
2227,21,376,986600,418,202,216
2228,21,376,986700,394,211,183
2229,21,376,986800,1113,554,559
2230,21,376,986900,353,176,177
2231,21,376,987000,792,406,386
2232,21,376,987100,965,497,468
2233,21,376,987200,794,405,389
2234,21,376,987300,543,259,284
2235,21,376,987400,651,303,348
2236,21,376,987500,125,64,61
2237,21,376,987600,142,74,68
2238,21,376,987700,891,352,539
2239,21,376,987800,239,121,118
2240,21,376,987900,485,254,231
2241,21,376,988000,557,269,288
2242,21,376,988100,589,283,306
2243,21,376,988200,360,184,176
2244,21,376,988300,0,0,0
2245,21,376,988400,821,435,386
2246,21,376,988500,834,419,415
2247,21,376,988600,336,158,178
2248,21,376,988700,245,121,124
2249,21,376,988800,664,333,331
2250,21,376,988900,250,126,124
2251,21,376,989000,202,101,101
2252,21,376,989100,0,0,0
2253,21,376,989200,225,113,112
2254,21,376,989300,538,267,271
2255,21,376,989400,836,411,425
2256,21,376,989500,341,160,181
2257,21,376,989600,453,222,231
2258,21,376,989700,495,256,239
2259,21,376,989800,0,0,0
2260,21,376,989900,188,97,91
2261,21,376,990000,146,82,64
2262,21,376,990100,0,0,0
2263,21,376,990200,266,134,132
2264,21,376,990300,914,469,445
2265,21,376,990400,1057,530,527
2266,21,376,990500,1092,548,544
2267,21,376,990600,2742,1365,1377
2268,21,376,990700,929,428,501
2269,21,376,990800,318,166,152
2270,21,376,990900,2040,1015,1025
2271,21,376,991000,1293,636,657
2272,21,376,991100,611,311,300
2273,21,376,991200,248,117,131
2274,21,376,991300,0,0,0
2275,21,376,991400,328,175,153
2276,21,376,991500,545,293,252
2277,21,376,991600,335,164,171
2278,21,376,991700,0,0,0
2279,21,376,991800,514,276,238
2280,21,376,991900,315,159,156
2281,21,376,992000,201,98,103
2282,21,376,992100,3063,1524,1539
2283,21,376,992200,635,318,317
2284,21,376,992300,139,70,69
2285,21,376,992400,360,179,181
2286,21,376,992500,240,125,115
2287,21,376,992600,698,355,343
2288,21,376,992700,405,227,178
2289,21,376,992800,411,205,206
2290,21,376,992900,157,74,83
2291,21,376,993000,0,0,0
2292,21,376,993100,180,89,91
2293,21,376,993200,631,339,292
2294,21,376,993300,668,330,338
2295,21,376,993400,0,0,0
2296,21,376,993500,360,188,172
2297,21,376,993600,607,305,302
2298,21,376,993700,162,83,79
2299,21,376,993800,284,137,147
2300,21,376,993900,449,217,232
2301,21,376,994000,305,140,165
2302,21,376,994100,928,473,455
2303,21,376,994200,237,117,120
2304,21,376,994300,480,243,237
2305,21,376,994400,482,260,222
2306,21,376,994500,1571,829,742
2307,21,376,994600,548,271,277
2308,21,376,994700,556,286,270
2309,21,376,994800,332,168,164
2310,21,376,994900,1161,555,606
2311,21,376,995000,451,218,233
2312,21,376,995100,135,71,64
2313,21,376,995200,179,78,101
2314,21,376,995300,316,143,173
2315,21,376,995400,1457,749,708
2316,21,376,995500,606,309,297
2317,21,376,995600,864,407,457
2318,21,376,995700,252,118,134
2319,21,376,995800,458,239,219
2320,21,376,995900,223,100,123
2321,21,376,996000,101,48,53
2322,21,376,996100,444,222,222
2323,21,376,996200,761,385,376
2324,21,376,996300,836,426,410
2325,21,376,996400,635,330,305
2326,21,376,996500,687,366,321
2327,21,376,996600,307,156,151
2328,21,376,996700,815,435,380
2329,21,376,996800,165,77,88
2330,21,376,996900,396,199,197
2331,21,376,997000,491,243,248
2332,21,376,997100,509,258,251
2333,21,376,997200,1478,796,682
2334,21,376,997300,575,287,288
2335,21,376,997400,546,267,279
2336,21,376,997500,198,100,98
2337,21,376,997600,160,79,81
2338,21,376,997700,276,143,133
2339,21,376,997800,555,270,285
2340,21,376,997900,50,26,24
2341,21,376,998000,414,214,200
2342,21,376,998100,0,0,0
2343,21,376,998200,57,26,31
2344,21,376,998300,338,174,164
2345,21,376,998400,308,155,153
2346,21,376,998500,0,0,0
2347,21,376,998600,534,262,272
2348,21,376,998700,436,214,222
2349,21,376,998800,957,521,436
2350,21,376,998900,317,158,159
2351,21,376,999000,593,311,282
2352,21,376,999100,570,276,294
2353,21,376,999200,232,117,115
2354,21,376,999300,301,165,136
2355,21,376,999400,1157,602,555
2356,21,376,999500,770,394,376
2357,21,376,999600,641,311,330
2358,21,376,999700,245,131,114
2359,21,376,999800,202,104,98
2360,21,376,999900,453,232,221
2361,21,376,1000000,478,231,247
2362,21,376,1000100,853,439,414
2363,21,376,1000200,803,405,398
2364,21,376,1000300,1633,830,803
2365,21,376,1000400,387,249,138
2366,21,376,1000500,214,108,106
2367,21,376,1000600,1177,582,595
2368,21,376,1000700,541,268,273
2369,21,376,1000800,277,134,143
2370,21,376,1000900,194,103,91
2371,21,376,1001000,50,28,22
2372,21,376,1001100,88,41,47
2373,21,376,1001200,644,341,303
2374,21,376,1001300,825,454,371
2375,21,376,1001400,617,304,313
2376,21,376,1001500,606,302,304
2377,21,376,1001600,744,377,367
2378,21,376,1001700,1041,520,521
2379,21,376,1001800,4459,2240,2219
2380,21,376,1001900,797,418,379
2381,21,376,1002000,4112,2054,2058
2382,21,376,1002100,521,268,253
2383,21,376,1002200,300,150,150
2384,21,376,1002300,461,227,234
2385,21,376,1002400,96,45,51
2386,21,376,1002500,0,0,0
2387,21,376,1002600,785,392,393
2388,21,376,1002700,128,61,67
2389,21,376,1002800,60,30,30
2390,21,376,1002900,336,185,151
2391,21,376,1003000,426,199,227
2392,21,376,1003100,228,116,112
2393,21,376,1003200,507,260,247
2394,21,376,1003300,47,47,0
2395,21,376,1003400,543,260,283
2396,21,376,1003500,1152,572,580
2397,21,376,1003600,541,283,258
2398,21,376,1003700,622,326,296
2399,21,376,1003800,1096,560,536
2400,21,376,1003900,1290,653,637
2401,21,376,1004000,542,261,281
2402,21,376,1004100,445,233,212
2403,21,376,1004200,325,192,133
2404,21,376,1004300,120,65,55
2405,21,376,1004400,271,135,136
2406,21,376,1004500,432,213,219
2407,21,376,1004600,344,179,165
2408,21,376,1004700,364,196,168
2409,21,376,1004800,207,106,101
2410,21,376,1004900,610,316,294
2411,21,376,1005000,1050,526,524
2412,21,376,1005100,197,97,100
2413,21,376,1005200,245,123,122
2414,21,376,1005300,202,94,108
2415,21,376,1005400,653,327,326
2416,21,376,1005500,1438,679,759
2417,21,376,1005600,823,415,408
2418,21,376,1005700,434,217,217
2419,21,376,1005800,137,72,65
2420,21,376,1005900,570,292,278
2421,21,376,1006000,836,414,422
2422,21,376,1006100,438,230,208
2423,21,376,1006200,0,0,0
2424,21,376,1006300,0,0,0
2425,21,376,1006400,2471,1236,1235
2426,21,376,1006500,468,226,242
2427,21,376,1006600,1788,929,859
2428,21,376,1006700,344,181,163
2429,21,376,1006800,379,193,186
2430,21,376,1006900,207,114,93
2431,21,376,1007000,228,113,115
2432,21,376,1007100,576,293,283
2433,21,376,1007200,385,199,186
2434,21,376,1007300,719,366,353
2435,21,376,1007400,291,146,145
2436,21,376,1007500,278,130,148
2437,21,376,1007600,650,332,318
2438,21,376,1007700,266,139,127
2439,21,376,1007800,554,290,264
2440,21,376,1007900,284,150,134
2441,21,376,1008000,350,203,147
2442,21,376,1008100,421,224,197
2443,21,376,1008200,581,282,299
2444,21,376,1008300,292,143,149
2445,21,376,1008400,1121,580,541
2446,21,376,1008500,570,288,282
2447,21,376,1008600,445,235,210
2448,21,376,1008700,1132,596,536
2449,21,376,1008800,424,208,216
2450,21,376,1008900,150,75,75
2451,21,376,1009000,927,451,476
2452,21,376,1009100,626,311,315
2453,21,376,1009200,2,1,1
2454,21,376,1009300,594,313,281
2455,21,376,1009400,426,264,162
2456,21,376,1009500,66,32,34
2457,21,376,1009600,642,324,318
2458,21,376,1009700,412,200,212
2459,21,376,1009800,588,292,296
2460,21,376,1009900,766,417,349
2461,21,376,1010000,512,275,237
2462,21,376,1010100,689,356,333
2463,21,376,1010200,1372,707,665
2464,21,376,1010300,886,432,454
2465,21,376,1010400,1400,689,711
2466,21,376,1010500,226,115,111
2467,21,376,1010600,0,0,0
2468,21,376,1010700,239,122,117
2469,21,376,1010800,184,88,96
2470,21,376,1010900,494,276,218
2471,21,376,1011000,1469,752,717
2472,21,376,1011100,0,0,0
2473,21,376,1011200,97,48,49
2474,21,376,1011300,2860,1460,1400
2475,21,376,1011400,363,182,181
2476,21,376,1011500,48,23,25
2477,21,376,1011600,432,231,201
2478,21,376,1011700,604,303,301
2479,21,376,1011800,549,273,276
2480,21,376,1011900,386,185,201
2481,21,376,1012000,379,183,196
2482,21,376,1012100,2556,1304,1252
2483,21,376,1012200,313,157,156
2484,21,376,1012300,318,162,156
2485,21,376,1012400,175,90,85
2486,21,376,1012500,649,338,311
2487,21,376,1012600,525,268,257
2488,21,376,1012700,659,327,332
2489,21,376,1012800,567,295,272
2490,21,376,1012900,107,58,49
2491,21,376,1013000,713,380,333
2492,21,376,1013100,262,131,131
2493,21,376,1013200,1171,580,591
2494,21,376,1013300,633,304,329
2495,21,376,1013400,1100,547,553
2496,21,376,1013500,285,154,131
2497,21,376,1013600,1059,549,510
2498,21,376,1013700,415,215,200
2499,21,376,1013800,356,177,179
2500,21,376,1013900,1569,805,764
2501,21,376,1014000,873,448,425
2502,21,376,1014100,568,287,281
2503,21,376,1014200,131,69,62
2504,21,376,1014300,405,211,194
2505,21,376,1014400,2420,1278,1142
2506,21,376,1014500,273,137,136
2507,21,376,1014600,486,244,242
2508,21,376,1014700,1198,582,616
2509,21,376,1014800,555,275,280
2510,21,376,1014900,148,65,83
2511,21,376,1015000,281,131,150
2512,21,376,1015100,1268,643,625
2513,21,376,1015200,376,198,178
2514,21,376,1015300,133,60,73
2515,21,376,1015400,250,118,132
2516,21,376,1015500,97,54,43
2517,21,376,1015600,157,91,66
2518,21,376,1015700,370,179,191
2519,21,376,1015800,651,344,307
2520,21,376,1015900,641,347,294
2521,21,376,1016000,3258,1690,1568
2522,21,376,1016100,237,128,109
2523,21,376,1016200,352,175,177
2524,21,376,1016300,1655,837,818
2525,21,376,1016400,1004,505,499
2526,21,376,1016500,429,216,213
2527,21,376,1016600,857,449,408
2528,21,376,1016700,315,152,163
2529,21,376,1016800,316,157,159
2530,21,376,1016900,43,22,21
2531,21,376,1017000,1341,656,685
2532,21,376,1017100,1051,553,498
2533,21,376,1017200,910,456,454
2534,21,376,1017300,550,291,259
2535,21,376,1017400,656,334,322
2536,21,376,1017500,788,413,375
2537,21,376,1017600,398,181,217
2538,21,376,1017700,208,106,102
2539,21,376,1017800,566,283,283
2540,21,376,1017900,2651,1380,1271
2541,21,376,1018000,4381,2265,2116
2542,21,376,1018100,1033,533,500
2543,21,376,1018200,1350,698,652
2544,21,376,1018300,1195,609,586
2545,21,376,1018400,662,327,335
2546,21,376,1018500,109,61,48
2547,21,376,1018600,608,313,295
2548,21,376,1018700,1680,863,817
2549,21,376,1018800,0,0,0
2550,21,376,1018900,1056,543,513
2551,21,376,1019000,372,189,183
2552,21,376,1019100,859,446,413
2553,21,376,1019200,524,275,249
2554,21,376,1019300,63,31,32
2555,21,376,1019400,815,402,413
2556,21,376,1019500,1264,662,602
2557,21,376,1019600,172,78,94
2558,21,376,1019700,273,132,141
2559,21,376,1019800,733,383,350
2560,21,376,1019900,1144,581,563
2561,21,376,1020000,156,79,77
2562,21,376,1020100,540,269,271
2563,21,376,1020200,754,392,362
2564,21,376,1020300,310,166,144
2565,21,376,1020400,97,50,47
2566,21,376,1020500,660,327,333
2567,21,376,1020600,327,165,162
2568,21,376,1020700,1954,1002,952
2569,21,376,1020800,981,480,501
2570,21,376,1020900,993,496,497
2571,21,376,1021000,1303,651,652
2572,21,376,1021100,22,11,11
2573,21,376,1021200,1656,829,827
2574,21,376,1021300,2098,1030,1068
2575,21,376,1021400,626,326,300
2576,21,376,1021500,439,216,223
2577,21,376,1021600,0,0,0
2578,21,376,1021700,592,282,310
2579,21,376,1021800,879,463,416
2580,21,376,1021900,0,0,0
2581,21,376,1022000,0,0,0
2582,21,376,1022100,234,106,128
2583,21,376,1022200,46,26,20
2584,21,376,1022300,483,258,225
2585,21,376,1022400,367,186,181
2586,21,376,1022500,1201,631,570
2587,21,376,1022600,479,234,245
2588,21,376,1022700,379,194,185
2589,21,376,1022800,972,481,491
2590,21,376,1022900,387,216,171
2591,21,376,1023000,453,211,242
2592,21,376,1023100,665,337,328
2593,21,376,1023200,571,294,277
2594,21,376,1023300,743,380,363
2595,21,376,1023400,737,380,357
2596,21,376,1023500,329,184,145
2597,21,376,1023600,461,230,231
2598,21,376,1023700,1194,563,631
2599,21,376,1023800,355,181,174
2600,21,376,1023900,1116,584,532
2601,21,376,1024000,352,165,187
2602,21,376,1024100,640,321,319
2603,21,376,1024200,3094,1559,1535
2604,21,376,1024300,0,0,0
2605,21,376,1024400,338,157,181
2606,21,376,1024500,217,104,113
2607,21,376,1024600,1147,575,572
2608,21,376,1024700,1116,572,544
2609,21,376,1024800,800,429,371
2610,21,376,1024900,775,409,366
2611,21,376,1025000,604,301,303
2612,21,376,1025100,1007,508,499
2613,21,376,1025200,923,470,453
2614,21,376,1025300,812,429,383
2615,21,376,1025400,1066,537,529
2616,21,376,1025500,0,0,0
2617,21,376,1025600,234,116,118
2618,21,376,1025700,643,319,324
2619,21,376,1025800,698,334,364
2620,21,376,1025900,744,379,365
2621,21,376,1026000,0,0,0
2622,21,376,1026100,526,264,262
2623,21,376,1026200,622,326,296
2624,21,376,1026300,16,5,11
2625,21,376,1026400,730,358,372
2626,21,376,1026500,888,463,425
2627,21,376,1026600,1576,781,795
2628,21,376,1026700,592,305,287
2629,21,376,1026800,1320,675,645
2630,21,376,1026900,893,470,423
2631,21,376,1027000,267,137,130
2632,21,376,1027100,339,160,179
2633,21,376,1027200,997,474,523
2634,21,376,1027300,685,319,366
2635,21,376,1027400,380,196,184
2636,21,376,1027500,1144,568,576
2637,21,376,1027600,930,471,459
2638,21,376,1027700,719,362,357
2639,21,376,1027800,418,219,199
2640,21,376,1027900,503,275,228
2641,21,376,1028000,237,117,120
2642,21,376,1028100,233,123,110
2643,21,376,1028200,419,213,206
2644,21,376,1028300,150,64,86
2645,21,376,1028400,434,224,210
2646,21,376,1028500,482,264,218
2647,21,376,1028600,122,58,64
2648,21,376,1028700,0,0,0
2649,21,376,1028800,196,106,90
2650,21,376,1028900,269,140,129
2651,21,376,1029000,173,88,85
2652,21,376,1029100,130,60,70
2653,21,376,1029200,2880,1453,1427
2654,21,376,1029300,257,117,140
2655,21,376,1029400,132,63,69
2656,21,376,1029500,774,390,384
2657,21,376,1029600,44,19,25
2658,21,376,1029700,902,463,439
2659,21,376,1029800,556,291,265
2660,21,376,1029900,630,321,309
2661,21,376,1030000,701,347,354
2662,21,376,1030100,390,203,187
2663,21,376,1030200,0,0,0
2664,21,376,1030300,117,52,65
2665,21,376,1030400,516,274,242
2666,21,376,1030500,512,253,259
2667,21,376,1030600,924,449,475
2668,21,376,1030700,0,0,0
2669,21,376,1030800,839,439,400
2670,21,376,1030900,335,180,155
2671,21,376,1031000,651,316,335
2672,21,376,1031100,316,167,149
2673,21,376,1031200,411,200,211
2674,21,376,1031300,460,222,238
2675,21,376,1031400,338,193,145
2676,21,376,1031500,1008,529,479
2677,21,376,1031600,385,181,204
2678,21,376,1031700,141,69,72
2679,21,376,1031800,358,180,178
2680,21,376,1031900,806,404,402
2681,21,376,1032000,919,478,441
2682,21,376,1032100,592,286,306
2683,21,376,1032200,458,233,225
2684,21,376,1032300,283,142,141
2685,21,376,1032400,1601,783,818
2686,21,376,1032500,452,245,207
2687,21,376,1032600,826,472,354
2688,21,376,1032700,553,276,277
2689,21,376,1032800,504,267,237
2690,21,376,1032900,725,363,362
2691,21,376,1033000,707,377,330
2692,21,376,1033100,805,419,386
2693,21,376,1033200,910,452,458
2694,21,376,1033300,0,0,0
2695,21,376,1033400,1565,781,784
2696,21,376,1033500,447,226,221
2697,21,376,1033600,372,172,200
2698,21,376,1033700,564,287,277
2699,21,376,1033800,140,64,76
2700,21,376,1033900,7,4,3
2701,21,376,1034000,982,482,500
2702,21,376,1034100,480,236,244
2703,21,376,1034200,1494,747,747
2704,21,376,1034300,675,330,345
2705,21,376,1034400,789,423,366
2706,21,376,1034500,0,0,0
2707,21,376,1034600,513,268,245
2708,21,376,1034700,90,38,52
2709,21,376,1034800,304,155,149
2710,21,376,1034900,553,290,263
2711,21,376,1035000,1319,655,664
2712,21,376,1035100,2051,1019,1032
2713,21,376,1035200,726,358,368
2714,21,376,1035300,684,330,354
2715,21,376,1035400,1091,540,551
2716,21,376,1035500,203,103,100
2717,21,376,1035600,554,268,286
2718,21,376,1035700,210,115,95
2719,21,376,1035800,513,258,255
2720,21,376,1035900,400,189,211
2721,21,376,1036000,1448,721,727
2722,21,376,1036100,94,45,49
2723,21,376,1036200,619,333,286
2724,21,376,1036300,176,86,90
2725,21,376,1036400,717,376,341
2726,21,376,1036500,1189,590,599
2727,21,376,1036600,445,233,212
2728,21,376,1036700,778,373,405
2729,21,376,1036800,113,54,59
2730,21,376,1036900,818,438,380
2731,21,376,1037000,1281,624,657
2732,21,376,1037100,132,64,68
2733,21,376,1037200,734,358,376
2734,21,376,1037300,237,125,112
2735,21,376,1037400,771,407,364
2736,21,376,1037500,520,264,256
2737,21,376,1037600,638,320,318
2738,21,376,1037700,724,349,375
2739,21,376,1037800,0,0,0
2740,21,376,1037900,335,171,164
2741,21,376,1038000,421,202,219
2742,21,376,1038100,207,88,119
2743,21,376,1038200,740,352,388
2744,21,376,1038300,1155,662,493
2745,21,376,1038400,0,0,0
2746,21,376,1038500,1274,641,633
2747,21,376,1038600,665,335,330
2748,21,376,1038700,456,233,223
2749,21,376,1038800,325,157,168
2750,21,376,1038900,182,90,92
2751,21,376,1039000,116,70,46
2752,21,376,1039100,655,321,334
2753,21,376,1039200,379,190,189
2754,21,376,1039300,172,88,84
2755,21,376,1039400,902,453,449
2756,21,376,1039500,368,192,176
2757,21,376,1039600,1176,584,592
2758,21,376,1039700,304,159,145
2759,21,376,1039800,747,384,363
2760,21,376,1039900,532,260,272
2761,21,376,1040000,438,211,227
2762,21,376,1040100,121,61,60
2763,21,376,1040200,491,261,230
2764,21,376,1040300,227,116,111
2765,21,376,1040400,591,309,282
2766,21,376,1040500,1388,729,659
2767,21,376,1040600,1805,891,914
2768,21,376,1040700,88,44,44
2769,21,376,1040800,437,217,220
2770,21,376,1040900,316,189,127
2771,21,376,1041000,361,175,186
2772,21,376,1041100,163,79,84
2773,21,376,1041200,685,352,333
2774,21,376,1041300,296,148,148
2775,21,376,1041400,355,183,172
2776,21,376,1041500,284,147,137
2777,21,376,1041600,224,114,110
2778,21,376,1041700,81,37,44
2779,21,376,1041800,534,273,261
2780,21,376,1041900,147,78,69
2781,21,376,1042000,675,332,343
2782,21,376,1042100,821,402,419
2783,21,376,1042200,164,82,82
2784,21,376,1042300,481,250,231
2785,21,376,1042400,101,49,52
2786,21,376,1042500,276,131,145
2787,21,376,1042600,464,231,233
2788,21,376,1042700,352,171,181
2789,21,376,1042800,105,55,50
2790,21,376,1042900,320,169,151
2791,21,376,1043000,250,118,132
2792,21,376,1043100,283,150,133
2793,21,376,1043200,429,222,207
2794,21,376,1043300,1111,574,537
2795,21,376,1043400,48,30,18
2796,21,376,1043500,296,163,133
2797,21,376,1043600,686,349,337
2798,21,376,1043700,247,118,129
2799,21,376,1043800,737,360,377
2800,21,376,1043900,767,402,365
2801,21,376,1044000,71,36,35
2802,21,376,1044100,990,481,509
2803,21,376,1044200,1074,532,542
2804,21,376,1044300,257,130,127
2805,21,376,1044400,607,304,303
2806,21,376,1044500,437,211,226
2807,21,376,1044600,862,445,417
2808,21,376,1044700,1396,596,800
2809,21,376,1044800,477,249,228
2810,21,376,1044900,269,142,127
2811,21,376,1045000,955,489,466
2812,21,376,1045100,797,384,413
2813,21,376,1045200,181,88,93
2814,21,376,1045300,540,267,273
2815,21,376,1045400,956,483,473
2816,21,376,1045500,764,376,388
2817,21,376,1045600,404,192,212
2818,21,376,1045700,602,300,302
2819,21,376,1045800,504,256,248
2820,21,376,1045900,869,427,442
2821,21,376,1046000,644,318,326
2822,21,376,1046100,447,213,234
2823,21,376,1046200,281,140,141
2824,21,376,1046300,105,54,51
2825,21,376,1046400,607,304,303
2826,21,376,1046500,1342,678,664
2827,21,376,1046600,260,123,137
2828,21,376,1046700,1083,565,518
2829,21,376,1046800,874,438,436
2830,21,376,1046900,817,413,404
2831,21,376,1047000,580,299,281
2832,21,376,1047100,143,70,73
2833,21,376,1047200,310,158,152
2834,21,376,1047300,63,31,32
2835,21,376,1047400,1090,549,541
2836,21,376,1047500,205,105,100
2837,21,376,1047600,1855,930,925
2838,21,376,1047700,101,53,48
2839,21,376,1047800,352,173,179
2840,21,376,1047900,545,283,262
2841,21,376,1048000,185,92,93
2842,21,376,1048100,405,219,186
2843,21,376,1048200,488,245,243
2844,21,376,1048300,695,326,369
2845,21,376,1048400,669,329,340
2846,21,376,1048500,350,168,182
2847,21,376,1048600,259,132,127
2848,21,376,1048700,139,66,73
2849,21,376,1048800,207,109,98
2850,21,376,1048900,666,343,323
2851,21,376,1049000,267,132,135
2852,21,376,1049100,601,307,294
2853,21,376,1049200,557,275,282
2854,21,376,1049300,250,142,108
2855,21,376,1049400,1793,905,888
2856,21,376,1049500,599,310,289
2857,21,376,1049600,428,205,223
2858,21,376,1049700,1150,584,566
2859,21,376,1049800,571,300,271
2860,21,376,1049900,977,492,485
2861,21,376,1050000,743,369,374
2862,21,376,1050100,954,479,475
2863,21,376,1050200,820,403,417
2864,21,376,1050300,1040,539,501
2865,21,376,1050400,370,189,181
2866,21,376,1050500,783,379,404
2867,21,376,1050600,679,343,336
2868,21,376,1050700,827,398,429
2869,21,376,1050800,1014,553,461
2870,21,376,1050900,519,262,257
2871,21,376,1051000,351,184,167
2872,21,376,1051100,1325,695,630
2873,21,376,1051200,324,146,178
2874,21,376,1051300,424,209,215
2875,21,376,1051400,725,363,362
2876,21,376,1051500,337,159,178
2877,21,376,1051600,192,101,91
2878,21,376,1051700,505,230,275
2879,21,376,1051800,914,479,435
2880,21,376,1051900,218,95,123
2881,21,376,1052000,779,372,407
2882,21,376,1052100,434,199,235
2883,21,376,1052200,482,231,251
2884,21,376,1052300,5,1,4
2885,21,376,1052400,39,18,21
2886,21,376,1052500,1132,565,567
2887,21,376,1052600,746,372,374
2888,21,376,1052700,423,217,206
2889,21,376,1052800,1375,750,625
2890,21,376,1052900,1659,885,774
2891,21,376,1053000,675,342,333
2892,21,376,1053100,1718,880,838
2893,21,376,1053200,69,37,32
2894,21,376,1053300,0,0,0
2895,21,376,1053400,401,183,218
2896,21,376,1053500,285,150,135
2897,21,376,1053600,108,55,53
2898,21,376,1053700,419,200,219
2899,21,376,1053800,2527,1320,1207
2900,21,376,1053900,432,215,217
2901,21,376,1054000,0,0,0
2902,21,376,1054100,713,377,336
2903,21,376,1054200,2003,1024,979
2904,21,376,1054300,1341,683,658
2905,21,376,1054400,647,336,311
2906,21,376,1054500,652,328,324
2907,21,376,1054600,666,321,345
2908,21,376,1054700,65,33,32
2909,21,376,1054800,20,10,10
2910,21,376,1054900,1747,895,852
2911,21,376,1055000,98,50,48
2912,21,376,1055100,0,0,0
2913,21,376,1055200,760,386,374
2914,21,376,1055300,271,128,143
2915,21,376,1055400,38,16,22
2916,21,376,1055500,286,142,144
2917,21,376,1055600,764,392,372
2918,21,376,1055700,92,47,45
2919,21,376,1055800,1121,566,555
2920,21,376,1055900,957,496,461
2921,21,376,1056000,1769,872,897
2922,21,376,1056100,633,312,321
2923,21,376,1056200,878,426,452
2924,21,376,1056300,1757,871,886
2925,21,376,1056400,383,185,198
2926,21,376,1056500,1098,540,558
2927,21,376,1056600,2108,1066,1042
2928,21,376,1056700,445,215,230
2929,21,376,1056800,821,422,399
2930,21,376,1056900,979,511,468
2931,21,376,1057000,353,189,164
2932,21,376,1057100,1498,789,709
2933,21,376,1057200,661,329,332
2934,21,376,1057300,334,165,169
2935,21,376,1057400,740,363,377
2936,21,376,1057500,1823,908,915
2937,21,376,1057600,1027,498,529
2938,21,376,1057700,1645,844,801
2939,21,376,1057800,1135,564,571
2940,21,376,1057900,2039,1059,980
2941,21,376,1058000,1492,767,725
2942,21,376,1058100,2026,1048,978
2943,21,376,1058200,1164,567,597
2944,21,376,1058300,287,137,150
2945,21,376,1058400,70,39,31
2946,21,376,1058500,290,149,141
2947,21,376,1058600,139,69,70
2948,21,376,1058700,998,488,510
2949,21,376,1058800,1562,781,781
2950,21,376,1058900,1458,718,740
2951,21,376,1059000,2291,1144,1147
2952,21,376,1059100,693,366,327
2953,21,376,1059200,936,461,475
2954,21,376,1059300,1679,865,814
2955,21,376,1059400,925,471,454
2956,21,376,1059500,589,302,287
2957,21,376,1059600,1657,839,818
2958,21,376,1059700,1714,936,778
2959,21,376,1059800,1062,528,534
2960,21,376,1059900,1178,606,572
2961,21,376,1060000,1480,778,702
2962,21,376,1060100,681,227,454
2963,21,376,1060200,1409,695,714
2964,21,376,1060300,1091,573,518
2965,21,376,1060400,753,396,357
2966,21,376,1060500,404,211,193
2967,21,376,1060600,482,247,235
2968,21,376,1060700,300,151,149
2969,21,376,1060800,725,377,348
2970,21,376,1060900,41,20,21
2971,21,376,1061000,169,86,83
2972,21,376,1061100,67,35,32
2973,21,376,1061200,18,9,9
2974,21,376,1061300,137,73,64
2975,21,376,1061400,1210,614,596
2976,21,376,1061500,21,13,8
2977,21,376,1061600,1572,783,789
2978,21,376,1061700,233,118,115
2979,21,376,1061800,1153,593,560
2980,21,376,1061900,642,320,322
2981,21,376,1062000,336,162,174
2982,21,376,1062100,384,196,188
2983,21,376,1062200,418,201,217
2984,21,376,1062300,156,79,77
2985,21,376,1062400,1220,614,606
2986,21,376,1062500,1007,494,513
2987,21,376,1062600,499,267,232
2988,21,376,1062700,1151,585,566
2989,21,376,1062800,647,364,283
2990,21,376,1062900,746,393,353
2991,21,376,1063000,750,385,365
2992,21,376,1063100,456,245,211
2993,21,376,1063200,587,298,289
2994,21,376,1063300,107,47,60
2995,21,376,1063400,558,283,275
2996,21,376,1063500,784,403,381
2997,21,376,1063600,661,308,353
2998,21,376,1063700,130,69,61
2999,21,376,1063800,1244,624,620
3000,21,376,1063900,315,160,155
3001,21,376,1064000,592,286,306
3002,21,376,1064100,342,162,180
3003,21,376,1064200,812,387,425
3004,21,376,1064300,312,154,158
3005,21,376,1064400,676,349,327
3006,21,376,1064500,558,284,274
3007,21,376,1064600,309,155,154
3008,21,376,1064700,324,174,150
3009,21,376,1064800,143,71,72
3010,21,376,1064900,343,172,171
3011,21,376,1065000,576,295,281
3012,21,376,1065100,405,198,207
3013,21,376,1065200,18,11,7
3014,21,376,1065300,1484,741,743
3015,21,376,1065400,537,252,285
3016,21,376,1065500,780,380,400
3017,21,376,1065600,265,133,132
3018,21,376,1065700,1078,529,549
3019,21,376,1065800,783,390,393
3020,21,376,1065900,389,189,200
3021,21,376,1066000,1116,547,569
3022,21,376,1066100,288,160,128
3023,21,376,1066200,852,429,423
3024,21,376,1066300,368,180,188
3025,21,376,1066400,1563,788,775
3026,21,376,1066500,706,364,342
3027,21,376,1066600,84,45,39
3028,21,376,1066700,134,67,67
3029,21,376,1066800,115,63,52
3030,21,376,1066900,1273,661,612
3031,21,376,1067000,295,145,150
3032,21,376,1067100,413,207,206
3033,21,376,1067200,216,121,95
3034,21,376,1067300,2,2,0
3035,21,376,1067400,0,0,0
3036,21,376,1067500,1854,914,940
3037,21,376,1067600,682,339,343
3038,21,376,1067700,1082,541,541
3039,21,376,1067800,691,333,358
3040,21,376,1067900,729,383,346
3041,21,376,1068000,216,107,109
3042,21,376,1068100,432,205,227
3043,21,376,1068200,512,253,259
3044,21,376,1068300,879,453,426
3045,21,376,1068400,15,7,8
3046,21,376,1068500,1175,580,595
3047,21,376,1068600,626,311,315
3048,21,376,1068700,644,322,322
3049,21,376,1068800,1052,515,537
3050,21,376,1068900,1332,669,663
3051,21,376,1069000,674,336,338
3052,21,376,1069100,539,268,271
3053,21,376,1069200,245,131,114
3054,21,376,1069300,3802,1944,1858
3055,21,376,1069400,1848,931,917
3056,21,376,1069500,1229,634,595
3057,21,376,1069600,874,455,419
3058,21,376,1069700,733,355,378
3059,21,376,1069800,615,315,300
3060,21,376,1069900,526,265,261
3061,21,376,1070000,96,49,47
3062,21,376,1070100,133,65,68
3063,21,376,1070200,194,98,96
3064,21,376,1070300,1340,707,633
3065,21,376,1070400,767,392,375
3066,21,376,1070500,207,108,99
3067,21,376,1070600,13,7,6
3068,21,376,1070700,203,87,116
3069,21,376,1070800,356,186,170
3070,21,376,1070900,1042,506,536
3071,21,376,1071000,1183,617,566
3072,21,376,1071100,77,38,39
3073,21,376,1071200,670,369,301
3074,21,376,1071300,616,298,318
3075,21,376,1071400,920,469,451
3076,21,376,1071500,657,354,303
3077,21,376,1071600,1674,849,825
3078,21,376,1071700,168,79,89
3079,21,376,1071800,1315,660,655
3080,21,376,1071900,281,152,129
3081,21,376,1072000,415,220,195
3082,21,376,1072100,563,288,275
3083,21,376,1072200,1161,597,564
3084,21,376,1072300,737,364,373
3085,21,376,1072400,596,286,310
3086,21,376,1072500,1837,933,904
3087,21,376,1072600,751,364,387
3088,21,376,1072700,169,90,79
3089,21,376,1072800,311,177,134
3090,21,376,1072900,260,124,136
3091,21,376,1073000,786,419,367
3092,21,376,1073100,230,116,114
3093,21,376,1073200,375,190,185
3094,21,376,1073300,486,256,230
3095,21,376,1073400,329,168,161
3096,21,376,1073500,683,345,338
3097,21,376,1073600,844,445,399
3098,21,376,1073700,2614,1346,1268
3099,21,376,1073800,111,58,53
3100,21,376,1073900,311,159,152
3101,21,376,1074000,104,53,51
3102,21,376,1074100,597,305,292
3103,21,376,1074200,987,516,471
3104,21,376,1074300,592,316,276
3105,21,376,1074400,717,377,340
3106,21,376,1074500,3973,2040,1933
3107,21,376,1074600,570,290,280
3108,21,376,1074700,1179,596,583
3109,21,376,1074800,251,138,113
3110,21,376,1074900,1703,883,820
3111,21,376,1075000,1009,502,507
3112,21,376,1075100,517,269,248
3113,21,376,1075200,758,369,389
3114,21,376,1075300,325,176,149
3115,21,376,1075400,294,151,143
3116,21,376,1075500,514,266,248
3117,21,376,1075600,683,359,324
3118,21,376,1075700,504,251,253
3119,21,376,1075800,475,233,242
3120,21,376,1075900,1620,839,781
3121,21,376,1076000,607,316,291
3122,21,376,1076100,1325,631,694
3123,21,376,1076200,210,117,93
3124,21,376,1076300,519,291,228
3125,21,376,1076400,2165,1074,1091
3126,21,376,1076500,189,91,98
3127,21,376,1076600,1230,639,591
3128,21,376,1076700,591,300,291
3129,21,376,1076800,148,80,68
3130,21,376,1076900,283,146,137
3131,21,376,1077000,990,481,509
3132,21,376,1077100,11,7,4
3133,21,376,1077200,943,477,466
3134,21,376,1077300,3555,1781,1774
3135,21,376,1077400,2132,1053,1079
3136,21,376,1077500,458,240,218
3137,21,376,1077600,465,206,259
3138,21,376,1077700,1914,1017,897
3139,21,376,1077800,871,437,434
3140,21,376,1077900,1878,951,927
3141,21,376,1078000,1468,718,750
3142,21,376,1078100,3795,1940,1855
3143,21,376,1078200,2667,1330,1337
3144,21,376,1078300,1017,489,528
3145,21,376,1078400,976,455,521
3146,21,376,1078500,2374,1180,1194
3147,21,376,1078600,3102,1636,1466
3148,21,376,1078700,745,359,386
3149,21,376,1078800,253,125,128
3150,21,376,1078900,2278,1133,1145
3151,21,376,1079000,1594,769,825
3152,21,376,1079100,1337,690,647
3153,21,376,1079200,3723,1886,1837
3154,21,376,1079300,213,115,98
3155,21,376,1079400,215,115,100
3156,21,376,1079500,900,461,439
3157,21,376,1079600,192,101,91
3158,21,376,1079700,234,113,121
3159,21,376,1079800,182,89,93
3160,21,376,1079900,633,327,306
3161,21,376,1080000,743,351,392
3162,21,376,1080100,615,322,293
3163,21,376,1080200,1452,743,709
3164,21,376,1080300,1208,610,598
3165,21,376,1080400,1211,619,592
3166,21,376,1080500,788,410,378
3167,21,376,1080600,2182,1134,1048
3168,21,376,1080700,2973,1528,1445
3169,21,376,1080800,2489,1231,1258
3170,21,376,1080900,2239,1130,1109
3171,21,376,1081000,973,496,477
3172,21,376,1081100,1721,877,844
3173,21,376,1081200,1591,794,797
3174,21,376,1081300,1404,716,688
3175,21,376,1081400,378,183,195
3176,21,376,1081500,672,310,362
3177,21,376,1081600,842,430,412
3178,21,376,1081700,814,413,401
3179,21,376,1081800,617,298,319
3180,21,376,1081900,1408,721,687
3181,21,376,1082000,618,309,309
3182,21,376,1082100,1235,634,601
3183,21,376,1082200,631,301,330
3184,21,376,1082300,2036,1023,1013
3185,21,376,1082400,284,140,144
3186,21,376,1082500,1126,584,542
3187,21,376,1082600,639,319,320
3188,21,376,1082700,1185,624,561
3189,21,376,1082800,1370,712,658
3190,21,376,1082900,1729,896,833
3191,21,376,1083000,3004,1543,1461
3192,21,376,1083100,2509,1252,1257
3193,21,376,1083200,689,341,348
3194,21,376,1083300,800,378,422
3195,21,376,1083400,614,295,319
3196,21,376,1083500,2428,1208,1220
3197,21,376,1083600,702,349,353
3198,21,376,1083700,473,237,236
3199,21,376,1083800,330,154,176
3200,21,376,1083900,611,301,310
3201,21,376,1084000,617,319,298
3202,21,376,1084100,764,395,369
3203,21,376,1084200,436,220,216
3204,21,376,1084300,490,250,240
3205,21,376,1084400,491,242,249
3206,21,376,1084500,447,163,284
3207,21,376,1084600,500,262,238
3208,21,376,1084700,558,261,297
3209,21,376,1084800,1042,498,544
3210,21,376,1084900,468,337,131
3211,21,376,1085000,390,202,188
3212,21,376,1085100,643,319,324
3213,21,376,1085200,698,343,355
3214,21,376,1085300,111,52,59
3215,21,376,1085400,128,61,67
3216,21,376,1085500,490,241,249
3217,21,376,1085600,404,186,218
3218,21,376,1085700,1162,581,581
3219,21,376,1085800,937,457,480
3220,21,376,1085900,1380,667,713
3221,21,376,1086000,644,324,320
3222,21,376,1086100,435,214,221
3223,21,376,1086200,173,83,90
3224,21,376,1086300,623,303,320
3225,21,376,1086400,898,443,455
3226,21,376,1086500,574,275,299
3227,21,376,1086600,1038,490,548
3228,21,376,1086700,1834,912,922
3229,21,376,1086800,479,232,247
3230,21,376,1086900,1728,877,851
3231,21,376,1087000,1254,602,652
3232,21,376,1087100,1181,574,607
3233,21,376,1087200,993,464,529
3234,21,376,1087300,154,83,71
3235,21,376,1087400,574,303,271
3236,21,376,1087500,550,286,264
3237,21,376,1087600,235,126,109
3238,21,376,1087700,254,131,123
3239,21,376,1087800,1347,679,668
3240,21,376,1087900,366,179,187
3241,21,376,1088000,601,283,318
3242,21,376,1088100,538,254,284
3243,21,376,1088200,174,88,86
3244,21,376,1088300,905,452,453
3245,21,376,1088400,390,182,208
3246,21,376,1088500,788,387,401
3247,21,376,1088600,152,87,65
3248,21,376,1088700,1322,610,712
3249,21,376,1088800,355,177,178
3250,21,376,1088900,601,298,303
3251,21,376,1089000,251,129,122
3252,21,376,1089100,910,463,447
3253,21,376,1089200,1024,503,521
3254,21,376,1089300,849,409,440
3255,21,376,1089400,462,230,232
3256,21,376,1089500,477,233,244
3257,21,376,1089600,138,67,71
3258,21,376,1089700,254,118,136
3259,21,376,1089800,321,164,157
3260,21,376,1089900,576,285,291
3261,21,376,1090000,2,2,0
3262,21,376,1090100,2,2,0
3263,21,376,1090200,6,6,0
3264,21,376,1090300,84,44,40
3265,21,376,1090400,3,3,0
3266,21,376,1090500,37,15,22
3267,21,376,1090600,962,488,474
3268,21,376,1090700,236,120,116
3269,21,376,1090800,521,248,273
3270,21,376,1090900,977,550,427
3271,21,376,1091000,436,220,216
3272,21,376,1091100,499,259,240
3273,21,376,1091200,310,157,153
3274,21,376,1091300,687,341,346
3275,21,376,1091400,528,273,255
3276,21,376,1091500,322,156,166
3277,21,376,1091600,368,180,188
3278,21,376,1091700,295,150,145
3279,21,376,1091800,405,196,209
3280,21,376,1091900,606,291,315
3281,21,376,1092000,571,279,292
3282,21,376,1092100,2,2,0
3283,21,376,1092200,556,268,288
3284,21,376,1092300,354,166,188
3285,21,376,1092400,338,165,173
3286,21,376,1092500,173,80,93
3287,21,376,1092600,271,139,132
3288,21,376,1092700,361,183,178
3289,21,376,1092800,836,387,449
3290,21,376,1092900,353,169,184
3291,21,376,1093000,392,200,192
3292,21,376,1093100,250,137,113
3293,21,376,1093200,325,157,168
3294,21,376,1093300,1206,570,636
3295,21,376,1093400,452,232,220
3296,21,376,1093500,405,215,190
3297,21,376,1093600,504,243,261
3298,21,376,1093700,6,2,4
3299,21,376,1093800,675,334,341
3300,21,376,1093900,277,141,136
3301,21,376,1094000,468,223,245
3302,21,376,1094100,974,487,487
3303,21,376,1094200,1159,575,584
3304,21,376,1094300,533,252,281
3305,21,376,1094400,708,347,361
3306,21,376,1094500,326,155,171
3307,21,376,1094600,259,133,126
3308,21,376,1094700,490,244,246
3309,21,376,1094800,601,288,313
3310,21,376,1094900,166,81,85
3311,21,376,1095000,897,443,454
3312,21,376,1095100,254,124,130
3313,21,376,1095200,191,100,91
3314,21,376,1095300,363,175,188
3315,21,376,1095400,982,533,449
3316,21,376,1095500,523,260,263
3317,21,376,1095600,65,38,27
3318,21,376,1095700,159,81,78
3319,21,376,1095800,1180,648,532
3320,21,376,1095900,66,32,34
3321,21,376,1096000,200,100,100
3322,21,376,1096100,1586,851,735
3323,21,376,1096200,2,1,1
3324,21,376,1096300,91,50,41
3325,21,376,1096400,214,104,110
3326,21,376,1096500,574,288,286
3327,21,376,1096600,226,88,138
3328,21,376,1096700,197,92,105
3329,21,376,1096800,641,327,314
3330,21,376,1096900,1747,906,841
3331,21,376,1097000,927,454,473
3332,21,376,1097100,3258,1553,1705
3333,21,376,1097200,1727,904,823
3334,21,376,1097300,189,97,92
3335,21,376,1097400,1655,844,811
3336,21,376,1097500,649,338,311
3337,21,376,1097600,1312,638,674
3338,21,376,1097700,88,39,49
3339,21,376,1097800,401,205,196
3340,21,376,1097900,632,319,313
3341,21,376,1098000,1033,502,531
3342,21,376,1098100,392,180,212
3343,21,376,1098200,92,44,48
3344,21,376,1098300,347,166,181
3345,21,376,1098400,1829,916,913
3346,21,376,1098500,376,196,180
3347,21,376,1098600,140,63,77
3348,21,376,1098700,337,167,170
3349,21,376,1098800,138,70,68
3350,21,376,1098900,193,96,97
3351,21,376,1099000,0,0,0
3352,21,376,1099100,240,117,123
3353,21,376,1099200,622,305,317
3354,21,376,1099300,454,228,226
3355,21,376,1099400,139,67,72
3356,21,376,1099500,199,104,95
3357,21,376,1099600,41,21,20
3358,21,376,1099700,1274,623,651
3359,21,376,1099800,1208,614,594
3360,21,376,1099900,468,223,245
3361,21,376,1100000,1965,973,992
3362,21,376,1100100,210,108,102
3363,21,376,1100200,130,62,68
3364,21,376,1100300,201,92,109
3365,21,376,1100400,452,234,218
3366,21,376,1100500,777,389,388
3367,21,376,1100600,1757,898,859
3368,21,376,1100700,517,259,258
3369,21,376,1100800,545,287,258
3370,21,376,1100900,1423,771,652
3371,21,376,1101000,1086,537,549
3372,21,376,1101100,522,258,264
3373,21,376,1101200,225,120,105
3374,21,376,1101300,1339,651,688
3375,21,376,1101400,865,434,431
3376,21,376,1101500,183,80,103
3377,21,376,1101600,1289,631,658
3378,21,376,1101700,868,445,423
3379,21,376,1101800,1316,678,638
3380,21,376,1101900,760,364,396
3381,21,376,1102000,504,254,250
3382,21,376,1102100,379,198,181
3383,21,376,1102200,1268,630,638
3384,21,376,1102300,192,97,95
3385,21,376,1102400,845,402,443
3386,21,376,1102500,317,162,155
3387,21,376,1102600,1061,502,559
3388,21,376,1102700,347,175,172
3389,21,376,1102800,253,116,137
3390,21,376,1102900,903,452,451
3391,21,376,1103000,560,302,258
3392,21,376,1103100,361,180,181
3393,21,376,1103200,1060,486,574
3394,21,376,1103300,177,95,82
3395,21,376,1103400,275,137,138
3396,21,376,1103500,1166,567,599
3397,21,376,1103600,769,380,389
3398,21,376,1103700,1782,907,875
3399,21,376,1103800,222,116,106
3400,21,376,1103900,1877,994,883
3401,21,376,1104000,213,113,100
3402,21,376,1104100,796,394,402
3403,21,376,1104200,278,133,145
3404,21,376,1104300,893,462,431
3405,21,376,1104400,334,168,166
3406,21,376,1104500,525,253,272
3407,21,376,1104600,559,282,277
3408,21,376,1104700,275,134,141
3409,21,376,1104800,444,220,224
3410,21,376,1104900,573,281,292
3411,21,376,1105000,856,428,428
3412,21,376,1105100,684,343,341
3413,21,376,1105200,872,430,442
3414,21,376,1105300,502,271,231
3415,21,376,1105400,800,390,410
3416,21,376,1105500,437,210,227
3417,21,376,1105600,343,190,153
3418,21,376,1105700,1138,494,644
3419,21,376,1105800,528,253,275
3420,21,376,1105900,563,300,263
3421,21,376,1106000,888,423,465
3422,21,376,1106100,315,165,150
3423,21,376,1106200,271,132,139
3424,21,376,1106300,208,108,100
3425,21,376,1106400,605,319,286
3426,21,376,1106500,180,87,93
3427,21,376,1106600,583,292,291
3428,21,376,1106700,704,346,358
3429,21,376,1106800,466,228,238
3430,21,376,1106900,369,190,179
3431,21,376,1107000,968,489,479
3432,21,376,1107100,356,167,189
3433,21,376,1107200,386,202,184
3434,21,376,1107300,567,284,283
3435,21,376,1107400,710,361,349
3436,21,376,1107500,967,477,490
3437,21,376,1107600,1147,572,575
3438,21,376,1107700,151,72,79
3439,21,376,1107800,427,216,211
3440,21,376,1107900,810,388,422
3441,21,376,1108000,500,239,261
3442,21,376,1108100,1840,912,928
3443,21,376,1108200,941,472,469
3444,21,376,1108300,719,368,351
3445,21,376,1108400,1205,614,591
3446,21,376,1108500,475,241,234
3447,21,376,1108600,784,372,412
3448,21,376,1108700,180,84,96
3449,21,376,1108800,877,438,439
3450,21,376,1108900,1373,685,688
3451,21,376,1109000,1050,636,414
3452,21,376,1109100,191,95,96
3453,21,376,1109200,309,150,159
3454,21,376,1109300,200,97,103
3455,21,376,1109400,194,107,87
3456,21,376,1109500,237,116,121
3457,21,376,1109600,87,38,49
3458,21,376,1109700,694,330,364
3459,21,376,1109800,585,278,307
3460,21,376,1109900,384,193,191
3461,21,376,1110000,268,135,133
3462,21,376,1110100,148,77,71
3463,21,376,1110200,0,0,0
3464,21,376,1110300,352,165,187
3465,21,376,1110400,786,395,391
3466,21,376,1110500,787,429,358
3467,21,376,1110600,1240,621,619
3468,21,376,1110700,907,471,436
3469,21,376,1110800,0,0,0
3470,21,376,1110900,1766,876,890
3471,21,376,1111000,1697,883,814
3472,21,376,1111100,627,310,317
3473,21,376,1111200,325,158,167
3474,21,376,1111300,1230,628,602
3475,21,376,1111400,395,177,218
3476,21,376,1111500,437,206,231
3477,21,376,1111600,296,169,127
3478,21,376,1111700,320,158,162
3479,21,376,1111800,248,118,130
3480,21,376,1111900,210,95,115
3481,21,376,1112000,26,13,13
3482,21,376,1112100,95,48,47
3483,21,376,1112200,182,82,100
3484,21,376,1112300,92,60,32
3485,21,376,1112400,320,168,152
3486,21,376,1112500,257,129,128
3487,21,376,1112600,251,134,117
3488,21,376,1112700,434,219,215
3489,21,376,1112800,154,78,76
3490,21,376,1112900,249,120,129
3491,21,376,1113000,281,138,143
3492,21,376,1113100,409,206,203
3493,21,376,1113200,491,259,232
3494,21,376,1113300,558,281,277
3495,21,376,1113400,167,84,83
3496,21,376,1113500,1231,608,623
3497,21,376,1113600,308,152,156
3498,21,376,1113700,58,31,27
3499,21,376,1113800,209,97,112
3500,21,376,1113900,257,129,128
3501,21,376,1114000,1159,588,571
3502,21,376,1114100,320,171,149
3503,21,376,1114200,327,164,163
3504,21,376,1114300,98,50,48
3505,21,376,1114400,98,41,57
3506,21,376,1114500,455,223,232
3507,21,376,1114600,159,74,85
3508,21,376,1114700,72,31,41
3509,21,376,1114800,271,124,147
3510,21,376,1114900,169,81,88
3511,21,376,1115000,262,126,136
3512,21,376,1115100,606,284,322
3513,21,376,1115200,692,354,338
3514,21,376,1115300,677,324,353
3515,21,376,1115400,346,176,170
3516,21,376,1115500,888,438,450
3517,21,376,1115600,422,216,206
3518,21,376,1115700,215,116,99
3519,21,376,1115800,1559,827,732
3520,21,376,1115900,1532,738,794
3521,21,376,1116000,233,120,113
3522,21,376,1116100,396,203,193
3523,21,376,1116200,837,421,416
3524,21,376,1116300,550,287,263
3525,21,376,1116400,504,237,267
3526,21,376,1116500,372,202,170
3527,21,376,1116600,259,124,135
3528,21,376,1116700,278,133,145
3529,21,376,1116800,0,0,0
3530,21,376,1116900,434,215,219
3531,21,376,1117000,0,0,0
3532,21,376,1117100,461,227,234
3533,21,376,1117200,481,256,225
3534,21,376,1117300,150,73,77
3535,21,376,1117400,6,2,4
3536,21,376,1117500,619,301,318
3537,21,376,1117600,1,0,1
3538,21,376,1117700,353,165,188
3539,21,376,1117800,304,149,155
3540,21,376,1117900,337,154,183
3541,21,376,1118000,589,302,287
3542,21,376,1118100,173,92,81
3543,21,376,1118200,326,162,164
3544,21,376,1118300,84,44,40
3545,21,376,1118400,336,173,163
3546,21,376,1118500,415,199,216
3547,21,376,1118600,759,353,406
3548,21,376,1118700,165,75,90
3549,21,376,1118800,166,84,82
3550,21,376,1118900,99,54,45
3551,21,376,1119000,698,360,338
3552,21,376,1119100,181,87,94
3553,21,376,1119200,613,318,295
3554,21,376,1119300,842,439,403
3555,21,376,1119400,649,319,330
3556,21,376,1119500,565,284,281
3557,21,376,1119600,470,220,250
3558,21,376,1119700,632,292,340
3559,21,376,1119800,636,326,310
3560,21,376,1119900,33,13,20
3561,21,376,1120000,0,0,0
3562,21,376,1120100,1181,575,606
3563,21,376,1120200,708,341,367
3564,21,376,1120300,971,498,473
3565,21,376,1120400,12,4,8
3566,21,376,1120500,655,326,329
3567,21,376,1120600,139,71,68
3568,21,376,1120700,796,393,403
3569,21,376,1120800,809,427,382
3570,21,376,1120900,792,395,397
3571,21,376,1121000,691,333,358
3572,21,376,1121100,275,139,136
3573,21,376,1121200,351,179,172
3574,21,376,1121300,490,257,233
3575,21,376,1121400,951,446,505
3576,21,376,1121500,326,165,161
3577,21,376,1121600,972,451,521
3578,21,376,1121700,270,139,131
3579,21,376,1121800,88,44,44
3580,21,376,1121900,350,157,193
3581,21,376,1122000,333,159,174
3582,21,376,1122100,1724,881,843
3583,21,376,1122200,1490,781,709
3584,21,376,1122300,38,21,17
3585,21,376,1122400,1226,601,625
3586,21,376,1122500,649,310,339
3587,21,376,1122600,54,26,28
3588,21,376,1122700,80,39,41
3589,21,376,1122800,310,154,156
3590,21,376,1122900,1009,480,529
3591,21,376,1123000,1087,542,545
3592,21,376,1123100,998,460,538
3593,21,376,1123200,703,350,353
3594,21,376,1123300,667,309,358
3595,21,376,1123400,601,293,308
3596,21,376,1123500,846,434,412
3597,21,376,1123600,105,52,53
3598,21,376,1123700,213,111,102
3599,21,376,1123800,97,46,51
3600,21,376,1123900,269,141,128
3601,21,376,1124000,1388,658,730
3602,21,376,1124100,432,207,225
3603,21,376,1124200,86,46,40
3604,21,376,1124300,1133,572,561
3605,21,376,1124400,200,91,109
3606,21,376,1124500,55,24,31
3607,21,376,1124600,32,18,14
3608,21,376,1124700,33,21,12
3609,21,376,1124800,193,97,96
3610,21,376,1124900,61,30,31
3611,21,376,1125000,41,20,21
3612,21,376,1125100,712,360,352
3613,21,376,1125200,326,162,164
3614,21,376,1125300,678,334,344
3615,21,376,1125400,0,0,0
3616,21,376,1125500,10,10,0
3617,21,376,1125600,1,1,0
3618,21,376,1125700,0,0,0
3619,21,376,1125800,359,175,184
3620,21,376,1125900,686,339,347
3621,21,376,1126000,1342,665,677
3622,21,376,1126100,610,299,311
3623,21,376,1126200,57,29,28
3624,21,376,1126300,1744,906,838
3625,21,376,1126400,0,0,0
3626,21,376,1126500,1506,820,686
3627,21,376,1126600,262,139,123
3628,21,376,1126700,0,0,0
3629,21,376,1126800,363,182,181
3630,21,376,1126900,1412,706,706
3631,21,376,1127000,0,0,0
3632,21,376,1127100,30,18,12
3633,21,376,1127200,71,35,36
3634,21,376,1127300,103,50,53
3635,21,376,1127400,261,143,118
3636,21,376,1127500,4,2,2
3637,21,376,1127600,539,275,264
3638,21,376,1127700,158,83,75
3639,21,376,1127800,222,117,105
3640,21,376,1127900,196,92,104
3641,21,376,1128000,440,216,224
3642,21,376,1128100,91,49,42
3643,21,376,1128200,355,175,180
3644,21,376,1128300,898,437,461
3645,21,376,1128400,1086,539,547
3646,21,376,1128500,252,129,123
3647,21,376,1128600,165,86,79
3648,21,376,1128700,545,287,258
3649,21,376,1128800,278,135,143
3650,21,376,1128900,172,90,82
3651,21,376,1129000,597,293,304
3652,21,376,1129100,772,379,393
3653,21,376,1129200,369,198,171
3654,21,376,1129300,290,151,139
3655,21,376,1129400,453,227,226
3656,21,376,1129500,504,251,253
3657,21,376,1129600,1141,573,568
3658,21,376,1129700,897,448,449
3659,21,376,1129800,1006,509,497
3660,21,376,1129900,5117,2572,2545
3661,21,376,1130000,397,199,198
3662,21,376,1130100,345,171,174
3663,21,376,1130200,414,220,194
3664,21,376,1130300,604,300,304
3665,21,376,1130400,594,291,303
3666,21,376,1130500,1397,681,716
3667,21,376,1130600,1111,541,570
3668,21,376,1130700,516,265,251
3669,21,376,1130800,655,330,325
3670,21,376,1130900,198,104,94
3671,21,376,1131000,261,117,144
3672,21,376,1131100,197,103,94
3673,21,376,1131200,242,115,127
3674,21,376,1131300,227,113,114
3675,21,376,1131400,122,48,74
3676,21,376,1131500,313,154,159
3677,21,376,1131600,259,129,130
3678,21,376,1131700,138,73,65
3679,21,376,1131800,38,15,23
3680,21,376,1131900,167,83,84
3681,21,376,1132000,169,91,78
3682,21,376,1132100,88,45,43
3683,21,376,1132200,32,13,19
3684,21,376,1132300,149,70,79
3685,21,376,1132400,536,257,279
3686,21,376,1132500,456,226,230
3687,21,376,1132600,206,113,93
3688,21,376,1132700,264,145,119
3689,21,376,1132800,273,138,135
3690,21,376,1132900,293,155,138
3691,21,376,1133000,384,182,202
3692,21,376,1133100,707,490,217
3693,21,376,1133200,226,112,114
3694,21,376,1133300,49,24,25
3695,21,376,1133400,1388,706,682
3696,21,376,1133500,0,0,0
3697,21,376,1133600,1805,915,890
3698,21,376,1133700,1229,604,625
3699,21,376,1133800,690,358,332
3700,21,376,1133900,857,431,426
3701,21,376,1134000,996,494,502
3702,21,376,1134100,703,394,309
3703,21,376,1134200,796,397,399
3704,21,376,1134300,606,288,318
3705,21,376,1134400,1211,574,637
3706,21,376,1134500,538,256,282
3707,21,376,1134600,763,362,401
3708,21,376,1134700,2054,1053,1001
3709,21,376,1134800,199,91,108
3710,21,376,1134900,669,343,326
3711,21,376,1135000,454,215,239
3712,21,376,1135100,665,310,355
3713,21,376,1135200,362,180,182
3714,21,376,1135300,726,346,380
3715,21,376,1135400,451,225,226
3716,21,376,1135500,543,253,290
3717,21,376,1135600,1049,507,542
3718,21,376,1135700,993,506,487
3719,21,376,1135800,372,198,174
3720,21,376,1135900,769,398,371
3721,21,376,1136000,307,167,140
3722,21,376,1136100,585,276,309
3723,21,376,1136200,147,72,75
3724,21,376,1136300,180,91,89
3725,21,376,1136400,571,287,284
3726,21,376,1136500,796,400,396
3727,21,376,1136600,2437,1200,1237
3728,21,376,1136700,998,479,519
3729,21,376,1136800,859,437,422
3730,21,376,1136900,117,60,57
3731,21,376,1137000,553,275,278
3732,21,376,1137100,90,44,46
3733,21,376,1137200,209,105,104
3734,21,376,1137300,233,125,108
3735,21,376,1137400,268,129,139
3736,21,376,1137500,293,141,152
3737,21,376,1137600,149,71,78
3738,21,376,1137700,346,169,177
3739,21,376,1137800,41,21,20
3740,21,376,1137900,320,155,165
3741,21,376,1138000,371,183,188
3742,21,376,1138100,387,191,196
3743,21,376,1138200,72,30,42
3744,21,376,1138300,302,147,155
3745,21,376,1138400,257,129,128
3746,21,376,1138500,271,133,138
3747,21,376,1138600,90,49,41
3748,21,376,1138700,142,75,67
3749,21,376,1138800,0,0,0
3750,21,376,1138900,96,50,46
3751,21,376,1139000,596,338,258
3752,21,376,1139100,179,82,97
3753,21,376,1139200,332,145,187
3754,21,376,1139300,337,167,170
3755,21,376,1139400,124,61,63
3756,21,376,1139500,261,133,128
3757,21,376,1139600,208,101,107
3758,21,376,1139700,206,97,109
3759,21,376,1139800,260,121,139
3760,21,376,1139900,421,207,214
3761,21,376,1140000,101,43,58
3762,21,376,1140100,130,62,68
3763,21,376,1140200,473,223,250
3764,21,376,1140300,392,219,173
3765,21,376,1140400,139,65,74
3766,21,376,1140500,90,40,50
3767,21,376,1140600,108,50,58
3768,21,376,1140700,164,83,81
3769,21,376,1140800,0,0,0
3770,21,376,1140900,282,156,126
3771,21,376,1141000,157,79,78
3772,21,376,1141100,472,248,224
3773,21,376,1141200,504,264,240
3774,21,376,1141300,367,184,183
3775,21,376,1141400,345,186,159
3776,21,376,1141500,2,2,0
3777,21,376,1141600,339,179,160
3778,21,376,1141700,67,37,30
3779,21,376,1141800,2,2,0
3780,21,376,1141900,3,3,0
3781,21,376,1142000,3,3,0
3782,21,376,1142100,273,141,132
3783,21,376,1142200,3,3,0
3784,21,376,1142300,245,128,117
3785,21,376,1142400,4,4,0
3786,21,376,1142500,448,230,218
3787,21,376,1142600,1081,549,532
3788,21,376,1142700,222,112,110
3789,21,376,1142800,959,475,484
3790,21,376,1142900,1010,499,511
3791,21,376,1143000,1034,525,509
3792,21,376,1143100,1491,726,765
3793,21,376,1143200,356,179,177
3794,21,376,1143300,200,91,109
3795,21,376,1143400,977,496,481
3796,21,376,1143500,1424,669,755
3797,21,376,1143600,534,258,276
3798,21,376,1143700,319,157,162
3799,21,376,1143800,1389,694,695
3800,21,376,1143900,647,325,322
3801,21,376,1144000,444,226,218
3802,21,376,1144100,559,261,298
3803,21,376,1144200,861,406,455
3804,21,376,1144300,1848,925,923
3805,21,376,1144400,1120,565,555
3806,21,376,1144500,112,60,52
3807,21,376,1144600,245,121,124
3808,21,376,1144700,122,64,58
3809,21,376,1144800,307,159,148
3810,21,376,1144900,435,200,235
3811,21,376,1145000,111,47,64
3812,21,376,1145100,618,309,309
3813,21,376,1145200,741,350,391
3814,21,376,1145300,1238,630,608
3815,21,376,1145400,630,301,329
3816,21,376,1145500,0,0,0
3817,21,376,1145600,220,107,113
3818,21,376,1145700,703,364,339
3819,21,376,1145800,0,0,0
3820,21,376,1145900,686,329,357
3821,21,376,1146000,279,151,128
3822,21,376,1146100,253,141,112
3823,21,376,1146200,1304,660,644
3824,21,376,1146300,389,185,204
3825,21,376,1146400,145,67,78
3826,21,376,1146500,591,287,304
3827,21,376,1146600,915,439,476
3828,21,376,1146700,563,283,280
3829,21,376,1146800,973,483,490
3830,21,376,1146900,235,114,121
3831,21,376,1147000,434,214,220
3832,21,376,1147100,1291,631,660
3833,21,376,1147200,1286,605,681
3834,21,376,1147300,778,388,390
3835,21,376,1147400,261,129,132
3836,21,376,1147500,719,359,360
3837,21,376,1147600,423,235,188
3838,21,376,1147700,641,326,315
3839,21,376,1147800,496,254,242
3840,21,376,1147900,454,245,209
3841,21,376,1148000,854,475,379
3842,21,376,1148100,417,222,195
3843,21,376,1148200,142,73,69
3844,21,376,1148300,0,0,0
3845,21,376,1148400,0,0,0
3846,21,376,1148500,295,140,155
3847,21,376,1148600,411,197,214
3848,21,376,1148700,168,91,77
3849,21,376,1148800,0,0,0
3850,21,376,1148900,678,367,311
3851,21,376,1149000,283,138,145
3852,21,376,1149100,1109,540,569
3853,21,376,1149200,10,6,4
3854,21,376,1149300,703,319,384
3855,21,376,1149400,815,403,412
3856,21,376,1149500,667,319,348
3857,21,376,1149600,138,70,68
3858,21,376,1149700,0,0,0
3859,21,376,1149800,0,0,0
3860,21,376,1149900,0,0,0
3861,21,376,1150000,4143,2128,2015
3862,21,376,1150100,681,345,336
3863,21,376,1150200,806,404,402
3864,21,376,1150300,941,445,496
3865,21,376,1150400,861,446,415
3866,21,376,1150500,683,324,359
3867,21,376,1150600,577,291,286
3868,21,376,1150700,439,224,215
3869,21,376,1150800,942,475,467
3870,21,376,1150900,318,158,160
3871,21,376,1151000,0,0,0
3872,21,376,1151100,838,398,440
3873,21,376,1151200,0,0,0
3874,21,376,1151300,1918,973,945
3875,21,376,1151400,565,281,284
3876,21,376,1151500,421,209,212
3877,21,376,1151600,488,250,238
3878,21,376,1151700,1704,855,849
3879,21,376,1151800,967,471,496
3880,21,376,1151900,623,319,304
3881,21,376,1152000,990,506,484
3882,21,376,1152100,737,378,359
3883,21,376,1152200,1417,702,715
3884,21,376,1152300,281,141,140
3885,21,376,1152400,430,218,212
3886,21,376,1152500,584,284,300
3887,21,376,1152600,498,254,244
3888,21,376,1152700,778,370,408
3889,21,376,1152800,1060,545,515
3890,21,376,1152900,519,247,272
3891,21,376,1153000,435,225,210
3892,21,376,1153100,436,228,208
3893,21,376,1153200,351,171,180
3894,21,376,1153300,200,98,102
3895,21,376,1153400,507,261,246
3896,21,376,1153500,474,241,233
3897,21,376,1153600,0,0,0
3898,21,376,1153700,294,148,146
3899,21,376,1153800,61,29,32
3900,21,376,1153900,368,172,196
3901,21,376,1154000,594,300,294
3902,21,376,1154100,557,285,272
3903,21,376,1154200,429,197,232
3904,21,376,1154300,941,429,512
3905,21,376,1154400,706,361,345
3906,21,376,1154500,547,265,282
3907,21,376,1154600,789,398,391
3908,21,376,1154700,116,56,60
3909,21,376,1154800,503,250,253
3910,21,376,1154900,604,285,319
3911,21,376,1155000,429,208,221
3912,21,376,1155100,921,444,477
3913,21,376,1155200,660,309,351
3914,21,376,1155300,590,274,316
3915,21,376,1155400,155,77,78
3916,21,376,1155500,613,316,297
3917,21,376,1155600,414,210,204
3918,21,376,1155700,665,350,315
3919,21,376,1155800,991,480,511
3920,21,376,1155900,560,288,272
3921,21,376,1156000,596,304,292
3922,21,376,1156100,164,82,82
3923,21,376,1156200,264,128,136
3924,21,376,1156300,880,411,469
3925,21,376,1156400,249,133,116
3926,21,376,1156500,1274,625,649
3927,21,376,1156600,514,268,246
3928,21,376,1156700,189,98,91
3929,21,376,1156800,933,455,478
3930,21,376,1156900,0,0,0
3931,21,376,1157000,966,541,425
3932,21,376,1157100,400,194,206
3933,21,376,1157200,1030,499,531
3934,21,376,1157300,130,64,66
3935,21,376,1157400,554,291,263
3936,21,376,1157500,1778,889,889
3937,21,376,1157600,778,363,415
3938,21,376,1157700,188,86,102
3939,21,376,1157800,1523,767,756
3940,21,376,1157900,777,413,364
3941,21,376,1158000,1395,672,723
3942,21,376,1158100,623,299,324
3943,21,376,1158200,1180,574,606
3944,21,376,1158300,1545,770,775
3945,21,376,1158400,1210,607,603
3946,21,376,1158500,1110,525,585
3947,21,376,1158600,621,318,303
3948,21,376,1158700,1349,678,671
3949,21,376,1158800,983,500,483
