,Statecode,Districtcode,VillageCode,Population,Males,Females
0,21,379,1585200,11,7,4
1,21,379,1585300,480,236,244
2,21,379,1585400,1132,554,578
3,21,379,1585500,1021,516,505
4,21,379,1585600,817,376,441
5,21,379,1585700,0,0,0
6,21,379,1585800,186,88,98
7,21,379,1585900,317,154,163
8,21,379,1586000,1500,659,841
9,21,379,1586100,879,383,496
10,21,379,1586200,672,351,321
11,21,379,1586300,717,379,338
12,21,379,1586400,393,191,202
13,21,379,1586500,1679,890,789
14,21,379,1586600,321,151,170
15,21,379,1586700,1627,781,846
16,21,379,1586800,1858,868,990
17,21,379,1586900,507,257,250
18,21,379,1587000,446,185,261
19,21,379,1587100,612,269,343
20,21,379,1587200,561,262,299
21,21,379,1587300,819,378,441
22,21,379,1587400,354,159,195
23,21,379,1587500,902,417,485
24,21,379,1587600,774,361,413
25,21,379,1587700,743,340,403
26,21,379,1587800,488,228,260
27,21,379,1587900,545,273,272
28,21,379,1588000,267,130,137
29,21,379,1588100,125,73,52
30,21,379,1588200,419,203,216
31,21,379,1588300,370,177,193
32,21,379,1588400,1562,765,797
33,21,379,1588500,303,147,156
34,21,379,1588600,876,431,445
35,21,379,1588700,630,316,314
36,21,379,1588800,627,279,348
37,21,379,1588900,1595,793,802
38,21,379,1589000,991,433,558
39,21,379,1589100,0,0,0
40,21,379,1589200,0,0,0
41,21,379,1589300,772,411,361
42,21,379,1589400,959,470,489
43,21,379,1589500,1468,706,762
44,21,379,1589600,1296,644,652
45,21,379,1589700,590,247,343
46,21,379,1589800,2178,1005,1173
47,21,379,1589900,1672,774,898
48,21,379,1590000,810,366,444
49,21,379,1590100,1549,723,826
50,21,379,1590200,1987,892,1095
51,21,379,1590300,716,316,400
52,21,379,1590400,2075,1002,1073
53,21,379,1590500,480,253,227
54,21,379,1590600,2616,1292,1324
55,21,379,1590700,1521,693,828
56,21,379,1590800,4935,2318,2617
57,21,379,1590900,4150,1950,2200
58,21,379,1591000,2525,1143,1382
59,21,379,1591100,724,323,401
60,21,379,1591200,1616,771,845
61,21,379,1591300,0,0,0
62,21,379,1591400,440,198,242
63,21,379,1591500,2239,1019,1220
64,21,379,1591600,1965,940,1025
65,21,379,1591700,2793,1321,1472
66,21,379,1591800,255,115,140
67,21,379,1591900,408,190,218
68,21,379,1592000,2778,1364,1414
69,21,379,1592100,1684,778,906
70,21,379,1592200,332,157,175
71,21,379,1592300,186,92,94
72,21,379,1592400,162,84,78
73,21,379,1592500,553,269,284
74,21,379,1592600,296,148,148
75,21,379,1592700,1792,850,942
76,21,379,1592800,810,383,427
77,21,379,1592900,429,223,206
78,21,379,1593000,460,219,241
79,21,379,1593100,370,180,190
80,21,379,1593200,326,157,169
81,21,379,1593300,1156,538,618
82,21,379,1593400,220,100,120
83,21,379,1593500,257,126,131
84,21,379,1593600,1230,560,670
85,21,379,1593700,599,297,302
86,21,379,1593800,352,180,172
87,21,379,1593900,767,372,395
88,21,379,1594000,491,241,250
89,21,379,1594100,0,0,0
90,21,379,1594200,560,259,301
91,21,379,1594300,618,306,312
92,21,379,1594400,560,273,287
93,21,379,1594500,1136,555,581
94,21,379,1594600,0,0,0
95,21,379,1594700,0,0,0
96,21,379,1594800,0,0,0
97,21,379,1594900,0,0,0
98,21,379,1595000,403,189,214
99,21,379,1595100,945,451,494
100,21,379,1595200,558,267,291
101,21,379,1595300,303,157,146
102,21,379,1595400,100,44,56
103,21,379,1595500,863,415,448
104,21,379,1595600,428,203,225
105,21,379,1595700,387,184,203
106,21,379,1595800,523,245,278
107,21,379,1595900,496,237,259
108,21,379,1596000,869,412,457
109,21,379,1596100,1431,695,736
110,21,379,1596200,632,313,319
111,21,379,1596300,787,359,428
112,21,379,1596400,498,231,267
113,21,379,1596500,1120,536,584
114,21,379,1596600,3650,1721,1929
115,21,379,1596700,294,136,158
116,21,379,1596800,1977,857,1120
117,21,379,1596900,206,98,108
118,21,379,1597000,2332,1128,1204
119,21,379,1597100,1541,724,817
120,21,379,1597200,1596,698,898
121,21,379,1597300,620,280,340
122,21,379,1597400,163,74,89
123,21,379,1597500,540,258,282
124,21,379,1597600,750,369,381
125,21,379,1597700,1828,881,947
126,21,379,1597800,2420,1164,1256
127,21,379,1597900,508,238,270
128,21,379,1598000,1899,875,1024
129,21,379,1598100,928,421,507
130,21,379,1598200,334,155,179
131,21,379,1598300,1136,517,619
132,21,379,1598400,763,367,396
133,21,379,1598500,549,255,294
134,21,379,1598600,1232,586,646
135,21,379,1598700,363,183,180
136,21,379,1598800,457,209,248
137,21,379,1598900,299,144,155
138,21,379,1599000,494,237,257
139,21,379,1599100,1614,765,849
140,21,379,1599200,815,367,448
141,21,379,1599300,0,0,0
142,21,379,1599400,0,0,0
143,21,379,1599500,266,127,139
144,21,379,1599600,526,257,269
145,21,379,1599700,590,278,312
146,21,379,1599800,326,157,169
147,21,379,1599900,371,181,190
148,21,379,1600000,678,331,347
149,21,379,1600100,386,196,190
150,21,379,1600200,286,125,161
151,21,379,1600300,462,213,249
152,21,379,1600400,802,379,423
153,21,379,1600500,0,0,0
154,21,379,1600600,682,317,365
155,21,379,1600700,556,263,293
156,21,379,1600800,453,220,233
157,21,379,1600900,490,251,239
158,21,379,1601000,869,414,455
159,21,379,1601100,481,227,254
160,21,379,1601200,1123,544,579
161,21,379,1601300,569,285,284
162,21,379,1601400,705,349,356
163,21,379,1601500,595,289,306
164,21,379,1601600,351,170,181
165,21,379,1601700,429,215,214
166,21,379,1601800,1194,600,594
167,21,379,1601900,773,383,390
168,21,379,1602000,5034,2275,2759
169,21,379,1602100,3731,1791,1940
170,21,379,1602200,4477,2016,2461
171,21,379,1602300,3636,1741,1895
172,21,379,1602400,837,397,440
173,21,379,1602500,845,388,457
174,21,379,1602600,722,350,372
175,21,379,1602700,0,0,0
176,21,379,1602800,2414,1190,1224
177,21,379,1602900,457,217,240
178,21,379,1603000,466,242,224
179,21,379,1603100,100,54,46
180,21,379,1603200,139,67,72
181,21,379,1603300,1195,596,599
182,21,379,1603400,985,485,500
183,21,379,1603500,1153,564,589
184,21,379,1603600,590,296,294
185,21,379,1603700,1048,507,541
186,21,379,1603800,355,157,198
187,21,379,1603900,528,222,306
188,21,379,1604000,946,417,529
189,21,379,1604100,309,147,162
190,21,379,1604200,2796,1289,1507
191,21,379,1604300,3205,1460,1745
192,21,379,1604400,2087,1013,1074
193,21,379,1604500,0,0,0
194,21,379,1604600,1170,547,623
195,21,379,1604700,3138,1490,1648
196,21,379,1604800,1217,610,607
197,21,379,1604900,22,12,10
198,21,379,1605000,740,329,411
199,21,379,1605100,1143,527,616
200,21,379,1605200,1234,549,685
201,21,379,1605300,1221,610,611
202,21,379,1605400,1110,546,564
203,21,379,1605500,0,0,0
204,21,379,1605600,2003,1019,984
205,21,379,1605700,2149,1087,1062
206,21,379,1605800,1049,506,543
207,21,379,1605900,1017,482,535
208,21,379,1606000,731,356,375
209,21,379,1606100,2364,1147,1217
210,21,379,1606200,1885,918,967
211,21,379,1606300,974,491,483
212,21,379,1606400,1864,966,898
213,21,379,1606500,1970,986,984
214,21,379,1606600,1239,586,653
215,21,379,1606700,1292,669,623
216,21,379,1606800,1486,764,722
217,21,379,1606900,2117,1095,1022
218,21,379,1607000,2870,1372,1498
219,21,379,1607100,1158,557,601
220,21,379,1607200,550,279,271
221,21,379,1607300,604,304,300
222,21,379,1607400,2647,1226,1421
223,21,379,1607500,984,481,503
224,21,379,1607600,1411,622,789
225,21,379,1607700,1339,646,693
226,21,379,1607800,693,321,372
227,21,379,1607900,1283,587,696
228,21,379,1608000,194,91,103
229,21,379,1608100,1498,755,743
230,21,379,1608200,883,407,476
231,21,379,1608300,0,0,0
232,21,379,1608400,2000,914,1086
233,21,379,1608500,898,397,501
234,21,379,1608600,1344,626,718
235,21,379,1608700,686,307,379
236,21,379,1608800,402,179,223
237,21,379,1608900,854,402,452
238,21,379,1609000,2757,1324,1433
239,21,379,1609100,1489,734,755
240,21,379,1609200,2265,1013,1252
241,21,379,1609300,1908,867,1041
242,21,379,1609400,3157,1493,1664
243,21,379,1609500,742,340,402
244,21,379,1609600,735,356,379
245,21,379,1609700,1213,606,607
246,21,379,1609800,357,164,193
247,21,379,1609900,1872,890,982
248,21,379,1610000,3590,1758,1832
249,21,379,1610100,782,392,390
250,21,379,1610200,178,82,96
251,21,379,1610300,1553,764,789
252,21,379,1610400,1394,704,690
253,21,379,1610500,1097,515,582
254,21,379,1610600,3444,1617,1827
255,21,379,1610700,729,337,392
256,21,379,1610800,987,463,524
257,21,379,1610900,471,226,245
258,21,379,1611000,1130,519,611
259,21,379,1611100,316,139,177
260,21,379,1611200,311,141,170
261,21,379,1611300,0,0,0
262,21,379,1611400,875,401,474
263,21,379,1611500,1268,618,650
264,21,379,1611600,454,230,224
265,21,379,1611700,490,213,277
266,21,379,1611800,607,308,299
267,21,379,1611900,669,332,337
268,21,379,1612000,578,293,285
269,21,379,1612100,211,96,115
270,21,379,1612200,540,245,295
271,21,379,1612300,323,155,168
272,21,379,1612400,1288,598,690
273,21,379,1612500,1036,477,559
274,21,379,1612600,578,271,307
275,21,379,1612700,116,53,63
276,21,379,1612800,419,195,224
277,21,379,1612900,320,147,173
278,21,379,1613000,78,29,49
279,21,379,1613100,480,230,250
280,21,379,1613200,337,154,183
281,21,379,1613300,940,454,486
282,21,379,1613400,641,307,334
283,21,379,1613500,952,454,498
284,21,379,1613600,0,0,0
285,21,379,1613700,3374,1643,1731
286,21,379,1613800,99,47,52
287,21,379,1613900,111,50,61
288,21,379,1614000,143,61,82
289,21,379,1614100,931,460,471
290,21,379,1614200,332,133,199
291,21,379,1614300,643,292,351
292,21,379,1614400,298,161,137
293,21,379,1614500,227,116,111
294,21,379,1614600,889,448,441
295,21,379,1614700,0,0,0
296,21,379,1614800,0,0,0
297,21,379,1614900,0,0,0
298,21,379,1615000,960,486,474
299,21,379,1615100,1235,611,624
300,21,379,1615200,1487,716,771
301,21,379,1615300,2435,1114,1321
302,21,379,1615400,388,170,218
303,21,379,1615500,4306,2013,2293
304,21,379,1615600,4910,2435,2475
305,21,379,1615700,1567,685,882
306,21,379,1615800,790,421,369
307,21,379,1615900,1377,651,726
308,21,379,1616000,4577,2142,2435
309,21,379,1616100,3026,1346,1680
310,21,379,1616200,3197,1485,1712
311,21,379,1616300,2200,1028,1172
312,21,379,1616400,1107,484,623
313,21,379,1616500,2176,1071,1105
314,21,379,1616600,951,412,539
315,21,379,1616700,3584,1623,1961
316,21,379,1616800,846,358,488
317,21,379,1616900,1788,890,898
318,21,379,1617000,1524,732,792
319,21,379,1617100,755,362,393
320,21,379,1617200,1278,620,658
321,21,379,1617300,990,496,494
322,21,379,1617400,1396,672,724
323,21,379,1617500,762,388,374
324,21,379,1617600,2640,1275,1365
325,21,379,1617700,415,202,213
326,21,379,1617800,1372,685,687
327,21,379,1617900,2465,1233,1232
328,21,379,1618000,3286,1594,1692
329,21,379,1618100,476,233,243
330,21,379,1618200,1229,591,638
331,21,379,1618300,463,213,250
332,21,379,1618400,1872,901,971
333,21,379,1618500,663,326,337
334,21,379,1618600,3152,1573,1579
335,21,379,1618700,1596,799,797
336,21,379,1618800,1005,493,512
337,21,379,1618900,517,258,259
338,21,379,1619000,204,98,106
339,21,379,1619100,142,74,68
340,21,379,1619200,1038,508,530
341,21,379,1619300,872,417,455
342,21,379,1619400,1368,664,704
343,21,379,1619500,140,63,77
344,21,379,1619600,2348,1202,1146
345,21,379,1619700,1563,752,811
346,21,379,1619800,409,212,197
347,21,379,1619900,660,303,357
348,21,379,1620000,1226,600,626
349,21,379,1620100,2158,1032,1126
350,21,379,1620200,439,220,219
351,21,379,1620300,391,177,214
352,21,379,1620400,1351,650,701
353,21,379,1620500,701,352,349
354,21,379,1620600,118,56,62
355,21,379,1620700,1876,840,1036
356,21,379,1620800,857,411,446
357,21,379,1620900,2153,1060,1093
358,21,379,1621000,1063,527,536
359,21,379,1621100,2759,1357,1402
360,21,379,1621200,0,0,0
361,21,379,1621300,1239,580,659
362,21,379,1621400,0,0,0
363,21,379,1621500,2749,1348,1401
364,21,379,1621600,800,384,416
365,21,379,1621700,0,0,0
366,21,379,1621800,1640,825,815
367,21,379,1621900,436,214,222
368,21,379,1622000,3136,1539,1597
369,21,379,1622100,3519,1694,1825
370,21,379,1622200,5203,2565,2638
371,21,379,1622300,2605,1200,1405
372,21,379,1622400,2364,1187,1177
373,21,379,1622500,1398,689,709
374,21,379,1622600,1019,492,527
375,21,379,1622700,574,285,289
376,21,379,1622800,309,141,168
377,21,379,1622900,1401,703,698
378,21,379,1623000,175,74,101
379,21,379,1623100,2646,1292,1354
380,21,379,1623200,1550,743,807
381,21,379,1623300,476,237,239
382,21,379,1623400,1235,600,635
383,21,379,1623500,392,212,180
384,21,379,1623600,225,115,110
385,21,379,1623700,561,266,295
386,21,379,1623800,345,164,181
387,21,379,1623900,670,339,331
388,21,379,1624000,861,424,437
389,21,379,1624100,690,332,358
390,21,379,1624200,533,248,285
391,21,379,1624300,602,290,312
392,21,379,1624400,456,204,252
393,21,379,1624500,632,330,302
394,21,379,1624600,244,118,126
395,21,379,1624700,304,151,153
396,21,379,1624800,507,247,260
397,21,379,1624900,745,355,390
398,21,379,1625000,1528,761,767
399,21,379,1625100,1045,508,537
400,21,379,1625200,495,243,252
401,21,379,1625300,563,298,265
402,21,379,1625400,746,377,369
403,21,379,1625500,2147,1024,1123
404,21,379,1625600,375,202,173
405,21,379,1625700,1617,805,812
406,21,379,1625800,257,120,137
407,21,379,1625900,309,146,163
408,21,379,1626000,196,86,110
409,21,379,1626100,1835,865,970
410,21,379,1626200,2159,1078,1081
411,21,379,1626300,939,475,464
412,21,379,1626400,1230,626,604
413,21,379,1626500,711,357,354
414,21,379,1626600,1024,498,526
415,21,379,1626700,568,289,279
416,21,379,1626800,881,408,473
417,21,379,1626900,975,487,488
418,21,379,1627000,433,210,223
419,21,379,1627100,1063,531,532
420,21,379,1627200,1645,826,819
421,21,379,1627300,604,273,331
422,21,379,1627400,1570,754,816
423,21,379,1627500,815,384,431
424,21,379,1627600,507,253,254
425,21,379,1627700,305,149,156
426,21,379,1627800,1116,540,576
427,21,379,1627900,714,327,387
428,21,379,1628000,0,0,0
429,21,379,1628100,991,501,490
430,21,379,1628200,0,0,0
431,21,379,1628300,670,330,340
432,21,379,1628400,1610,736,874
433,21,379,1628500,502,230,272
434,21,379,1628600,1032,496,536
435,21,379,1628700,290,151,139
436,21,379,1628800,367,190,177
437,21,379,1628900,1901,909,992
438,21,379,1629000,272,117,155
439,21,379,1629100,375,178,197
440,21,379,1629200,1109,563,546
441,21,379,1629300,334,163,171
442,21,379,1629400,417,207,210
443,21,379,1629500,463,240,223
444,21,379,1629600,689,346,343
445,21,379,1629700,349,167,182
446,21,379,1629800,1378,713,665
447,21,379,1629900,599,277,322
448,21,379,1630000,1770,904,866
449,21,379,1630100,471,233,238
450,21,379,1630200,852,421,431
451,21,379,1630300,368,164,204
452,21,379,1630400,389,178,211
453,21,379,1630500,803,397,406
454,21,379,1630600,238,120,118
455,21,379,1630700,464,223,241
456,21,379,1630800,557,289,268
457,21,379,1630900,251,127,124
458,21,379,1631000,670,348,322
459,21,379,1631100,924,440,484
460,21,379,1631200,1178,587,591
461,21,379,1631300,0,0,0
462,21,379,1631400,213,112,101
463,21,379,1631500,760,361,399
464,21,379,1631600,2557,1314,1243
465,21,379,1631700,2995,1505,1490
466,21,379,1631800,2270,1169,1101
467,21,379,1631900,2110,1070,1040
468,21,379,1632000,554,263,291
469,21,379,1632100,1108,549,559
470,21,379,1632200,5062,2543,2519
471,21,379,1632300,3152,1542,1610
472,21,379,1632400,2125,1039,1086
473,21,379,1632500,2643,1204,1439
474,21,379,1632600,3339,1641,1698
475,21,379,1632700,1049,502,547
476,21,379,1632800,230,118,112
477,21,379,1632900,444,227,217
478,21,379,1633000,2268,1109,1159
479,21,379,1633100,1504,763,741
480,21,379,1633200,146,76,70
481,21,379,1633300,463,243,220
482,21,379,1633400,96,49,47
483,21,379,1633500,1531,766,765
484,21,379,1633600,1087,533,554
485,21,379,1633700,0,0,0
486,21,379,1633800,1429,661,768
487,21,379,1633900,1814,886,928
488,21,379,1634000,815,413,402
489,21,379,1634100,633,330,303
490,21,379,1634200,4313,2159,2154
491,21,379,1634300,245,119,126
492,21,379,1634400,363,191,172
493,21,379,1634500,1652,839,813
494,21,379,1634600,1164,565,599
495,21,379,1634700,913,462,451
496,21,379,1634800,381,188,193
497,21,379,1634900,349,174,175
498,21,379,1635000,1354,717,637
499,21,379,1635100,792,383,409
500,21,379,1635200,1044,516,528
501,21,379,1635300,748,373,375
502,21,379,1635400,337,179,158
503,21,379,1635500,2579,1345,1234
504,21,379,1635600,460,242,218
505,21,379,1635700,625,315,310
506,21,379,1635800,367,186,181
507,21,379,1635900,396,199,197
508,21,379,1636000,2111,1065,1046
509,21,379,1636100,1497,708,789
510,21,379,1636200,2233,1136,1097
511,21,379,1636300,0,0,0
512,21,379,1636400,443,220,223
513,21,379,1636500,1657,849,808
514,21,379,1636600,878,455,423
515,21,379,1636700,713,366,347
516,21,379,1636800,340,162,178
517,21,379,1636900,358,186,172
518,21,379,1637000,788,419,369
519,21,379,1637100,1040,545,495
520,21,379,1637200,1129,566,563
521,21,379,1637300,1445,717,728
522,21,379,1637400,662,359,303
523,21,379,1637500,765,370,395
524,21,379,1637600,1288,665,623
525,21,379,1637700,923,455,468
526,21,379,1637800,691,341,350
527,21,379,1637900,70,43,27
528,21,379,1638000,427,205,222
529,21,379,1638100,1200,605,595
530,21,379,1638200,538,278,260
531,21,379,1638300,2025,1019,1006
532,21,379,1638400,715,338,377
533,21,379,1638500,40,17,23
534,21,379,1638600,592,290,302
535,21,379,1638700,219,102,117
536,21,379,1638800,354,170,184
537,21,379,1638900,740,365,375
538,21,379,1639000,248,128,120
539,21,379,1639100,608,316,292
540,21,379,1639200,816,402,414
541,21,379,1639300,588,298,290
542,21,379,1639400,318,160,158
543,21,379,1639500,307,154,153
544,21,379,1639600,507,256,251
545,21,379,1639700,267,141,126
546,21,379,1639800,105,51,54
547,21,379,1639900,1475,712,763
548,21,379,1640000,232,116,116
549,21,379,1640100,149,78,71
550,21,379,1640200,595,307,288
551,21,379,1640300,48,23,25
552,21,379,1640400,599,307,292
553,21,379,1640500,726,369,357
554,21,379,1640600,43,24,19
555,21,379,1640700,627,315,312
556,21,379,1640800,366,184,182
557,21,379,1640900,272,123,149
558,21,379,1641000,2,2,0
559,21,379,1641100,311,157,154
560,21,379,1641200,643,335,308
561,21,379,1641300,1350,690,660
562,21,379,1641400,959,490,469
563,21,379,1641500,1383,681,702
564,21,379,1641600,1193,587,606
565,21,379,1641700,235,115,120
566,21,379,1641800,399,207,192
567,21,379,1641900,1185,618,567
568,21,379,1642000,4699,2387,2312
569,21,379,1642100,0,0,0
570,21,379,1642200,955,476,479
571,21,379,1642300,783,408,375
572,21,379,1642400,380,182,198
573,21,379,1642500,289,140,149
574,21,379,1642600,715,373,342
575,21,379,1642700,460,235,225
576,21,379,1642800,826,411,415
577,21,379,1642900,539,300,239
578,21,379,1643000,357,189,168
579,21,379,1643100,0,0,0
580,21,379,1643200,752,361,391
581,21,379,1643300,214,105,109
582,21,379,1643400,760,390,370
583,21,379,1643500,443,210,233
584,21,379,1643600,188,88,100
585,21,379,1643700,502,248,254
586,21,379,1643800,1284,636,648
587,21,379,1643900,398,211,187
588,21,379,1644000,563,284,279
589,21,379,1644100,403,205,198
590,21,379,1644200,182,90,92
591,21,379,1644300,2228,1122,1106
592,21,379,1644400,1629,809,820
593,21,379,1644500,1016,480,536
594,21,379,1644600,1409,701,708
595,21,379,1644700,1525,767,758
596,21,379,1644800,3359,1642,1717
597,21,379,1644900,278,142,136
598,21,379,1645000,387,190,197
599,21,379,1645100,821,396,425
600,21,379,1645200,802,398,404
601,21,379,1645300,969,471,498
602,21,379,1645400,466,221,245
603,21,379,1645500,347,173,174
604,21,379,1645600,0,0,0
605,21,379,1645700,862,415,447
606,21,379,1645800,398,190,208
607,21,379,1645900,423,220,203
608,21,379,1646000,1891,918,973
609,21,379,1646100,1049,557,492
610,21,379,1646200,326,164,162
611,21,379,1646300,1333,675,658
612,21,379,1646400,536,261,275
613,21,379,1646500,983,485,498
614,21,379,1646600,1667,839,828
615,21,379,1646700,394,190,204
616,21,379,1646800,706,344,362
617,21,379,1646900,400,206,194
618,21,379,1647000,207,106,101
619,21,379,1647100,641,327,314
620,21,379,1647200,142,64,78
621,21,379,1647300,2014,1034,980
622,21,379,1647400,2366,1213,1153
623,21,379,1647500,358,191,167
624,21,379,1647600,1133,590,543
625,21,379,1647700,2213,1104,1109
626,21,379,1647800,421,209,212
627,21,379,1647900,138,76,62
628,21,379,1648000,1021,518,503
629,21,379,1648100,3828,1969,1859
630,21,379,1648200,316,171,145
631,21,379,1648300,1121,567,554
632,21,379,1648400,1784,922,862
633,21,379,1648500,3046,1574,1472
634,21,379,1648600,2036,1045,991
635,21,379,1648700,466,242,224
636,21,379,1648800,2146,1094,1052
637,21,379,1648900,631,346,285
638,21,379,1649000,117,51,66
639,21,379,1649100,89,40,49
640,21,379,1649200,487,250,237
641,21,379,1649300,366,184,182
642,21,379,1649400,226,113,113
643,21,379,1649500,336,178,158
644,21,379,1649600,1224,606,618
645,21,379,1649700,328,167,161
646,21,379,1649800,630,320,310
647,21,379,1649900,477,259,218
648,21,379,1650000,345,165,180
649,21,379,1650100,427,211,216
650,21,379,1650200,605,318,287
651,21,379,1650300,2776,1439,1337
652,21,379,1650400,1331,649,682
653,21,379,1650500,214,110,104
654,21,379,1650600,396,186,210
655,21,379,1650700,893,456,437
656,21,379,1650800,130,66,64
657,21,379,1650900,764,387,377
658,21,379,1651000,1217,607,610
659,21,379,1651100,883,456,427
660,21,379,1651200,201,98,103
661,21,379,1651300,546,289,257
662,21,379,1651400,1671,859,812
663,21,379,1651500,0,0,0
664,21,379,1651600,706,365,341
665,21,379,1651700,788,392,396
666,21,379,1651800,254,127,127
667,21,379,1651900,535,268,267
668,21,379,1652000,190,95,95
669,21,379,1652100,298,142,156
670,21,379,1652200,1349,703,646
671,21,379,1652300,350,182,168
672,21,379,1652400,583,286,297
673,21,379,1652500,466,241,225
674,21,379,1652600,402,204,198
675,21,379,1652700,341,172,169
676,21,379,1652800,2626,1359,1267
677,21,379,1652900,2189,1102,1087
678,21,379,1653000,663,335,328
679,21,379,1653100,1950,969,981
680,21,379,1653200,405,221,184
681,21,379,1653300,1671,859,812
682,21,379,1653400,511,266,245
683,21,379,1653500,805,407,398
684,21,379,1653600,797,429,368
685,21,379,1653700,338,164,174
686,21,379,1653800,622,308,314
687,21,379,1653900,102,65,37
688,21,379,1654000,129,68,61
689,21,379,1654100,228,121,107
690,21,379,1654200,735,379,356
691,21,379,1654300,527,247,280
692,21,379,1654400,1575,799,776
693,21,379,1654500,1666,825,841
694,21,379,1654600,244,113,131
695,21,379,1654700,1352,678,674
696,21,379,1654800,417,221,196
697,21,379,1654900,28,16,12
698,21,379,1655000,615,331,284
699,21,379,1655100,628,319,309
700,21,379,1655200,1787,907,880
701,21,379,1655300,559,293,266
702,21,379,1655400,1146,568,578
703,21,379,1655500,509,262,247
704,21,379,1655600,1194,581,613
705,21,379,1655700,47,16,31
706,21,379,1655800,371,193,178
707,21,379,1655900,2445,1239,1206
708,21,379,1656000,609,305,304
709,21,379,1656100,675,327,348
710,21,379,1656200,1747,924,823
711,21,379,1656300,519,259,260
712,21,379,1656400,754,373,381
713,21,379,1656500,449,226,223
714,21,379,1656600,3556,1782,1774
715,21,379,1656700,558,309,249
716,21,379,1656800,190,102,88
717,21,379,1656900,525,259,266
718,21,379,1657000,639,331,308
719,21,379,1657100,0,0,0
720,21,379,1657200,133,76,57
721,21,379,1657300,24,14,10
722,21,379,1657400,702,363,339
723,21,379,1657500,1100,548,552
724,21,379,1657600,568,282,286
725,21,379,1657700,1382,681,701
726,21,379,1657800,1129,566,563
727,21,379,1657900,339,171,168
728,21,379,1658000,251,128,123
729,21,379,1658100,1166,595,571
730,21,379,1658200,556,285,271
731,21,379,1658300,232,122,110
732,21,379,1658400,1611,782,829
733,21,379,1658500,1834,935,899
734,21,379,1658600,933,442,491
735,21,379,1658700,3103,1532,1571
736,21,379,1658800,929,484,445
737,21,379,1658900,1772,875,897
738,21,379,1659000,3888,1982,1906
739,21,379,1659100,1487,773,714
740,21,379,1659200,0,0,0
741,21,379,1659300,0,0,0
742,21,379,1659400,0,0,0
743,21,379,1659500,0,0,0
744,21,379,1659600,32,16,16
745,21,379,1659700,167,94,73
746,21,379,1659800,1483,763,720
747,21,379,1659900,413,215,198
748,21,379,1660000,314,159,155
749,21,379,1660100,3894,1940,1954
750,21,379,1660200,1680,910,770
751,21,379,1660300,2656,1354,1302
752,21,379,1660400,2228,1154,1074
753,21,379,1660500,56,29,27
754,21,379,1660600,553,261,292
755,21,379,1660700,0,0,0
756,21,379,1660800,1986,967,1019
757,21,379,1660900,503,224,279
758,21,379,1661000,33,19,14
759,21,379,1661100,136,69,67
760,21,379,1661200,377,194,183
761,21,379,1661300,436,217,219
762,21,379,1661400,2128,1110,1018
763,21,379,1661500,309,171,138
764,21,379,1661600,1106,575,531
765,21,379,1661700,648,359,289
766,21,379,1661800,77,42,35
767,21,379,1661900,1140,557,583
768,21,379,1662000,500,271,229
769,21,379,1662100,496,255,241
770,21,379,1662200,358,167,191
771,21,379,1662300,400,189,211
772,21,379,1662400,546,263,283
773,21,379,1662500,275,133,142
774,21,379,1662600,1180,576,604
775,21,379,1662700,809,397,412
776,21,379,1662800,498,238,260
777,21,379,1662900,1166,552,614
778,21,379,1663000,382,193,189
779,21,379,1663100,1346,643,703
780,21,379,1663200,641,340,301
781,21,379,1663300,941,452,489
782,21,379,1663400,275,127,148
783,21,379,1663500,222,110,112
784,21,379,1663600,1819,901,918
785,21,379,1663700,263,117,146
786,21,379,1663800,1154,574,580
787,21,379,1663900,1891,922,969
788,21,379,1664000,211,108,103
789,21,379,1664100,473,230,243
790,21,379,1664200,1977,954,1023
791,21,379,1664300,792,401,391
792,21,379,1664400,503,241,262
793,21,379,1664500,1388,689,699
794,21,379,1664600,2983,1491,1492
795,21,379,1664700,892,457,435
796,21,379,1664800,2429,1216,1213
797,21,379,1664900,1358,715,643
798,21,379,1665000,1604,797,807
799,21,379,1665100,1114,568,546
800,21,379,1665200,2378,1232,1146
801,21,379,1665300,3012,1520,1492
802,21,379,1665400,1010,504,506
803,21,379,1665500,1227,610,617
804,21,379,1665600,1042,522,520
805,21,379,1665700,1288,660,628
806,21,379,1665800,1212,592,620
807,21,379,1665900,1896,984,912
808,21,379,1666000,1047,542,505
809,21,379,1666100,1318,684,634
810,21,379,1666200,4196,2091,2105
811,21,379,1666300,1089,527,562
812,21,379,1666400,1493,747,746
813,21,379,1666500,1260,667,593
814,21,379,1666600,435,224,211
815,21,379,1666700,1184,600,584
816,21,379,1666800,1338,668,670
817,21,379,1666900,1577,789,788
818,21,379,1667000,1054,532,522
819,21,379,1667100,4519,2309,2210
820,21,379,1667200,1760,919,841
821,21,379,1667300,652,348,304
822,21,379,1667400,2068,1037,1031
823,21,379,1667500,2361,1189,1172
824,21,379,1667600,298,148,150
825,21,379,1667700,2021,1012,1009
826,21,379,1667800,2374,1233,1141
827,21,379,1667900,855,427,428
828,21,379,1668000,476,242,234
829,21,379,1668100,1701,839,862
830,21,379,1668200,363,195,168
831,21,379,1668300,1721,883,838
832,21,379,1668400,980,488,492
833,21,379,1668500,1487,723,764
834,21,379,1668600,450,205,245
835,21,379,1668700,505,231,274
836,21,379,1668800,674,324,350
837,21,379,1668900,1739,880,859
838,21,379,1669000,310,136,174
839,21,379,1669100,786,398,388
840,21,379,1669200,419,216,203
841,21,379,1669300,604,307,297
842,21,379,1669400,1285,639,646
843,21,379,1669500,356,169,187
844,21,379,1669600,740,393,347
845,21,379,1669700,1018,523,495
846,21,379,1669800,1085,554,531
847,21,379,1669900,418,199,219
848,21,379,1670000,929,465,464
849,21,379,1670100,2600,1294,1306
850,21,379,1670200,202,102,100
851,21,379,1670300,798,403,395
852,21,379,1670400,703,340,363
853,21,379,1670500,116,56,60
854,21,379,1670600,711,339,372
855,21,379,1670700,11,5,6
856,21,379,1670800,966,494,472
857,21,379,1670900,0,0,0
858,21,379,1671000,470,227,243
859,21,379,1671100,265,123,142
860,21,379,1671200,996,508,488
861,21,379,1671300,0,0,0
862,21,379,1671400,1407,702,705
863,21,379,1671500,1710,762,948
864,21,379,1671600,288,146,142
865,21,379,1671700,1181,617,564
866,21,379,1671800,3290,1639,1651
867,21,379,1671900,555,254,301
868,21,379,1672000,0,0,0
869,21,379,1672100,549,274,275
870,21,379,1672200,1252,628,624
871,21,379,1672300,402,196,206
872,21,379,1672400,503,256,247
873,21,379,1672500,1006,515,491
874,21,379,1672600,1018,505,513
875,21,379,1672700,706,372,334
876,21,379,1672800,1170,621,549
877,21,379,1672900,74,43,31
878,21,379,1673000,1057,528,529
879,21,379,1673100,571,283,288
880,21,379,1673200,371,190,181
881,21,379,1673300,646,338,308
882,21,379,1673400,1053,517,536
883,21,379,1673500,1060,522,538
884,21,379,1673600,1922,981,941
885,21,379,1673700,0,0,0
886,21,379,1673800,182,87,95
887,21,379,1673900,1407,701,706
888,21,379,1674000,1803,917,886
889,21,379,1674100,2016,1035,981
890,21,379,1674200,508,252,256
891,21,379,1674300,1268,639,629
892,21,379,1674400,1273,627,646
893,21,379,1674500,1084,535,549
894,21,379,1674600,868,419,449
895,21,379,1674700,1732,923,809
896,21,379,1674800,633,305,328
897,21,379,1674900,2158,1129,1029
898,21,379,1675000,971,463,508
899,21,379,1675100,1462,751,711
900,21,379,1675200,619,316,303
901,21,379,1675300,3333,1666,1667
902,21,379,1675400,534,274,260
903,21,379,1675500,2844,1407,1437
904,21,379,1675600,1107,542,565
905,21,379,1675700,1028,512,516
906,21,379,1675800,0,0,0
907,21,379,1675900,0,0,0
908,21,379,1676000,1938,962,976
909,21,379,1676100,924,459,465
910,21,379,1676200,3231,1662,1569
911,21,379,1676300,2823,1453,1370
912,21,379,1676400,2012,1042,970
913,21,379,1676500,2047,1058,989
914,21,379,1676600,1356,665,691
915,21,379,1676700,1796,963,833
916,21,379,1676800,2079,1027,1052
917,21,379,1676900,1398,695,703
918,21,379,1677000,1987,993,994
919,21,379,1677100,2723,1409,1314
920,21,379,1677200,794,393,401
921,21,379,1677300,767,383,384
922,21,379,1677400,1466,744,722
923,21,379,1677500,1406,682,724
924,21,379,1677600,294,136,158
925,21,379,1677700,1057,522,535
926,21,379,1677800,574,271,303
927,21,379,1677900,1110,570,540
928,21,379,1678000,1885,951,934
929,21,379,1678100,1784,891,893
930,21,379,1678200,705,355,350
931,21,379,1678300,845,427,418
932,21,379,1678400,911,475,436
933,21,379,1678500,418,192,226
934,21,379,1678600,376,170,206
935,21,379,1678700,269,128,141
936,21,379,1678800,2202,1104,1098
937,21,379,1678900,299,161,138
938,21,379,1679000,1973,1004,969
939,21,379,1679100,376,188,188
940,21,379,1679200,1349,678,671
941,21,379,1679300,473,235,238
942,21,379,1679400,1262,647,615
943,21,379,1679500,2190,1075,1115
944,21,379,1679600,1316,662,654
945,21,379,1679700,223,111,112
946,21,379,1679800,600,306,294
947,21,379,1679900,1489,762,727
948,21,379,1680000,647,320,327
949,21,379,1680100,928,480,448
950,21,379,1680200,147,69,78
951,21,379,1680300,576,275,301
952,21,379,1680400,927,463,464
953,21,379,1680500,566,287,279
954,21,379,1680600,154,71,83
955,21,379,1680700,721,335,386
956,21,379,1680800,505,267,238
957,21,379,1680900,262,138,124
958,21,379,1681000,534,259,275
959,21,379,1681100,341,164,177
960,21,379,1681200,492,256,236
961,21,379,1681300,289,138,151
962,21,379,1681400,506,240,266
963,21,379,1681500,588,289,299
964,21,379,1681600,268,130,138
965,21,379,1681700,434,214,220
966,21,379,1681800,3626,1814,1812
967,21,379,1681900,431,212,219
968,21,379,1682000,220,100,120
969,21,379,1682100,355,161,194
970,21,379,1682200,345,167,178
971,21,379,1682300,946,446,500
972,21,379,1682400,237,117,120
973,21,379,1682500,292,151,141
974,21,379,1682600,428,202,226
975,21,379,1682700,527,247,280
976,21,379,1682800,608,323,285
977,21,379,1682900,1751,870,881
978,21,379,1683000,527,266,261
979,21,379,1683100,319,158,161
980,21,379,1683200,1535,725,810
981,21,379,1683300,712,347,365
982,21,379,1683400,179,89,90
983,21,379,1683500,723,382,341
984,21,379,1683600,317,157,160
985,21,379,1683700,1352,651,701
986,21,379,1683800,773,391,382
987,21,379,1683900,745,366,379
988,21,379,1684000,2004,1001,1003
989,21,379,1684100,698,338,360
990,21,379,1684200,637,314,323
991,21,379,1684300,358,183,175
992,21,379,1684400,492,247,245
993,21,379,1684500,17,11,6
994,21,379,1684600,313,143,170
995,21,379,1684700,94,54,40
996,21,379,1684800,1275,606,669
997,21,379,1684900,337,165,172
998,21,379,1685000,338,151,187
999,21,379,1685100,1492,716,776
1000,21,379,1685200,1497,768,729
1001,21,379,1685300,263,128,135
1002,21,379,1685400,1695,834,861
1003,21,379,1685500,848,402,446
1004,21,379,1685600,265,128,137
1005,21,379,1685700,807,402,405
1006,21,379,1685800,683,319,364
1007,21,379,1685900,1039,495,544
1008,21,379,1686000,820,419,401
1009,21,379,1686100,985,483,502
1010,21,379,1686200,685,336,349
1011,21,379,1686300,1107,571,536
1012,21,379,1686400,1399,704,695
1013,21,379,1686500,233,117,116
1014,21,379,1686600,1247,595,652
1015,21,379,1686700,535,262,273
1016,21,379,1686800,768,352,416
1017,21,379,1686900,1299,678,621
1018,21,379,1687000,1057,538,519
1019,21,379,1687100,744,360,384
1020,21,379,1687200,604,303,301
1021,21,379,1687300,2111,1058,1053
1022,21,379,1687400,681,348,333
1023,21,379,1687500,0,0,0
1024,21,379,1687600,858,429,429
1025,21,379,1687700,719,352,367
1026,21,379,1687800,505,251,254
1027,21,379,1687900,650,335,315
1028,21,379,1688000,1423,709,714
1029,21,379,1688100,927,439,488
1030,21,379,1688200,4365,2258,2107
1031,21,379,1688300,893,454,439
1032,21,379,1688400,103,53,50
1033,21,379,1688500,946,472,474
1034,21,379,1688600,0,0,0
1035,21,379,1688700,440,213,227
1036,21,379,1688800,1362,659,703
1037,21,379,1688900,1148,569,579
1038,21,379,1689000,1220,615,605
1039,21,379,1689100,681,326,355
1040,21,379,1689200,620,313,307
1041,21,379,1689300,1027,531,496
1042,21,379,1689400,354,167,187
1043,21,379,1689500,1272,656,616
1044,21,379,1689600,0,0,0
1045,21,379,1689700,845,419,426
1046,21,379,1689800,1261,661,600
1047,21,379,1689900,500,253,247
1048,21,379,1690000,479,228,251
1049,21,379,1690100,1204,616,588
1050,21,379,1690200,1482,769,713
1051,21,379,1690300,671,351,320
1052,21,379,1690400,1446,753,693
1053,21,379,1690500,721,377,344
1054,21,379,1690600,3271,1594,1677
1055,21,379,1690700,0,0,0
1056,21,379,1690800,595,310,285
1057,21,379,1690900,612,305,307
1058,21,379,1691000,8,6,2
1059,21,379,1691100,0,0,0
1060,21,379,1691200,927,482,445
1061,21,379,1691300,99,50,49
1062,21,379,1691400,0,0,0
1063,21,379,1691500,384,192,192
1064,21,379,1691600,0,0,0
1065,21,379,1691700,0,0,0
1066,21,379,1691800,0,0,0
1067,21,379,1691900,2068,1064,1004
1068,21,379,1692000,617,315,302
1069,21,379,1692100,0,0,0
1070,21,379,1692200,738,382,356
1071,21,379,1692300,777,376,401
1072,21,379,1692400,752,372,380
1073,21,379,1692500,578,280,298
1074,21,379,1692600,440,201,239
1075,21,379,1692700,1243,606,637
1076,21,379,1692800,431,210,221
1077,21,379,1692900,411,204,207
1078,21,379,1693000,303,158,145
1079,21,379,1693100,1078,544,534
1080,21,379,1693200,1559,748,811
1081,21,379,1693300,1062,514,548
1082,21,379,1693400,621,295,326
1083,21,379,1693500,1658,814,844
1084,21,379,1693600,191,109,82
1085,21,379,1693700,7,3,4
1086,21,379,1693800,0,0,0
1087,21,379,1693900,50,27,23
1088,21,379,1694000,0,0,0
1089,21,379,1694100,1471,774,697
1090,21,379,1694200,549,282,267
1091,21,379,1694300,0,0,0
1092,21,379,1694400,372,189,183
1093,21,379,1694500,0,0,0
1094,21,379,1694600,0,0,0
1095,21,379,1694700,0,0,0
1096,21,379,1694800,0,0,0
1097,21,379,1694900,0,0,0
1098,21,379,1695000,136,65,71
1099,21,379,1695100,433,241,192
1100,21,379,1695200,234,119,115
1101,21,379,1695300,29,13,16
1102,21,379,1695400,285,137,148
1103,21,379,1695500,6939,3561,3378
1104,21,379,1695600,4542,2368,2174
1105,21,379,1695700,323,169,154
1106,21,379,1695800,661,335,326
1107,21,379,1695900,455,235,220
1108,21,379,1696000,610,292,318
1109,21,379,1696100,507,276,231
1110,21,379,1696200,788,380,408
1111,21,379,1696300,808,382,426
1112,21,379,1696400,263,143,120
1113,21,379,1696500,1143,569,574
1114,21,379,1696600,571,282,289
1115,21,379,1696700,1001,497,504
1116,21,379,1696800,1219,607,612
1117,21,379,1696900,1141,586,555
1118,21,379,1697000,396,204,192
1119,21,379,1697100,323,164,159
1120,21,379,1697200,438,220,218
1121,21,379,1697300,3702,1854,1848
1122,21,379,1697400,678,345,333
1123,21,379,1697500,1300,607,693
1124,21,379,1697600,1572,823,749
1125,21,379,1697700,958,480,478
1126,21,379,1697800,891,412,479
1127,21,379,1697900,986,469,517
1128,21,379,1698000,862,397,465
1129,21,379,1698100,823,397,426
1130,21,379,1698200,120,59,61
1131,21,379,1698300,141,60,81
1132,21,379,1698400,690,346,344
1133,21,379,1698500,1250,632,618
1134,21,379,1698600,2408,1190,1218
1135,21,379,1698700,373,190,183
1136,21,379,1698800,1257,588,669
1137,21,379,1698900,817,415,402
1138,21,379,1699000,317,157,160
1139,21,379,1699100,376,170,206
1140,21,379,1699200,2753,1362,1391
1141,21,379,1699300,2070,1047,1023
1142,21,379,1699400,555,287,268
1143,21,379,1699500,438,206,232
1144,21,379,1699600,540,254,286
1145,21,379,1699700,1289,661,628
1146,21,379,1699800,1338,647,691
1147,21,379,1699900,403,192,211
1148,21,379,1700000,689,341,348
1149,21,379,1700100,810,403,407
1150,21,379,1700200,2653,1377,1276
1151,21,379,1700300,537,237,300
1152,21,379,1700400,444,227,217
1153,21,379,1700500,371,204,167
1154,21,379,1700600,1682,796,886
1155,21,379,1700700,46,26,20
1156,21,379,1700800,7,3,4
1157,21,379,1700900,509,267,242
1158,21,379,1701000,803,418,385
1159,21,379,1701100,912,462,450
1160,21,379,1701200,428,213,215
1161,21,379,1701300,985,518,467
1162,21,379,1701400,1392,719,673
1163,21,379,1701500,315,160,155
1164,21,379,1701600,2305,1138,1167
1165,21,379,1701700,607,318,289
1166,21,379,1701800,970,493,477
1167,21,379,1701900,862,425,437
1168,21,379,1702000,613,329,284
1169,21,379,1702100,1358,680,678
1170,21,379,1702200,669,321,348
1171,21,379,1702300,0,0,0
1172,21,379,1702400,446,228,218
1173,21,379,1702500,2133,1104,1029
1174,21,379,1702600,367,171,196
1175,21,379,1702700,1930,986,944
1176,21,379,1702800,459,226,233
1177,21,379,1702900,761,382,379
1178,21,379,1703000,1324,626,698
1179,21,379,1703100,496,245,251
1180,21,379,1703200,472,242,230
1181,21,379,1703300,0,0,0
1182,21,379,1703400,288,136,152
1183,21,379,1703500,0,0,0
1184,21,379,1703600,981,482,499
1185,21,379,1703700,1241,632,609
1186,21,379,1703800,0,0,0
1187,21,379,1703900,0,0,0
1188,21,379,1704000,1188,611,577
1189,21,379,1704100,1001,514,487
1190,21,379,1704200,1326,683,643
1191,21,379,1704300,1223,607,616
1192,21,379,1704400,0,0,0
1193,21,379,1704500,1711,842,869
1194,21,379,1704600,1135,594,541
1195,21,379,1704700,0,0,0
1196,21,379,1704800,0,0,0
1197,21,379,1704900,612,297,315
1198,21,379,1705000,0,0,0
1199,21,379,1705100,4411,2310,2101
1200,21,379,1705200,4871,2549,2322
1201,21,379,1705300,418,219,199
1202,21,379,1705400,571,295,276
1203,21,379,1705500,1035,526,509
1204,21,379,1705600,0,0,0
1205,21,379,1705700,159,77,82
1206,21,379,1705800,709,359,350
1207,21,379,1705900,0,0,0
1208,21,379,1706000,60,28,32
1209,21,379,1706100,155,77,78
1210,21,379,1706200,0,0,0
1211,21,379,1706300,669,347,322
1212,21,379,1706400,1959,995,964
1213,21,379,1706500,1502,764,738
1214,21,379,1706600,21,14,7
1215,21,379,1706700,1024,516,508
1216,21,379,1706800,6220,3193,3027
1217,21,379,1706900,5531,2861,2670
1218,21,379,1707000,1848,935,913
1219,21,379,1707100,0,0,0
1220,21,379,1707200,0,0,0
1221,21,379,1707300,308,305,3
1222,21,379,1707400,238,170,68
1223,21,379,1707500,558,375,183
1224,21,379,1707600,254,254,0
1225,21,379,1707700,286,286,0
1226,21,379,1707800,3790,1970,1820
1227,21,379,1707900,3479,1809,1670
1228,21,379,1708000,720,703,17
1229,21,379,1708100,0,0,0
1230,21,379,1708200,793,367,426
1231,21,379,1708300,819,381,438
1232,21,379,1708400,88,47,41
1233,21,379,1708500,1203,590,613
1234,21,379,1708600,17,12,5
1235,21,379,1708700,324,163,161
1236,21,379,1708800,1459,710,749
1237,21,379,1708900,243,115,128
1238,21,379,1709000,405,215,190
1239,21,379,1709100,762,408,354
1240,21,379,1709200,903,450,453
1241,21,379,1709300,578,295,283
1242,21,379,1709400,638,329,309
1243,21,379,1709500,422,214,208
1244,21,379,1709600,1105,550,555
1245,21,379,1709700,898,467,431
1246,21,379,1709800,930,469,461
1247,21,379,1709900,481,248,233
1248,21,379,1710000,323,168,155
1249,21,379,1710100,247,121,126
1250,21,379,1710200,414,214,200
1251,21,379,1710300,0,0,0
1252,21,379,1710400,0,0,0
1253,21,379,1710500,820,418,402
1254,21,379,1710600,628,339,289
1255,21,379,1710700,568,305,263
1256,21,379,1710800,632,329,303
1257,21,379,1710900,442,228,214
1258,21,379,1711000,813,443,370
1259,21,379,1711100,716,371,345
1260,21,379,1711200,679,354,325
1261,21,379,1711300,622,318,304
1262,21,379,1711400,771,390,381
1263,21,379,1711500,1065,560,505
1264,21,379,1711600,736,370,366
1265,21,379,1711700,630,309,321
1266,21,379,1711800,991,527,464
1267,21,379,1711900,751,389,362
1268,21,379,1712000,961,502,459
1269,21,379,1712100,941,475,466
1270,21,379,1712200,505,262,243
1271,21,379,1712300,662,348,314
1272,21,379,1712400,369,193,176
1273,21,379,1712500,199,100,99
1274,21,379,1712600,820,429,391
1275,21,379,1712700,1378,678,700
1276,21,379,1712800,236,112,124
1277,21,379,1712900,424,210,214
1278,21,379,1713000,46,26,20
1279,21,379,1713100,49,19,30
1280,21,379,1713200,105,46,59
1281,21,379,1713300,213,111,102
1282,21,379,1713400,609,307,302
1283,21,379,1713500,0,0,0
1284,21,379,1713600,1360,716,644
1285,21,379,1713700,109,55,54
1286,21,379,1713800,182,97,85
1287,21,379,1713900,217,123,94
1288,21,379,1714000,349,189,160
1289,21,379,1714100,919,436,483
1290,21,379,1714200,740,339,401
1291,21,379,1714300,1141,563,578
1292,21,379,1714400,632,323,309
1293,21,379,1714500,296,142,154
1294,21,379,1714600,969,463,506
1295,21,379,1714700,233,112,121
1296,21,379,1714800,195,101,94
1297,21,379,1714900,0,0,0
1298,21,379,1715000,78,43,35
1299,21,379,1715100,337,183,154
1300,21,379,1715200,714,357,357
1301,21,379,1715300,423,212,211
1302,21,379,1715400,58,27,31
1303,21,379,1715500,158,82,76
1304,21,379,1715600,54,25,29
1305,21,379,1715700,0,0,0
1306,21,379,1715800,2,2,0
1307,21,379,1715900,23,11,12
1308,21,379,1716000,0,0,0
1309,21,379,1716100,25,14,11
1310,21,379,1716200,1372,660,712
1311,21,379,1716300,42,18,24
1312,21,379,1716400,0,0,0
1313,21,379,1716500,0,0,0
1314,21,379,1716600,527,263,264
1315,21,379,1716700,820,401,419
1316,21,379,1716800,177,95,82
1317,21,379,1716900,720,383,337
1318,21,379,1717000,6,2,4
1319,21,379,1717100,1075,531,544
1320,21,379,1717200,12,3,9
1321,21,379,1717300,0,0,0
1322,21,379,1717400,155,69,86
1323,21,379,1717500,17,12,5
1324,21,379,1717600,342,171,171
1325,21,379,1717700,1702,869,833
1326,21,379,1717800,534,246,288
1327,21,379,1717900,1087,511,576
1328,21,379,1718000,0,0,0
1329,21,379,1718100,0,0,0
1330,21,379,1718200,11,6,5
1331,21,379,1718300,212,107,105
1332,21,379,1718400,0,0,0
1333,21,379,1718500,908,470,438
1334,21,379,1718600,417,209,208
1335,21,379,1718700,0,0,0
1336,21,379,1718800,774,381,393
1337,21,379,1718900,362,172,190
1338,21,379,1719000,420,224,196
1339,21,379,1719100,227,116,111
1340,21,379,1719200,299,147,152
1341,21,379,1719300,640,342,298
1342,21,379,1719400,59,28,31
1343,21,379,1719500,276,127,149
1344,21,379,1719600,650,338,312
1345,21,379,1719700,377,179,198
1346,21,379,1719800,2,1,1
1347,21,379,1719900,748,372,376
1348,21,379,1720000,268,136,132
1349,21,379,1720100,324,161,163
1350,21,379,1720200,148,79,69
1351,21,379,1720300,35,15,20
1352,21,379,1720400,14,8,6
1353,21,379,1720500,243,131,112
1354,21,379,1720600,584,292,292
1355,21,379,1720700,990,498,492
1356,21,379,1720800,2226,1131,1095
1357,21,379,1720900,0,0,0
1358,21,379,1721000,0,0,0
1359,21,379,1721100,731,354,377
1360,21,379,1721200,0,0,0
1361,21,379,1721300,0,0,0
1362,21,379,1721400,0,0,0
1363,21,379,1721500,0,0,0
1364,21,379,1721600,544,279,265
1365,21,379,1721700,0,0,0
1366,21,379,1721800,191,105,86
1367,21,379,1721900,457,235,222
1368,21,379,1722000,323,154,169
1369,21,379,1722100,63,35,28
1370,21,379,1722200,0,0,0
1371,21,379,1722300,0,0,0
1372,21,379,1722400,11,4,7
1373,21,379,1722500,0,0,0
1374,21,379,1722600,662,332,330
1375,21,379,1722700,951,476,475
1376,21,379,1722800,140,73,67
1377,21,379,1722900,388,207,181
1378,21,379,1723000,341,162,179
1379,21,379,1723100,952,463,489
1380,21,379,1723200,661,319,342
1381,21,379,1723300,1227,591,636
1382,21,379,1723400,1262,639,623
1383,21,379,1723500,288,153,135
1384,21,379,1723600,596,292,304
1385,21,379,1723700,1002,483,519
1386,21,379,1723800,234,116,118
1387,21,379,1723900,0,0,0
1388,21,379,1724000,0,0,0
1389,21,379,1724100,476,233,243
1390,21,379,1724200,272,126,146
1391,21,379,1724300,0,0,0
1392,21,379,1724400,0,0,0
1393,21,379,1724500,272,130,142
1394,21,379,1724600,1775,885,890
1395,21,379,1724700,0,0,0
1396,21,379,1724800,3024,1473,1551
1397,21,379,1724900,786,367,419
1398,21,379,1725000,2305,1100,1205
1399,21,379,1725100,576,272,304
1400,21,379,1725200,925,443,482
1401,21,379,1725300,0,0,0
1402,21,379,1725400,502,248,254
1403,21,379,1725500,332,162,170
1404,21,379,1725600,407,213,194
1405,21,379,1725700,814,392,422
1406,21,379,1725800,1607,773,834
1407,21,379,1725900,3552,1818,1734
1408,21,379,1726000,0,0,0
1409,21,379,1726100,961,491,470
1410,21,379,1726200,1297,684,613
1411,21,379,1726300,2074,1047,1027
1412,21,379,1726400,772,389,383
1413,21,379,1726500,335,162,173
1414,21,379,1726600,484,223,261
1415,21,379,1726700,1005,469,536
1416,21,379,1726800,1620,838,782
1417,21,379,1726900,0,0,0
1418,21,379,1727000,604,299,305
1419,21,379,1727100,1800,887,913
1420,21,379,1727200,977,502,475
1421,21,379,1727300,1464,719,745
1422,21,379,1727400,785,404,381
1423,21,379,1727500,731,386,345
1424,21,379,1727600,622,309,313
1425,21,379,1727700,622,309,313
1426,21,379,1727800,1258,631,627
1427,21,379,1727900,361,186,175
1428,21,379,1728000,64,36,28
1429,21,379,1728100,1080,548,532
1430,21,379,1728200,1401,725,676
1431,21,379,1728300,517,266,251
1432,21,379,1728400,789,404,385
1433,21,379,1728500,50,25,25
1434,21,379,1728600,977,480,497
1435,21,379,1728700,949,483,466
1436,21,379,1728800,514,240,274
1437,21,379,1728900,337,160,177
1438,21,379,1729000,917,440,477
1439,21,379,1729100,585,268,317
1440,21,379,1729200,311,165,146
1441,21,379,1729300,400,207,193
1442,21,379,1729400,617,303,314
1443,21,379,1729500,522,273,249
1444,21,379,1729600,696,337,359
1445,21,379,1729700,631,318,313
1446,21,379,1729800,492,254,238
1447,21,379,1729900,36,22,14
1448,21,379,1730000,0,0,0
1449,21,379,1730100,0,0,0
1450,21,379,1730200,24,12,12
1451,21,379,1730300,0,0,0
1452,21,379,1730400,500,251,249
1453,21,379,1730500,1007,509,498
1454,21,379,1730600,438,216,222
1455,21,379,1730700,485,252,233
1456,21,379,1730800,345,174,171
1457,21,379,1730900,214,107,107
1458,21,379,1731000,619,299,320
1459,21,379,1731100,300,137,163
1460,21,379,1731200,25,13,12
1461,21,379,1731300,228,112,116
1462,21,379,1731400,779,369,410
1463,21,379,1731500,0,0,0
1464,21,379,1731600,282,148,134
1465,21,379,1731700,295,151,144
1466,21,379,1731800,921,475,446
1467,21,379,1731900,0,0,0
1468,21,379,1732000,1062,537,525
1469,21,379,1732100,828,401,427
1470,21,379,1732200,1711,854,857
1471,21,379,1732300,400,224,176
1472,21,379,1732400,1647,833,814
1473,21,379,1732500,119,54,65
1474,21,379,1732600,303,155,148
1475,21,379,1732700,231,110,121
1476,21,379,1732800,599,277,322
1477,21,379,1732900,1516,785,731
1478,21,379,1733000,1109,555,554
1479,21,379,1733100,537,284,253
1480,21,379,1733200,4614,2364,2250
1481,21,379,1733300,379,189,190
1482,21,379,1733400,1178,610,568
1483,21,379,1733500,817,424,393
1484,21,379,1733600,567,279,288
1485,21,379,1733700,0,0,0
1486,21,379,1733800,390,203,187
1487,21,379,1733900,304,157,147
1488,21,379,1734000,0,0,0
1489,21,379,1734100,691,350,341
1490,21,379,1734200,0,0,0
1491,21,379,1734300,1232,628,604
1492,21,379,1734400,904,453,451
1493,21,379,1734500,50,21,29
1494,21,379,1734600,821,412,409
1495,21,379,1734700,452,243,209
1496,21,379,1734800,0,0,0
1497,21,379,1734900,0,0,0
1498,21,379,1735000,0,0,0
1499,21,379,1735100,0,0,0
1500,21,379,1735200,0,0,0
1501,21,379,1735300,0,0,0
1502,21,379,1735400,0,0,0
1503,21,379,1735500,409,199,210
1504,21,379,1735600,1569,828,741
1505,21,379,1735700,1049,554,495
1506,21,379,1735800,424,216,208
1507,21,379,1735900,1256,636,620
1508,21,379,1736000,53,26,27
1509,21,379,1736100,536,257,279
1510,21,379,1736200,911,465,446
1511,21,379,1736300,408,182,226
1512,21,379,1736400,202,102,100
1513,21,379,1736500,0,0,0
1514,21,379,1736600,393,184,209
1515,21,379,1736700,16,7,9
1516,21,379,1736800,1035,525,510
1517,21,379,1736900,467,240,227
1518,21,379,1737000,302,141,161
1519,21,379,1737100,542,277,265
1520,21,379,1737200,250,129,121
1521,21,379,1737300,952,477,475
1522,21,379,1737400,25,12,13
1523,21,379,1737500,69,27,42
1524,21,379,1737600,308,153,155
1525,21,379,1737700,836,443,393
1526,21,379,1737800,417,206,211
1527,21,379,1737900,0,0,0
1528,21,379,1738000,0,0,0
1529,21,379,1738100,278,143,135
1530,21,379,1738200,4,2,2
1531,21,379,1738300,0,0,0
1532,21,379,1738400,0,0,0
1533,21,379,1738500,13,13,0
1534,21,379,1738600,0,0,0
1535,21,379,1738700,0,0,0
1536,21,379,1738800,103,49,54
1537,21,379,1738900,0,0,0
1538,21,379,1739000,0,0,0
1539,21,379,1739100,112,59,53
