,Statecode,Districtcode,VillageCode,Population,Males,Females
0,21,382,2063000,277,137,140
1,21,382,2063100,0,0,0
2,21,382,2063200,271,130,141
3,21,382,2063300,588,296,292
4,21,382,2063400,426,208,218
5,21,382,2063500,319,175,144
6,21,382,2063600,849,424,425
7,21,382,2063700,1786,890,896
8,21,382,2063800,505,239,266
9,21,382,2063900,2604,1406,1198
10,21,382,2064000,5616,2931,2685
11,21,382,2064100,526,265,261
12,21,382,2064200,932,455,477
13,21,382,2064300,696,362,334
14,21,382,2064400,4630,2500,2130
15,21,382,2064500,1407,723,684
16,21,382,2064600,556,273,283
17,21,382,2064700,500,254,246
18,21,382,2064800,1683,893,790
19,21,382,2064900,1100,550,550
20,21,382,2065000,460,218,242
21,21,382,2065100,415,206,209
22,21,382,2065200,526,307,219
23,21,382,2065300,1195,606,589
24,21,382,2065400,353,179,174
25,21,382,2065500,634,322,312
26,21,382,2065600,7318,3840,3478
27,21,382,2065700,1224,589,635
28,21,382,2065800,460,237,223
29,21,382,2065900,394,208,186
30,21,382,2066000,758,370,388
31,21,382,2066100,777,403,374
32,21,382,2066200,294,157,137
33,21,382,2066300,0,0,0
34,21,382,2066400,523,250,273
35,21,382,2066500,1368,694,674
36,21,382,2066600,786,381,405
37,21,382,2066700,1153,599,554
38,21,382,2066800,587,317,270
39,21,382,2066900,1078,561,517
40,21,382,2067000,186,96,90
41,21,382,2067100,1209,669,540
42,21,382,2067200,386,204,182
43,21,382,2067300,1340,678,662
44,21,382,2067400,336,167,169
45,21,382,2067500,0,0,0
46,21,382,2067600,509,253,256
47,21,382,2067700,988,494,494
48,21,382,2067800,494,250,244
49,21,382,2067900,1106,596,510
50,21,382,2068000,0,0,0
51,21,382,2068100,0,0,0
52,21,382,2068200,1147,586,561
53,21,382,2068300,127,70,57
54,21,382,2068400,1141,583,558
55,21,382,2068500,413,211,202
56,21,382,2068600,173,103,70
57,21,382,2068700,0,0,0
58,21,382,2068800,355,177,178
59,21,382,2068900,1915,1012,903
60,21,382,2069000,281,155,126
61,21,382,2069100,373,172,201
62,21,382,2069200,1095,557,538
63,21,382,2069300,408,213,195
64,21,382,2069400,1570,800,770
65,21,382,2069500,562,304,258
66,21,382,2069600,550,278,272
67,21,382,2069700,277,134,143
68,21,382,2069800,1106,577,529
69,21,382,2069900,0,0,0
70,21,382,2070000,736,382,354
71,21,382,2070100,1912,991,921
72,21,382,2070200,1129,586,543
73,21,382,2070300,3571,1802,1769
74,21,382,2070400,3586,1844,1742
75,21,382,2070500,1389,687,702
76,21,382,2070600,554,298,256
77,21,382,2070700,1366,689,677
78,21,382,2070800,398,209,189
79,21,382,2070900,1073,527,546
80,21,382,2071000,1662,842,820
81,21,382,2071100,2454,1262,1192
82,21,382,2071200,904,462,442
83,21,382,2071300,2306,1123,1183
84,21,382,2071400,1840,939,901
85,21,382,2071500,671,338,333
86,21,382,2071600,626,310,316
87,21,382,2071700,975,562,413
88,21,382,2071800,0,0,0
89,21,382,2071900,1100,553,547
90,21,382,2072000,499,255,244
91,21,382,2072100,1046,517,529
92,21,382,2072200,448,233,215
93,21,382,2072300,1296,673,623
94,21,382,2072400,1274,660,614
95,21,382,2072500,353,170,183
96,21,382,2072600,697,348,349
97,21,382,2072700,842,403,439
98,21,382,2072800,340,166,174
99,21,382,2072900,71,31,40
100,21,382,2073000,834,425,409
101,21,382,2073100,784,403,381
102,21,382,2073200,0,0,0
103,21,382,2073300,1719,867,852
104,21,382,2073400,671,343,328
105,21,382,2073500,0,0,0
106,21,382,2073600,1135,578,557
107,21,382,2073700,2382,1226,1156
108,21,382,2073800,2393,1238,1155
109,21,382,2073900,1191,622,569
110,21,382,2074000,850,452,398
111,21,382,2074100,187,88,99
112,21,382,2074200,1406,726,680
113,21,382,2074300,6797,3459,3338
114,21,382,2074400,1870,901,969
115,21,382,2074500,425,224,201
116,21,382,2074600,2398,1245,1153
117,21,382,2074700,0,0,0
118,21,382,2074800,2022,1039,983
119,21,382,2074900,2230,1129,1101
120,21,382,2075000,701,374,327
121,21,382,2075100,556,285,271
122,21,382,2075200,916,460,456
123,21,382,2075300,1241,638,603
124,21,382,2075400,420,208,212
125,21,382,2075500,0,0,0
126,21,382,2075600,1358,706,652
127,21,382,2075700,1037,521,516
128,21,382,2075800,1436,760,676
129,21,382,2075900,1087,524,563
130,21,382,2076000,1967,989,978
131,21,382,2076100,1869,979,890
132,21,382,2076200,4153,2145,2008
133,21,382,2076300,212,115,97
134,21,382,2076400,0,0,0
135,21,382,2076500,3439,1797,1642
136,21,382,2076600,1409,741,668
137,21,382,2076700,0,0,0
138,21,382,2076800,0,0,0
139,21,382,2076900,827,429,398
140,21,382,2077000,266,141,125
141,21,382,2077100,2415,1249,1166
142,21,382,2077200,0,0,0
143,21,382,2077300,0,0,0
144,21,382,2077400,190,104,86
145,21,382,2077500,986,510,476
146,21,382,2077600,3922,2012,1910
147,21,382,2077700,843,419,424
148,21,382,2077800,799,410,389
149,21,382,2077900,0,0,0
150,21,382,2078000,500,265,235
151,21,382,2078100,0,0,0
152,21,382,2078200,0,0,0
153,21,382,2078300,0,0,0
154,21,382,2078400,0,0,0
155,21,382,2078500,0,0,0
156,21,382,2078600,0,0,0
157,21,382,2078700,4446,2265,2181
158,21,382,2078800,2642,1341,1301
159,21,382,2078900,1101,527,574
160,21,382,2079000,1452,746,706
161,21,382,2079100,974,508,466
162,21,382,2079200,1502,781,721
163,21,382,2079300,1087,525,562
164,21,382,2079400,816,408,408
165,21,382,2079500,966,480,486
166,21,382,2079600,1021,508,513
167,21,382,2079700,638,330,308
168,21,382,2079800,1880,984,896
169,21,382,2079900,2199,1090,1109
170,21,382,2080000,3034,1601,1433
171,21,382,2080100,305,139,166
172,21,382,2080200,213,107,106
173,21,382,2080300,2717,1408,1309
174,21,382,2080400,1938,1016,922
175,21,382,2080500,370,186,184
176,21,382,2080600,3622,1968,1654
177,21,382,2080700,705,352,353
178,21,382,2080800,1010,472,538
179,21,382,2080900,1823,912,911
180,21,382,2081000,958,473,485
181,21,382,2081100,1806,955,851
182,21,382,2081200,191,87,104
183,21,382,2081300,1388,709,679
184,21,382,2081400,866,440,426
185,21,382,2081500,4094,2113,1981
186,21,382,2081600,555,280,275
187,21,382,2081700,923,442,481
188,21,382,2081800,1856,968,888
189,21,382,2081900,1645,799,846
190,21,382,2082000,0,0,0
191,21,382,2082100,1069,552,517
192,21,382,2082200,0,0,0
193,21,382,2082300,2271,1174,1097
194,21,382,2082400,384,190,194
195,21,382,2082500,858,406,452
196,21,382,2082600,0,0,0
197,21,382,2082700,384,196,188
198,21,382,2082800,2018,1067,951
199,21,382,2082900,0,0,0
200,21,382,2083000,1987,1014,973
201,21,382,2083100,3,3,0
202,21,382,2083200,856,427,429
203,21,382,2083300,1619,835,784
204,21,382,2083400,0,0,0
205,21,382,2083500,2537,1303,1234
206,21,382,2083600,1051,530,521
207,21,382,2083700,1154,582,572
208,21,382,2083800,1027,533,494
209,21,382,2083900,1074,533,541
210,21,382,2084000,602,307,295
211,21,382,2084100,392,192,200
212,21,382,2084200,587,303,284
213,21,382,2084300,584,302,282
214,21,382,2084400,399,191,208
215,21,382,2084500,1638,843,795
216,21,382,2084600,2309,1209,1100
217,21,382,2084700,330,169,161
218,21,382,2084800,527,259,268
219,21,382,2084900,824,434,390
220,21,382,2085000,1075,521,554
221,21,382,2085100,926,482,444
222,21,382,2085200,1142,582,560
223,21,382,2085300,0,0,0
224,21,382,2085400,0,0,0
225,21,382,2085500,0,0,0
226,21,382,2085600,1876,957,919
227,21,382,2085700,60,25,35
228,21,382,2085800,115,59,56
229,21,382,2085900,1851,962,889
230,21,382,2086000,506,241,265
231,21,382,2086100,1295,655,640
232,21,382,2086200,532,273,259
233,21,382,2086300,806,439,367
234,21,382,2086400,1436,733,703
235,21,382,2086500,192,96,96
236,21,382,2086600,862,437,425
237,21,382,2086700,13,5,8
238,21,382,2086800,825,421,404
239,21,382,2086900,2600,1345,1255
240,21,382,2087000,1422,755,667
241,21,382,2087100,2598,1330,1268
242,21,382,2087200,730,377,353
243,21,382,2087300,309,149,160
244,21,382,2087400,845,434,411
245,21,382,2087500,2582,1316,1266
246,21,382,2087600,377,196,181
247,21,382,2087700,722,363,359
248,21,382,2087800,817,413,404
249,21,382,2087900,1456,749,707
250,21,382,2088000,1451,691,760
251,21,382,2088100,998,505,493
252,21,382,2088200,2333,1171,1162
253,21,382,2088300,409,209,200
254,21,382,2088400,984,496,488
255,21,382,2088500,622,304,318
256,21,382,2088600,10,4,6
257,21,382,2088700,0,0,0
258,21,382,2088800,1114,581,533
259,21,382,2088900,1101,546,555
260,21,382,2089000,262,130,132
261,21,382,2089100,616,298,318
262,21,382,2089200,359,178,181
263,21,382,2089300,1120,548,572
264,21,382,2089400,391,195,196
265,21,382,2089500,491,240,251
266,21,382,2089600,562,268,294
267,21,382,2089700,84,47,37
268,21,382,2089800,863,439,424
269,21,382,2089900,410,221,189
270,21,382,2090000,790,407,383
271,21,382,2090100,3119,1563,1556
272,21,382,2090200,231,109,122
273,21,382,2090300,0,0,0
274,21,382,2090400,737,374,363
275,21,382,2090500,1027,532,495
276,21,382,2090600,623,296,327
277,21,382,2090700,730,385,345
278,21,382,2090800,202,111,91
279,21,382,2090900,186,93,93
280,21,382,2091000,520,268,252
281,21,382,2091100,1277,634,643
282,21,382,2091200,769,406,363
283,21,382,2091300,400,200,200
284,21,382,2091400,1500,751,749
285,21,382,2091500,1138,575,563
286,21,382,2091600,1300,682,618
287,21,382,2091700,1097,556,541
288,21,382,2091800,1695,851,844
289,21,382,2091900,1183,600,583
290,21,382,2092000,199,96,103
291,21,382,2092100,1679,830,849
292,21,382,2092200,439,237,202
293,21,382,2092300,381,185,196
294,21,382,2092400,167,73,94
295,21,382,2092500,134,68,66
296,21,382,2092600,953,484,469
297,21,382,2092700,760,401,359
298,21,382,2092800,155,82,73
299,21,382,2092900,327,155,172
300,21,382,2093000,611,361,250
301,21,382,2093100,487,247,240
302,21,382,2093200,970,479,491
303,21,382,2093300,861,435,426
304,21,382,2093400,598,300,298
305,21,382,2093500,442,223,219
306,21,382,2093600,226,106,120
307,21,382,2093700,358,191,167
308,21,382,2093800,614,309,305
309,21,382,2093900,370,183,187
310,21,382,2094000,38,20,18
311,21,382,2094100,61,28,33
312,21,382,2094200,159,80,79
313,21,382,2094300,274,131,143
314,21,382,2094400,131,71,60
315,21,382,2094500,173,80,93
316,21,382,2094600,0,0,0
317,21,382,2094700,20,10,10
318,21,382,2094800,421,218,203
319,21,382,2094900,622,301,321
320,21,382,2095000,4,2,2
321,21,382,2095100,413,196,217
322,21,382,2095200,260,130,130
323,21,382,2095300,605,304,301
324,21,382,2095400,389,192,197
325,21,382,2095500,172,84,88
326,21,382,2095600,1058,527,531
327,21,382,2095700,254,122,132
328,21,382,2095800,469,217,252
329,21,382,2095900,754,368,386
330,21,382,2096000,103,60,43
331,21,382,2096100,3616,1795,1821
332,21,382,2096200,543,262,281
333,21,382,2096300,521,265,256
334,21,382,2096400,182,93,89
335,21,382,2096500,133,66,67
336,21,382,2096600,568,291,277
337,21,382,2096700,293,141,152
338,21,382,2096800,404,205,199
339,21,382,2096900,644,325,319
340,21,382,2097000,3195,1617,1578
341,21,382,2097100,498,262,236
342,21,382,2097200,65,29,36
343,21,382,2097300,190,91,99
344,21,382,2097400,3070,1521,1549
345,21,382,2097500,1438,721,717
346,21,382,2097600,115,51,64
347,21,382,2097700,424,219,205
348,21,382,2097800,1598,813,785
349,21,382,2097900,32,16,16
350,21,382,2098000,915,462,453
351,21,382,2098100,1027,524,503
352,21,382,2098200,262,145,117
353,21,382,2098300,586,294,292
354,21,382,2098400,498,248,250
355,21,382,2098500,237,121,116
356,21,382,2098600,478,235,243
357,21,382,2098700,319,156,163
358,21,382,2098800,21,10,11
359,21,382,2098900,377,191,186
360,21,382,2099000,2227,1157,1070
361,21,382,2099100,294,150,144
362,21,382,2099200,640,322,318
363,21,382,2099300,43,22,21
364,21,382,2099400,428,228,200
365,21,382,2099500,492,266,226
366,21,382,2099600,569,278,291
367,21,382,2099700,872,417,455
368,21,382,2099800,336,170,166
369,21,382,2099900,269,131,138
370,21,382,2100000,464,244,220
371,21,382,2100100,154,73,81
372,21,382,2100200,1031,520,511
373,21,382,2100300,134,68,66
374,21,382,2100400,317,160,157
375,21,382,2100500,3049,1595,1454
376,21,382,2100600,266,123,143
377,21,382,2100700,1724,869,855
378,21,382,2100800,427,222,205
379,21,382,2100900,458,222,236
380,21,382,2101000,502,253,249
381,21,382,2101100,82,39,43
382,21,382,2101200,329,163,166
383,21,382,2101300,267,146,121
384,21,382,2101400,320,160,160
385,21,382,2101500,331,172,159
386,21,382,2101600,2237,1096,1141
387,21,382,2101700,255,133,122
388,21,382,2101800,79,40,39
389,21,382,2101900,0,0,0
390,21,382,2102000,0,0,0
391,21,382,2102100,1024,512,512
392,21,382,2102200,750,382,368
393,21,382,2102300,902,462,440
394,21,382,2102400,835,413,422
395,21,382,2102500,758,404,354
396,21,382,2102600,1006,510,496
397,21,382,2102700,346,168,178
398,21,382,2102800,816,412,404
399,21,382,2102900,2409,1209,1200
400,21,382,2103000,995,509,486
401,21,382,2103100,170,84,86
402,21,382,2103200,446,229,217
403,21,382,2103300,119,62,57
404,21,382,2103400,1533,817,716
405,21,382,2103500,100,55,45
406,21,382,2103600,754,373,381
407,21,382,2103700,0,0,0
408,21,382,2103800,519,258,261
409,21,382,2103900,507,242,265
410,21,382,2104000,0,0,0
411,21,382,2104100,1129,591,538
412,21,382,2104200,364,172,192
413,21,382,2104300,1588,822,766
414,21,382,2104400,599,299,300
415,21,382,2104500,1105,570,535
416,21,382,2104600,303,164,139
417,21,382,2104700,559,286,273
418,21,382,2104800,832,409,423
419,21,382,2104900,2200,1137,1063
420,21,382,2105000,1157,619,538
421,21,382,2105100,1373,712,661
422,21,382,2105200,0,0,0
423,21,382,2105300,482,244,238
424,21,382,2105400,0,0,0
425,21,382,2105500,534,276,258
426,21,382,2105600,214,114,100
427,21,382,2105700,433,204,229
428,21,382,2105800,352,184,168
429,21,382,2105900,1336,694,642
430,21,382,2106000,0,0,0
431,21,382,2106100,329,166,163
432,21,382,2106200,75,39,36
433,21,382,2106300,415,215,200
434,21,382,2106400,443,239,204
435,21,382,2106500,888,461,427
436,21,382,2106600,187,96,91
437,21,382,2106700,484,240,244
438,21,382,2106800,528,283,245
439,21,382,2106900,388,185,203
440,21,382,2107000,1376,718,658
441,21,382,2107100,571,294,277
442,21,382,2107200,0,0,0
443,21,382,2107300,2198,1100,1098
444,21,382,2107400,2382,1231,1151
445,21,382,2107500,253,128,125
446,21,382,2107600,618,325,293
447,21,382,2107700,150,71,79
448,21,382,2107800,237,124,113
449,21,382,2107900,642,343,299
450,21,382,2108000,238,112,126
451,21,382,2108100,0,0,0
452,21,382,2108200,566,273,293
453,21,382,2108300,3982,2060,1922
454,21,382,2108400,930,483,447
455,21,382,2108500,435,237,198
456,21,382,2108600,932,480,452
457,21,382,2108700,532,274,258
458,21,382,2108800,696,337,359
459,21,382,2108900,1866,979,887
460,21,382,2109000,476,233,243
461,21,382,2109100,179,89,90
462,21,382,2109200,0,0,0
463,21,382,2109300,412,226,186
464,21,382,2109400,851,438,413
465,21,382,2109500,0,0,0
466,21,382,2109600,238,122,116
467,21,382,2109700,488,256,232
468,21,382,2109800,1388,700,688
469,21,382,2109900,2623,1329,1294
470,21,382,2110000,328,175,153
471,21,382,2110100,362,187,175
472,21,382,2110200,272,134,138
473,21,382,2110300,134,66,68
474,21,382,2110400,2512,1313,1199
475,21,382,2110500,1182,610,572
476,21,382,2110600,618,309,309
477,21,382,2110700,543,276,267
478,21,382,2110800,769,395,374
479,21,382,2110900,525,266,259
480,21,382,2111000,247,136,111
481,21,382,2111100,553,292,261
482,21,382,2111200,1790,948,842
483,21,382,2111300,749,400,349
484,21,382,2111400,1088,569,519
485,21,382,2111500,232,121,111
486,21,382,2111600,1235,617,618
487,21,382,2111700,599,307,292
488,21,382,2111800,40,16,24
489,21,382,2111900,1404,683,721
490,21,382,2112000,1863,973,890
491,21,382,2112100,655,338,317
492,21,382,2112200,534,281,253
493,21,382,2112300,1121,582,539
494,21,382,2112400,572,307,265
495,21,382,2112500,511,250,261
496,21,382,2112600,362,202,160
497,21,382,2112700,382,208,174
498,21,382,2112800,2806,1463,1343
499,21,382,2112900,627,330,297
500,21,382,2113000,1061,544,517
501,21,382,2113100,1764,910,854
502,21,382,2113200,718,350,368
503,21,382,2113300,1419,727,692
504,21,382,2113400,969,491,478
505,21,382,2113500,409,203,206
506,21,382,2113600,516,253,263
507,21,382,2113700,784,389,395
508,21,382,2113800,650,338,312
509,21,382,2113900,1076,543,533
510,21,382,2114000,622,312,310
511,21,382,2114100,952,485,467
512,21,382,2114200,579,295,284
513,21,382,2114300,373,187,186
514,21,382,2114400,40,19,21
515,21,382,2114500,411,212,199
516,21,382,2114600,446,215,231
517,21,382,2114700,467,248,219
518,21,382,2114800,0,0,0
519,21,382,2114900,1061,541,520
520,21,382,2115000,497,257,240
521,21,382,2115100,722,371,351
522,21,382,2115200,464,244,220
523,21,382,2115300,1750,840,910
524,21,382,2115400,0,0,0
525,21,382,2115500,116,59,57
526,21,382,2115600,897,473,424
527,21,382,2115700,590,303,287
528,21,382,2115800,536,283,253
529,21,382,2115900,1154,584,570
530,21,382,2116000,0,0,0
531,21,382,2116100,1172,625,547
532,21,382,2116200,1030,533,497
533,21,382,2116300,0,0,0
534,21,382,2116400,709,389,320
535,21,382,2116500,175,83,92
536,21,382,2116600,2300,1190,1110
537,21,382,2116700,843,430,413
538,21,382,2116800,3563,1800,1763
539,21,382,2116900,247,127,120
540,21,382,2117000,993,506,487
541,21,382,2117100,1253,646,607
542,21,382,2117200,1492,770,722
543,21,382,2117300,1185,635,550
544,21,382,2117400,1367,682,685
545,21,382,2117500,0,0,0
546,21,382,2117600,569,271,298
547,21,382,2117700,716,356,360
548,21,382,2117800,998,515,483
549,21,382,2117900,138,71,67
550,21,382,2118000,1661,850,811
551,21,382,2118100,748,379,369
552,21,382,2118200,345,195,150
553,21,382,2118300,527,274,253
554,21,382,2118400,35,17,18
555,21,382,2118500,338,178,160
556,21,382,2118600,304,152,152
557,21,382,2118700,174,101,73
558,21,382,2118800,615,336,279
559,21,382,2118900,1358,700,658
560,21,382,2119000,1591,841,750
561,21,382,2119100,2228,1180,1048
562,21,382,2119200,1251,609,642
563,21,382,2119300,71,33,38
564,21,382,2119400,1199,586,613
565,21,382,2119500,60,26,34
566,21,382,2119600,2,1,1
567,21,382,2119700,3244,1629,1615
568,21,382,2119800,580,299,281
569,21,382,2119900,2349,1196,1153
570,21,382,2120000,202,86,116
571,21,382,2120100,167,89,78
572,21,382,2120200,715,335,380
573,21,382,2120300,966,498,468
574,21,382,2120400,392,203,189
575,21,382,2120500,0,0,0
576,21,382,2120600,404,204,200
577,21,382,2120700,1625,824,801
578,21,382,2120800,385,200,185
579,21,382,2120900,382,186,196
580,21,382,2121000,1194,570,624
581,21,382,2121100,635,322,313
582,21,382,2121200,1473,699,774
583,21,382,2121300,3150,1515,1635
584,21,382,2121400,1478,699,779
585,21,382,2121500,2798,1398,1400
586,21,382,2121600,748,381,367
587,21,382,2121700,439,213,226
588,21,382,2121800,1385,724,661
589,21,382,2121900,2628,1350,1278
590,21,382,2122000,209,97,112
591,21,382,2122100,239,120,119
592,21,382,2122200,325,161,164
593,21,382,2122300,443,239,204
594,21,382,2122400,187,102,85
595,21,382,2122500,323,173,150
596,21,382,2122600,442,223,219
597,21,382,2122700,43,25,18
598,21,382,2122800,4,3,1
599,21,382,2122900,775,413,362
600,21,382,2123000,58,31,27
601,21,382,2123100,123,55,68
602,21,382,2123200,1419,737,682
603,21,382,2123300,482,251,231
604,21,382,2123400,1588,818,770
605,21,382,2123500,1361,701,660
606,21,382,2123600,2480,1296,1184
607,21,382,2123700,266,146,120
608,21,382,2123800,811,391,420
609,21,382,2123900,1163,570,593
610,21,382,2124000,35,17,18
611,21,382,2124100,304,152,152
612,21,382,2124200,1686,849,837
613,21,382,2124300,1734,849,885
614,21,382,2124400,356,200,156
615,21,382,2124500,1690,857,833
616,21,382,2124600,824,419,405
617,21,382,2124700,453,226,227
618,21,382,2124800,2746,1438,1308
619,21,382,2124900,1507,763,744
620,21,382,2125000,413,229,184
621,21,382,2125100,838,436,402
622,21,382,2125200,16,7,9
623,21,382,2125300,1041,515,526
624,21,382,2125400,0,0,0
625,21,382,2125500,709,372,337
626,21,382,2125600,2386,1226,1160
627,21,382,2125700,1237,642,595
628,21,382,2125800,647,312,335
629,21,382,2125900,1088,560,528
630,21,382,2126000,1119,600,519
631,21,382,2126100,924,494,430
632,21,382,2126200,1552,767,785
633,21,382,2126300,209,106,103
634,21,382,2126400,59,35,24
635,21,382,2126500,490,245,245
636,21,382,2126600,438,232,206
637,21,382,2126700,789,404,385
638,21,382,2126800,334,173,161
639,21,382,2126900,215,120,95
640,21,382,2127000,760,402,358
641,21,382,2127100,1809,943,866
642,21,382,2127200,1051,532,519
643,21,382,2127300,67,34,33
644,21,382,2127400,1128,578,550
645,21,382,2127500,548,272,276
646,21,382,2127600,754,379,375
647,21,382,2127700,1341,683,658
648,21,382,2127800,0,0,0
649,21,382,2127900,536,274,262
650,21,382,2128000,1483,758,725
651,21,382,2128100,442,223,219
652,21,382,2128200,1214,634,580
653,21,382,2128300,431,217,214
654,21,382,2128400,2647,1309,1338
655,21,382,2128500,0,0,0
656,21,382,2128600,0,0,0
657,21,382,2128700,544,281,263
658,21,382,2128800,2193,1104,1089
659,21,382,2128900,862,429,433
660,21,382,2129000,487,248,239
661,21,382,2129100,578,296,282
662,21,382,2129200,890,451,439
663,21,382,2129300,505,256,249
664,21,382,2129400,523,256,267
665,21,382,2129500,796,417,379
666,21,382,2129600,835,415,420
667,21,382,2129700,2153,1054,1099
668,21,382,2129800,2147,1131,1016
669,21,382,2129900,818,426,392
670,21,382,2130000,1664,878,786
671,21,382,2130100,258,118,140
672,21,382,2130200,516,271,245
673,21,382,2130300,515,250,265
674,21,382,2130400,833,446,387
675,21,382,2130500,1824,913,911
676,21,382,2130600,24,13,11
677,21,382,2130700,1669,835,834
678,21,382,2130800,407,208,199
679,21,382,2130900,0,0,0
680,21,382,2131000,705,347,358
681,21,382,2131100,1151,580,571
682,21,382,2131200,1682,850,832
683,21,382,2131300,2193,1084,1109
684,21,382,2131400,1904,987,917
685,21,382,2131500,737,373,364
686,21,382,2131600,832,436,396
687,21,382,2131700,601,312,289
688,21,382,2131800,385,199,186
689,21,382,2131900,1380,700,680
690,21,382,2132000,1111,559,552
691,21,382,2132100,530,274,256
692,21,382,2132200,274,139,135
693,21,382,2132300,37,23,14
694,21,382,2132400,1944,1001,943
695,21,382,2132500,942,448,494
696,21,382,2132600,723,379,344
697,21,382,2132700,1768,885,883
698,21,382,2132800,3776,1933,1843
699,21,382,2132900,560,294,266
700,21,382,2133000,683,350,333
701,21,382,2133100,1030,501,529
702,21,382,2133200,915,464,451
703,21,382,2133300,1403,716,687
704,21,382,2133400,557,274,283
705,21,382,2133500,942,478,464
706,21,382,2133600,0,0,0
707,21,382,2133700,694,330,364
708,21,382,2133800,1492,748,744
709,21,382,2133900,37,20,17
710,21,382,2134000,507,253,254
711,21,382,2134100,411,220,191
712,21,382,2134200,0,0,0
713,21,382,2134300,472,244,228
714,21,382,2134400,2030,1020,1010
715,21,382,2134500,2559,1293,1266
716,21,382,2134600,1294,672,622
717,21,382,2134700,1380,696,684
718,21,382,2134800,0,0,0
719,21,382,2134900,557,292,265
720,21,382,2135000,0,0,0
721,21,382,2135100,728,352,376
722,21,382,2135200,0,0,0
723,21,382,2135300,1159,592,567
724,21,382,2135400,635,329,306
725,21,382,2135500,1939,988,951
726,21,382,2135600,2144,1097,1047
727,21,382,2135700,406,212,194
728,21,382,2135800,139,78,61
729,21,382,2135900,103,50,53
730,21,382,2136000,2077,1043,1034
731,21,382,2136100,2009,1025,984
732,21,382,2136200,722,359,363
733,21,382,2136300,2033,1041,992
734,21,382,2136400,107,49,58
735,21,382,2136500,294,142,152
736,21,382,2136600,1336,719,617
737,21,382,2136700,158,85,73
738,21,382,2136800,86,48,38
739,21,382,2136900,134,66,68
740,21,382,2137000,1602,800,802
741,21,382,2137100,3019,1527,1492
742,21,382,2137200,150,71,79
743,21,382,2137300,1875,961,914
744,21,382,2137400,1530,769,761
745,21,382,2137500,2969,1503,1466
746,21,382,2137600,1163,597,566
747,21,382,2137700,1314,651,663
748,21,382,2137800,839,424,415
749,21,382,2137900,262,133,129
750,21,382,2138000,388,206,182
751,21,382,2138100,2778,1461,1317
752,21,382,2138200,948,485,463
753,21,382,2138300,5324,2632,2692
754,21,382,2138400,726,358,368
755,21,382,2138500,3471,1803,1668
756,21,382,2138600,930,460,470
757,21,382,2138700,307,142,165
758,21,382,2138800,3238,1614,1624
759,21,382,2138900,1174,573,601
760,21,382,2139000,3815,1826,1989
761,21,382,2139100,1201,640,561
762,21,382,2139200,2077,1039,1038
763,21,382,2139300,5540,2714,2826
764,21,382,2139400,2164,1067,1097
765,21,382,2139500,3121,1601,1520
766,21,382,2139600,2005,1001,1004
767,21,382,2139700,3063,1462,1601
768,21,382,2139800,2240,1090,1150
769,21,382,2139900,1579,827,752
770,21,382,2140000,1402,732,670
771,21,382,2140100,524,253,271
772,21,382,2140200,1395,658,737
773,21,382,2140300,1150,581,569
774,21,382,2140400,444,224,220
775,21,382,2140500,2061,1004,1057
776,21,382,2140600,781,381,400
777,21,382,2140700,2705,1349,1356
778,21,382,2140800,1096,529,567
779,21,382,2140900,527,282,245
780,21,382,2141000,3025,1533,1492
781,21,382,2141100,1218,609,609
782,21,382,2141200,689,327,362
783,21,382,2141300,1240,606,634
784,21,382,2141400,1620,788,832
785,21,382,2141500,970,465,505
786,21,382,2141600,627,320,307
787,21,382,2141700,1352,696,656
788,21,382,2141800,912,456,456
789,21,382,2141900,78,43,35
790,21,382,2142000,1590,788,802
791,21,382,2142100,832,431,401
792,21,382,2142200,444,229,215
793,21,382,2142300,2847,1415,1432
794,21,382,2142400,503,235,268
795,21,382,2142500,1808,906,902
796,21,382,2142600,777,403,374
797,21,382,2142700,2019,1001,1018
798,21,382,2142800,979,509,470
799,21,382,2142900,599,278,321
800,21,382,2143000,1428,731,697
801,21,382,2143100,1879,938,941
802,21,382,2143200,483,227,256
803,21,382,2143300,1111,581,530
804,21,382,2143400,1097,517,580
805,21,382,2143500,1447,768,679
806,21,382,2143600,1631,800,831
807,21,382,2143700,262,132,130
808,21,382,2143800,1463,730,733
809,21,382,2143900,617,314,303
810,21,382,2144000,829,431,398
811,21,382,2144100,2476,1233,1243
812,21,382,2144200,2356,1199,1157
813,21,382,2144300,739,363,376
814,21,382,2144400,759,375,384
815,21,382,2144500,714,326,388
816,21,382,2144600,816,368,448
817,21,382,2144700,510,242,268
818,21,382,2144800,1517,709,808
819,21,382,2144900,613,310,303
820,21,382,2145000,3730,1817,1913
821,21,382,2145100,1072,546,526
822,21,382,2145200,2319,1162,1157
823,21,382,2145300,2946,1488,1458
824,21,382,2145400,1115,529,586
825,21,382,2145500,5898,3013,2885
826,21,382,2145600,1663,833,830
827,21,382,2145700,2002,969,1033
828,21,382,2145800,2582,1284,1298
829,21,382,2145900,1696,898,798
830,21,382,2146000,1435,739,696
831,21,382,2146100,1227,631,596
832,21,382,2146200,4388,2196,2192
833,21,382,2146300,57,24,33
834,21,382,2146400,3965,1899,2066
835,21,382,2146500,973,510,463
836,21,382,2146600,2575,1257,1318
837,21,382,2146700,781,394,387
838,21,382,2146800,329,149,180
839,21,382,2146900,156,78,78
840,21,382,2147000,1222,582,640
841,21,382,2147100,762,370,392
842,21,382,2147200,545,280,265
843,21,382,2147300,3986,2019,1967
844,21,382,2147400,911,488,423
845,21,382,2147500,758,373,385
846,21,382,2147600,1398,698,700
847,21,382,2147700,1965,924,1041
848,21,382,2147800,788,370,418
849,21,382,2147900,0,0,0
850,21,382,2148000,375,179,196
851,21,382,2148100,1039,505,534
852,21,382,2148200,844,407,437
853,21,382,2148300,200,110,90
854,21,382,2148400,1770,870,900
855,21,382,2148500,260,139,121
856,21,382,2148600,2032,1006,1026
857,21,382,2148700,745,339,406
858,21,382,2148800,1075,534,541
859,21,382,2148900,1760,895,865
860,21,382,2149000,525,268,257
861,21,382,2149100,1665,866,799
862,21,382,2149200,417,196,221
863,21,382,2149300,552,272,280
864,21,382,2149400,275,138,137
865,21,382,2149500,1845,899,946
866,21,382,2149600,503,255,248
867,21,382,2149700,2593,1316,1277
868,21,382,2149800,1634,820,814
869,21,382,2149900,1794,955,839
870,21,382,2150000,854,388,466
871,21,382,2150100,559,292,267
872,21,382,2150200,2428,1191,1237
873,21,382,2150300,2743,1382,1361
874,21,382,2150400,4938,2546,2392
875,21,382,2150500,411,200,211
876,21,382,2150600,937,475,462
877,21,382,2150700,568,283,285
878,21,382,2150800,925,478,447
879,21,382,2150900,62,35,27
880,21,382,2151000,868,407,461
881,21,382,2151100,590,299,291
882,21,382,2151200,1561,770,791
883,21,382,2151300,1275,633,642
884,21,382,2151400,2464,1267,1197
885,21,382,2151500,2409,1203,1206
886,21,382,2151600,0,0,0
887,21,382,2151700,266,137,129
888,21,382,2151800,2964,1435,1529
889,21,382,2151900,96,47,49
890,21,382,2152000,700,329,371
891,21,382,2152100,815,394,421
892,21,382,2152200,523,262,261
893,21,382,2152300,3064,1556,1508
894,21,382,2152400,537,262,275
895,21,382,2152500,1740,916,824
896,21,382,2152600,817,392,425
897,21,382,2152700,1068,529,539
898,21,382,2152800,633,287,346
899,21,382,2152900,879,439,440
900,21,382,2153000,1206,615,591
901,21,382,2153100,1698,881,817
902,21,382,2153200,950,481,469
903,21,382,2153300,229,114,115
904,21,382,2153400,2416,1229,1187
905,21,382,2153500,1965,955,1010
906,21,382,2153600,537,267,270
907,21,382,2153700,1967,997,970
908,21,382,2153800,1915,952,963
909,21,382,2153900,730,386,344
910,21,382,2154000,1634,822,812
911,21,382,2154100,1042,529,513
912,21,382,2154200,1590,823,767
913,21,382,2154300,1178,597,581
914,21,382,2154400,1091,545,546
915,21,382,2154500,1904,941,963
916,21,382,2154600,183,77,106
917,21,382,2154700,2249,1142,1107
918,21,382,2154800,2573,1273,1300
919,21,382,2154900,634,314,320
920,21,382,2155000,2131,1042,1089
921,21,382,2155100,1958,949,1009
922,21,382,2155200,704,332,372
923,21,382,2155300,1145,569,576
924,21,382,2155400,601,303,298
925,21,382,2155500,897,463,434
926,21,382,2155600,159,80,79
927,21,382,2155700,247,122,125
928,21,382,2155800,1440,759,681
929,21,382,2155900,278,130,148
930,21,382,2156000,596,296,300
931,21,382,2156100,1615,772,843
932,21,382,2156200,5308,2483,2825
933,21,382,2156300,6262,3061,3201
934,21,382,2156400,1399,653,746
935,21,382,2156500,1556,736,820
936,21,382,2156600,425,221,204
937,21,382,2156700,0,0,0
938,21,382,2156800,0,0,0
939,21,382,2156900,2279,1133,1146
940,21,382,2157000,1012,483,529
941,21,382,2157100,704,353,351
942,21,382,2157200,2509,1289,1220
943,21,382,2157300,2076,1058,1018
944,21,382,2157400,667,329,338
945,21,382,2157500,767,389,378
946,21,382,2157600,3607,1832,1775
947,21,382,2157700,1890,955,935
948,21,382,2157800,838,402,436
949,21,382,2157900,9203,4723,4480
950,21,382,2158000,1386,718,668
951,21,382,2158100,1816,902,914
952,21,382,2158200,2691,1344,1347
953,21,382,2158300,1287,670,617
954,21,382,2158400,897,412,485
955,21,382,2158500,3113,1524,1589
956,21,382,2158600,820,427,393
957,21,382,2158700,2444,1215,1229
958,21,382,2158800,872,422,450
959,21,382,2158900,0,0,0
960,21,382,2159000,4325,2067,2258
961,21,382,2159100,528,242,286
962,21,382,2159200,1192,610,582
963,21,382,2159300,1463,727,736
964,21,382,2159400,318,163,155
965,21,382,2159500,1776,875,901
966,21,382,2159600,2087,1028,1059
967,21,382,2159700,588,308,280
968,21,382,2159800,2437,1220,1217
969,21,382,2159900,44,20,24
970,21,382,2160000,1386,680,706
971,21,382,2160100,866,442,424
972,21,382,2160200,366,184,182
973,21,382,2160300,3268,1634,1634
974,21,382,2160400,713,370,343
975,21,382,2160500,3069,1589,1480
976,21,382,2160600,0,0,0
977,21,382,2160700,1190,575,615
978,21,382,2160800,1644,818,826
979,21,382,2160900,1884,902,982
980,21,382,2161000,3773,1842,1931
981,21,382,2161100,2247,1106,1141
982,21,382,2161200,4261,2050,2211
983,21,382,2161300,2320,1203,1117
984,21,382,2161400,3132,1591,1541
985,21,382,2161500,2316,1148,1168
986,21,382,2161600,6252,3027,3225
987,21,382,2161700,2892,1478,1414
988,21,382,2161800,1034,523,511
989,21,382,2161900,881,453,428
990,21,382,2162000,3307,1645,1662
991,21,382,2162100,0,0,0
992,21,382,2162200,2971,1473,1498
993,21,382,2162300,1761,868,893
994,21,382,2162400,3531,1755,1776
995,21,382,2162500,3069,1519,1550
996,21,382,2162600,364,175,189
997,21,382,2162700,2214,1079,1135
998,21,382,2162800,6087,2847,3240
999,21,382,2162900,3214,1571,1643
1000,21,382,2163000,0,0,0
1001,21,382,2163100,388,209,179
1002,21,382,2163200,5495,2728,2767
1003,21,382,2163300,5126,2413,2713
1004,21,382,2163400,532,247,285
1005,21,382,2163500,1449,652,797
1006,21,382,2163600,2117,1045,1072
1007,21,382,2163700,491,230,261
1008,21,382,2163800,3388,1581,1807
1009,21,382,2163900,1350,709,641
1010,21,382,2164000,3596,1749,1847
1011,21,382,2164100,0,0,0
1012,21,382,2164200,0,0,0
1013,21,382,2164300,218,105,113
1014,21,382,2164400,0,0,0
1015,21,382,2164500,739,372,367
1016,21,382,2164600,1103,538,565
1017,21,382,2164700,1229,600,629
1018,21,382,2164800,1737,853,884
1019,21,382,2164900,2561,1213,1348
1020,21,382,2165000,524,262,262
1021,21,382,2165100,1970,958,1012
1022,21,382,2165200,1302,646,656
1023,21,382,2165300,1112,534,578
1024,21,382,2165400,595,287,308
1025,21,382,2165500,326,161,165
1026,21,382,2165600,2264,1096,1168
1027,21,382,2165700,2245,1157,1088
1028,21,382,2165800,2186,1108,1078
1029,21,382,2165900,903,470,433
1030,21,382,2166000,1870,969,901
1031,21,382,2166100,1395,695,700
1032,21,382,2166200,940,473,467
1033,21,382,2166300,955,500,455
1034,21,382,2166400,917,481,436
1035,21,382,2166500,1379,697,682
1036,21,382,2166600,1159,529,630
1037,21,382,2166700,1985,944,1041
1038,21,382,2166800,3099,1515,1584
1039,21,382,2166900,1733,847,886
1040,21,382,2167000,404,193,211
1041,21,382,2167100,2597,1280,1317
1042,21,382,2167200,2431,1204,1227
1043,21,382,2167300,572,265,307
1044,21,382,2167400,1373,672,701
1045,21,382,2167500,3244,1562,1682
1046,21,382,2167600,2100,1025,1075
1047,21,382,2167700,339,150,189
1048,21,382,2167800,200,105,95
1049,21,382,2167900,1426,728,698
1050,21,382,2168000,2632,1317,1315
1051,21,382,2168100,1413,691,722
1052,21,382,2168200,110,52,58
1053,21,382,2168300,2095,1069,1026
1054,21,382,2168400,2075,986,1089
1055,21,382,2168500,272,120,152
1056,21,382,2168600,708,350,358
1057,21,382,2168700,1260,667,593
1058,21,382,2168800,0,0,0
1059,21,382,2168900,0,0,0
1060,21,382,2169000,0,0,0
1061,21,382,2169100,2112,1104,1008
1062,21,382,2169200,984,506,478
1063,21,382,2169300,697,340,357
1064,21,382,2169400,2,1,1
1065,21,382,2169500,2593,1341,1252
1066,21,382,2169600,326,167,159
1067,21,382,2169700,982,512,470
1068,21,382,2169800,35,15,20
1069,21,382,2169900,0,0,0
1070,21,382,2170000,1598,820,778
1071,21,382,2170100,2137,1060,1077
1072,21,382,2170200,1973,986,987
1073,21,382,2170300,2169,1085,1084
1074,21,382,2170400,1507,736,771
1075,21,382,2170500,1910,949,961
1076,21,382,2170600,3874,1942,1932
1077,21,382,2170700,1775,866,909
1078,21,382,2170800,1499,710,789
1079,21,382,2170900,2247,1139,1108
1080,21,382,2171000,1357,674,683
1081,21,382,2171100,1469,731,738
1082,21,382,2171200,3708,1887,1821
1083,21,382,2171300,1842,914,928
1084,21,382,2171400,4005,1959,2046
1085,21,382,2171500,1490,759,731
1086,21,382,2171600,3656,1893,1763
1087,21,382,2171700,715,389,326
1088,21,382,2171800,332,167,165
1089,21,382,2171900,1215,629,586
1090,21,382,2172000,1308,662,646
1091,21,382,2172100,209,113,96
1092,21,382,2172200,1222,614,608
1093,21,382,2172300,170,89,81
1094,21,382,2172400,341,170,171
1095,21,382,2172500,1321,701,620
1096,21,382,2172600,400,197,203
1097,21,382,2172700,671,338,333
1098,21,382,2172800,1214,613,601
1099,21,382,2172900,1619,824,795
1100,21,382,2173000,327,170,157
1101,21,382,2173100,1876,964,912
1102,21,382,2173200,2595,1285,1310
1103,21,382,2173300,3505,1796,1709
1104,21,382,2173400,1018,543,475
1105,21,382,2173500,2353,1221,1132
1106,21,382,2173600,2916,1519,1397
1107,21,382,2173700,563,287,276
1108,21,382,2173800,5651,2719,2932
1109,21,382,2173900,7318,3643,3675
1110,21,382,2174000,2925,1425,1500
1111,21,382,2174100,1371,707,664
1112,21,382,2174200,1779,919,860
1113,21,382,2174300,501,247,254
1114,21,382,2174400,1919,980,939
1115,21,382,2174500,901,434,467
1116,21,382,2174600,1512,751,761
1117,21,382,2174700,470,232,238
1118,21,382,2174800,1153,573,580
1119,21,382,2174900,2126,1119,1007
1120,21,382,2175000,2685,1370,1315
1121,21,382,2175100,449,241,208
1122,21,382,2175200,2845,1462,1383
1123,21,382,2175300,1528,820,708
1124,21,382,2175400,3065,1521,1544
1125,21,382,2175500,3076,1559,1517
1126,21,382,2175600,2,1,1
1127,21,382,2175700,0,0,0
1128,21,382,2175800,0,0,0
1129,21,382,2175900,802,417,385
1130,21,382,2176000,0,0,0
1131,21,382,2176100,0,0,0
1132,21,382,2176200,0,0,0
1133,21,382,2176300,249,119,130
1134,21,382,2176400,491,236,255
1135,21,382,2176500,1896,939,957
1136,21,382,2176600,44,21,23
1137,21,382,2176700,220,130,90
1138,21,382,2176800,183,96,87
1139,21,382,2176900,0,0,0
1140,21,382,2177000,0,0,0
1141,21,382,2177100,1422,735,687
1142,21,382,2177200,831,416,415
1143,21,382,2177300,1598,850,748
1144,21,382,2177400,0,0,0
1145,21,382,2177500,0,0,0
1146,21,382,2177600,1083,548,535
1147,21,382,2177700,0,0,0
1148,21,382,2177800,539,262,277
1149,21,382,2177900,822,444,378
1150,21,382,2178000,0,0,0
1151,21,382,2178100,29,15,14
1152,21,382,2178200,447,217,230
1153,21,382,2178300,1400,696,704
1154,21,382,2178400,965,494,471
1155,21,382,2178500,5040,2579,2461
1156,21,382,2178600,1256,636,620
1157,21,382,2178700,5,2,3
1158,21,382,2178800,0,0,0
1159,21,382,2178900,1058,550,508
1160,21,382,2179000,449,228,221
1161,21,382,2179100,0,0,0
1162,21,382,2179200,364,187,177
1163,21,382,2179300,366,199,167
1164,21,382,2179400,177,82,95
1165,21,382,2179500,1195,602,593
1166,21,382,2179600,3708,1875,1833
1167,21,382,2179700,0,0,0
1168,21,382,2179800,695,345,350
1169,21,382,2179900,499,249,250
1170,21,382,2180000,422,196,226
1171,21,382,2180100,979,533,446
1172,21,382,2180200,560,268,292
1173,21,382,2180300,802,371,431
1174,21,382,2180400,337,158,179
1175,21,382,2180500,0,0,0
1176,21,382,2180600,534,277,257
1177,21,382,2180700,6,3,3
1178,21,382,2180800,1289,645,644
1179,21,382,2180900,257,128,129
1180,21,382,2181000,1091,524,567
1181,21,382,2181100,229,118,111
1182,21,382,2181200,634,317,317
1183,21,382,2181300,554,265,289
1184,21,382,2181400,131,67,64
1185,21,382,2181500,116,67,49
1186,21,382,2181600,0,0,0
1187,21,382,2181700,2413,1217,1196
1188,21,382,2181800,3123,1660,1463
1189,21,382,2181900,650,356,294
1190,21,382,2182000,0,0,0
1191,21,382,2182100,2232,1221,1011
1192,21,382,2182200,1444,919,525
1193,21,382,2182300,1266,649,617
1194,21,382,2182400,537,291,246
1195,21,382,2182500,4881,2568,2313
1196,21,382,2182600,1395,709,686
1197,21,382,2182700,0,0,0
1198,21,382,2182800,0,0,0
1199,21,382,2182900,0,0,0
1200,21,382,2183000,41,16,25
1201,21,382,2183100,0,0,0
1202,21,382,2183200,0,0,0
1203,21,382,2183300,158,76,82
1204,21,382,2183400,39,17,22
1205,21,382,2183500,1066,578,488
1206,21,382,2183600,1041,526,515
1207,21,382,2183700,2386,1203,1183
1208,21,382,2183800,1082,548,534
1209,21,382,2183900,397,202,195
1210,21,382,2184000,573,298,275
1211,21,382,2184100,599,277,322
1212,21,382,2184200,465,227,238
1213,21,382,2184300,0,0,0
1214,21,382,2184400,0,0,0
1215,21,382,2184500,610,307,303
1216,21,382,2184600,1206,641,565
1217,21,382,2184700,260,124,136
1218,21,382,2184800,255,140,115
1219,21,382,2184900,840,419,421
1220,21,382,2185000,983,492,491
1221,21,382,2185100,624,334,290
1222,21,382,2185200,1356,712,644
1223,21,382,2185300,229,115,114
1224,21,382,2185400,0,0,0
1225,21,382,2185500,479,262,217
1226,21,382,2185600,275,142,133
1227,21,382,2185700,0,0,0
1228,21,382,2185800,0,0,0
1229,21,382,2185900,1750,899,851
1230,21,382,2186000,303,151,152
1231,21,382,2186100,294,148,146
1232,21,382,2186200,1464,773,691
1233,21,382,2186300,0,0,0
1234,21,382,2186400,1701,895,806
1235,21,382,2186500,506,257,249
1236,21,382,2186600,48,24,24
1237,21,382,2186700,768,402,366
1238,21,382,2186800,0,0,0
1239,21,382,2186900,142,69,73
1240,21,382,2187000,50,23,27
1241,21,382,2187100,770,417,353
1242,21,382,2187200,431,223,208
1243,21,382,2187300,96,44,52
1244,21,382,2187400,691,346,345
1245,21,382,2187500,194,100,94
1246,21,382,2187600,707,382,325
1247,21,382,2187700,0,0,0
1248,21,382,2187800,1932,979,953
1249,21,382,2187900,689,349,340
1250,21,382,2188000,0,0,0
1251,21,382,2188100,0,0,0
1252,21,382,2188200,1843,942,901
1253,21,382,2188300,150,75,75
1254,21,382,2188400,1193,595,598
1255,21,382,2188500,1245,653,592
1256,21,382,2188600,328,170,158
1257,21,382,2188700,0,0,0
1258,21,382,2188800,327,176,151
1259,21,382,2188900,3,3,0
1260,21,382,2189000,1308,649,659
1261,21,382,2189100,0,0,0
1262,21,382,2189200,397,192,205
1263,21,382,2189300,349,176,173
1264,21,382,2189400,782,391,391
1265,21,382,2189500,0,0,0
1266,21,382,2189600,0,0,0
1267,21,382,2189700,208,110,98
1268,21,382,2189800,770,412,358
1269,21,382,2189900,74,42,32
1270,21,382,2190000,0,0,0
1271,21,382,2190100,555,286,269
1272,21,382,2190200,0,0,0
1273,21,382,2190300,379,192,187
1274,21,382,2190400,3479,1752,1727
1275,21,382,2190500,213,111,102
1276,21,382,2190600,0,0,0
1277,21,382,2190700,0,0,0
1278,21,382,2190800,1982,1037,945
1279,21,382,2190900,58,30,28
1280,21,382,2191000,0,0,0
1281,21,382,2191100,58,32,26
1282,21,382,2191200,1341,674,667
1283,21,382,2191300,916,472,444
1284,21,382,2191400,391,201,190
1285,21,382,2191500,397,197,200
1286,21,382,2191600,510,248,262
1287,21,382,2191700,132,59,73
1288,21,382,2191800,613,323,290
1289,21,382,2191900,1805,929,876
1290,21,382,2192000,402,194,208
1291,21,382,2192100,627,321,306
1292,21,382,2192200,2392,1228,1164
1293,21,382,2192300,238,111,127
1294,21,382,2192400,712,380,332
1295,21,382,2192500,406,218,188
1296,21,382,2192600,345,159,186
1297,21,382,2192700,0,0,0
1298,21,382,2192800,1229,634,595
1299,21,382,2192900,304,169,135
1300,21,382,2193000,336,167,169
1301,21,382,2193100,158,85,73
1302,21,382,2193200,1181,619,562
1303,21,382,2193300,98,51,47
1304,21,382,2193400,148,85,63
1305,21,382,2193500,436,230,206
1306,21,382,2193600,482,239,243
1307,21,382,2193700,980,524,456
1308,21,382,2193800,173,85,88
1309,21,382,2193900,641,307,334
1310,21,382,2194000,507,255,252
1311,21,382,2194100,489,259,230
1312,21,382,2194200,546,274,272
1313,21,382,2194300,554,283,271
1314,21,382,2194400,29,12,17
1315,21,382,2194500,373,193,180
1316,21,382,2194600,92,48,44
1317,21,382,2194700,546,283,263
1318,21,382,2194800,605,296,309
1319,21,382,2194900,120,65,55
1320,21,382,2195000,1494,786,708
1321,21,382,2195100,322,176,146
1322,21,382,2195200,339,167,172
1323,21,382,2195300,211,119,92
1324,21,382,2195400,571,305,266
1325,21,382,2195500,93,47,46
1326,21,382,2195600,150,83,67
1327,21,382,2195700,514,262,252
1328,21,382,2195800,425,205,220
1329,21,382,2195900,1027,499,528
1330,21,382,2196000,362,188,174
1331,21,382,2196100,520,260,260
1332,21,382,2196200,2306,1155,1151
1333,21,382,2196300,2015,991,1024
1334,21,382,2196400,2827,1456,1371
1335,21,382,2196500,804,427,377
1336,21,382,2196600,2763,1413,1350
1337,21,382,2196700,277,145,132
1338,21,382,2196800,4626,2373,2253
1339,21,382,2196900,7089,3637,3452
1340,21,382,2197000,528,280,248
1341,21,382,2197100,974,484,490
1342,21,382,2197200,328,178,150
1343,21,382,2197300,37,19,18
1344,21,382,2197400,1356,714,642
1345,21,382,2197500,269,145,124
1346,21,382,2197600,363,176,187
1347,21,382,2197700,0,0,0
1348,21,382,2197800,391,193,198
1349,21,382,2197900,1419,716,703
1350,21,382,2198000,456,239,217
1351,21,382,2198100,481,263,218
1352,21,382,2198200,608,317,291
1353,21,382,2198300,1102,566,536
1354,21,382,2198400,1577,808,769
1355,21,382,2198500,1141,572,569
1356,21,382,2198600,627,316,311
1357,21,382,2198700,475,254,221
1358,21,382,2198800,665,334,331
1359,21,382,2198900,544,277,267
1360,21,382,2199000,593,300,293
1361,21,382,2199100,800,399,401
1362,21,382,2199200,618,320,298
1363,21,382,2199300,734,341,393
1364,21,382,2199400,746,366,380
1365,21,382,2199500,0,0,0
1366,21,382,2199600,2061,1072,989
1367,21,382,2199700,1076,544,532
1368,21,382,2199800,1519,781,738
1369,21,382,2199900,1045,543,502
1370,21,382,2200000,4028,2060,1968
1371,21,382,2200100,870,457,413
1372,21,382,2200200,1144,564,580
1373,21,382,2200300,539,299,240
1374,21,382,2200400,1920,996,924
1375,21,382,2200500,0,0,0
1376,21,382,2200600,3668,1895,1773
1377,21,382,2200700,155,79,76
1378,21,382,2200800,888,443,445
1379,21,382,2200900,3910,1985,1925
1380,21,382,2201000,2718,1389,1329
1381,21,382,2201100,309,156,153
1382,21,382,2201200,1148,581,567
1383,21,382,2201300,830,419,411
1384,21,382,2201400,460,238,222
1385,21,382,2201500,2349,1197,1152
1386,21,382,2201600,483,223,260
1387,21,382,2201700,2239,1137,1102
1388,21,382,2201800,529,284,245
1389,21,382,2201900,1233,614,619
1390,21,382,2202000,1072,557,515
1391,21,382,2202100,1175,605,570
1392,21,382,2202200,1066,533,533
1393,21,382,2202300,759,397,362
1394,21,382,2202400,2672,1339,1333
1395,21,382,2202500,1660,894,766
1396,21,382,2202600,5775,2983,2792
1397,21,382,2202700,1036,537,499
1398,21,382,2202800,236,120,116
1399,21,382,2202900,248,134,114
1400,21,382,2203000,0,0,0
1401,21,382,2203100,2480,1281,1199
1402,21,382,2203200,0,0,0
1403,21,382,2203300,0,0,0
1404,21,382,2203400,1202,602,600
1405,21,382,2203500,0,0,0
1406,21,382,2203600,0,0,0
1407,21,382,2203700,849,424,425
1408,21,382,2203800,784,415,369
1409,21,382,2203900,313,166,147
1410,21,382,2204000,605,314,291
1411,21,382,2204100,0,0,0
1412,21,382,2204200,1718,894,824
1413,21,382,2204300,627,345,282
1414,21,382,2204400,136,66,70
1415,21,382,2204500,129,66,63
1416,21,382,2204600,0,0,0
1417,21,382,2204700,1310,673,637
1418,21,382,2204800,2048,1043,1005
1419,21,382,2204900,1093,566,527
1420,21,382,2205000,275,143,132
1421,21,382,2205100,1205,653,552
1422,21,382,2205200,808,428,380
1423,21,382,2205300,1681,845,836
1424,21,382,2205400,860,439,421
1425,21,382,2205500,1579,791,788
1426,21,382,2205600,946,479,467
1427,21,382,2205700,739,394,345
1428,21,382,2205800,598,320,278
1429,21,382,2205900,215,104,111
1430,21,382,2206000,836,416,420
1431,21,382,2206100,222,120,102
1432,21,382,2206200,1623,804,819
1433,21,382,2206300,1025,524,501
1434,21,382,2206400,1132,582,550
1435,21,382,2206500,310,145,165
1436,21,382,2206600,491,244,247
1437,21,382,2206700,1114,557,557
1438,21,382,2206800,25,8,17
1439,21,382,2206900,683,365,318
1440,21,382,2207000,2565,1314,1251
1441,21,382,2207100,399,197,202
1442,21,382,2207200,674,336,338
1443,21,382,2207300,263,131,132
1444,21,382,2207400,757,411,346
1445,21,382,2207500,482,245,237
1446,21,382,2207600,1328,690,638
1447,21,382,2207700,1158,580,578
1448,21,382,2207800,0,0,0
1449,21,382,2207900,2130,1118,1012
1450,21,382,2208000,253,150,103
1451,21,382,2208100,1186,598,588
1452,21,382,2208200,195,93,102
1453,21,382,2208300,1195,574,621
1454,21,382,2208400,97,51,46
1455,21,382,2208500,1930,979,951
1456,21,382,2208600,1090,551,539
1457,21,382,2208700,848,425,423
1458,21,382,2208800,1903,953,950
1459,21,382,2208900,737,352,385
1460,21,382,2209000,168,93,75
1461,21,382,2209100,2148,1129,1019
1462,21,382,2209200,114,43,71
1463,21,382,2209300,877,458,419
1464,21,382,2209400,121,55,66
1465,21,382,2209500,521,266,255
1466,21,382,2209600,732,374,358
1467,21,382,2209700,584,257,327
1468,21,382,2209800,2356,1164,1192
1469,21,382,2209900,1403,679,724
1470,21,382,2210000,1057,555,502
1471,21,382,2210100,0,0,0
1472,21,382,2210200,374,190,184
1473,21,382,2210300,373,197,176
1474,21,382,2210400,902,463,439
1475,21,382,2210500,709,367,342
1476,21,382,2210600,2424,1244,1180
1477,21,382,2210700,773,401,372
1478,21,382,2210800,539,292,247
1479,21,382,2210900,0,0,0
1480,21,382,2211000,1263,676,587
1481,21,382,2211100,0,0,0
1482,21,382,2211200,192,92,100
1483,21,382,2211300,812,435,377
1484,21,382,2211400,0,0,0
1485,21,382,2211500,293,143,150
1486,21,382,2211600,266,130,136
1487,21,382,2211700,1528,780,748
1488,21,382,2211800,439,241,198
1489,21,382,2211900,1106,574,532
1490,21,382,2212000,677,332,345
1491,21,382,2212100,276,150,126
1492,21,382,2212200,803,409,394
1493,21,382,2212300,757,406,351
1494,21,382,2212400,120,62,58
1495,21,382,2212500,0,0,0
1496,21,382,2212600,1524,796,728
1497,21,382,2212700,193,98,95
1498,21,382,2212800,167,82,85
1499,21,382,2212900,384,195,189
1500,21,382,2213000,2872,1454,1418
1501,21,382,2213100,0,0,0
1502,21,382,2213200,0,0,0
1503,21,382,2213300,0,0,0
1504,21,382,2213400,0,0,0
1505,21,382,2213500,299,155,144
1506,21,382,2213600,0,0,0
1507,21,382,2213700,1862,995,867
1508,21,382,2213800,1043,535,508
1509,21,382,2213900,877,457,420
1510,21,382,2214000,659,341,318
1511,21,382,2214100,545,295,250
1512,21,382,2214200,889,465,424
1513,21,382,2214300,1550,789,761
1514,21,382,2214400,2,1,1
1515,21,382,2214500,0,0,0
1516,21,382,2214600,494,255,239
1517,21,382,2214700,933,471,462
1518,21,382,2214800,1186,596,590
1519,21,382,2214900,82,42,40
1520,21,382,2215000,328,183,145
1521,21,382,2215100,1073,570,503
1522,21,382,2215200,0,0,0
1523,21,382,2215300,4433,2285,2148
1524,21,382,2215400,1,1,0
1525,21,382,2215500,0,0,0
1526,21,382,2215600,264,143,121
1527,21,382,2215700,1533,795,738
1528,21,382,2215800,748,381,367
1529,21,382,2215900,1979,984,995
1530,21,382,2216000,1229,634,595
1531,21,382,2216100,292,136,156
1532,21,382,2216200,1169,577,592
1533,21,382,2216300,2979,1437,1542
1534,21,382,2216400,479,272,207
1535,21,382,2216500,0,0,0
1536,21,382,2216600,524,267,257
1537,21,382,2216700,3020,1544,1476
1538,21,382,2216800,293,163,130
1539,21,382,2216900,3717,1926,1791
1540,21,382,2217000,1562,803,759
1541,21,382,2217100,0,0,0
1542,21,382,2217200,277,130,147
1543,21,382,2217300,548,262,286
1544,21,382,2217400,0,0,0
1545,21,382,2217500,2102,1052,1050
1546,21,382,2217600,16,7,9
1547,21,382,2217700,706,366,340
1548,21,382,2217800,565,277,288
1549,21,382,2217900,427,211,216
1550,21,382,2218000,21,13,8
1551,21,382,2218100,460,245,215
1552,21,382,2218200,121,66,55
1553,21,382,2218300,0,0,0
1554,21,382,2218400,173,94,79
1555,21,382,2218500,2841,1412,1429
1556,21,382,2218600,386,208,178
1557,21,382,2218700,328,173,155
1558,21,382,2218800,2371,1215,1156
1559,21,382,2218900,172,92,80
1560,21,382,2219000,0,0,0
1561,21,382,2219100,1400,723,677
1562,21,382,2219200,392,194,198
1563,21,382,2219300,454,244,210
1564,21,382,2219400,425,217,208
1565,21,382,2219500,492,253,239
1566,21,382,2219600,427,218,209
1567,21,382,2219700,416,211,205
1568,21,382,2219800,680,340,340
1569,21,382,2219900,1119,587,532
1570,21,382,2220000,161,84,77
1571,21,382,2220100,0,0,0
1572,21,382,2220200,343,178,165
1573,21,382,2220300,0,0,0
1574,21,382,2220400,0,0,0
1575,21,382,2220500,808,410,398
1576,21,382,2220600,56,26,30
1577,21,382,2220700,17,11,6
1578,21,382,2220800,650,350,300
1579,21,382,2220900,0,0,0
1580,21,382,2221000,0,0,0
1581,21,382,2221100,528,267,261
1582,21,382,2221200,205,102,103
1583,21,382,2221300,0,0,0
1584,21,382,2221400,948,473,475
1585,21,382,2221500,231,116,115
1586,21,382,2221600,46,21,25
1587,21,382,2221700,10,3,7
1588,21,382,2221800,636,325,311
1589,21,382,2221900,257,137,120
1590,21,382,2222000,668,337,331
1591,21,382,2222100,206,96,110
1592,21,382,2222200,0,0,0
1593,21,382,2222300,780,398,382
1594,21,382,2222400,1137,570,567
1595,21,382,2222500,0,0,0
1596,21,382,2222600,174,87,87
1597,21,382,2222700,659,337,322
1598,21,382,2222800,223,111,112
1599,21,382,2222900,551,280,271
1600,21,382,2223000,1145,601,544
1601,21,382,2223100,411,209,202
1602,21,382,2223200,698,339,359
1603,21,382,2223300,200,98,102
1604,21,382,2223400,379,196,183
1605,21,382,2223500,209,102,107
1606,21,382,2223600,0,0,0
1607,21,382,2223700,814,436,378
1608,21,382,2223800,326,155,171
1609,21,382,2223900,1375,722,653
1610,21,382,2224000,187,89,98
1611,21,382,2224100,0,0,0
1612,21,382,2224200,790,397,393
1613,21,382,2224300,817,401,416
1614,21,382,2224400,0,0,0
1615,21,382,2224500,0,0,0
1616,21,382,2224600,0,0,0
1617,21,382,2224700,383,186,197
1618,21,382,2224800,401,206,195
1619,21,382,2224900,0,0,0
1620,21,382,2225000,209,119,90
1621,21,382,2225100,860,453,407
1622,21,382,2225200,689,356,333
1623,21,382,2225300,454,239,215
1624,21,382,2225400,457,239,218
1625,21,382,2225500,1118,551,567
1626,21,382,2225600,0,0,0
1627,21,382,2225700,403,220,183
1628,21,382,2225800,0,0,0
1629,21,382,2225900,2386,1191,1195
1630,21,382,2226000,66,34,32
1631,21,382,2226100,12,6,6
1632,21,382,2226200,607,328,279
1633,21,382,2226300,638,320,318
1634,21,382,2226400,1362,673,689
1635,21,382,2226500,480,244,236
1636,21,382,2226600,3001,1515,1486
1637,21,382,2226700,2476,1189,1287
1638,21,382,2226800,1246,602,644
1639,21,382,2226900,1545,790,755
1640,21,382,2227000,2118,1069,1049
1641,21,382,2227100,4038,1994,2044
1642,21,382,2227200,1586,803,783
1643,21,382,2227300,282,141,141
1644,21,382,2227400,314,151,163
1645,21,382,2227500,2750,1467,1283
1646,21,382,2227600,950,472,478
1647,21,382,2227700,0,0,0
1648,21,382,2227800,136,71,65
1649,21,382,2227900,728,380,348
1650,21,382,2228000,638,325,313
1651,21,382,2228100,0,0,0
1652,21,382,2228200,357,182,175
1653,21,382,2228300,0,0,0
1654,21,382,2228400,358,176,182
1655,21,382,2228500,1174,596,578
1656,21,382,2228600,626,319,307
1657,21,382,2228700,610,314,296
1658,21,382,2228800,175,76,99
1659,21,382,2228900,0,0,0
1660,21,382,2229000,0,0,0
1661,21,382,2229100,0,0,0
1662,21,382,2229200,556,281,275
1663,21,382,2229300,0,0,0
1664,21,382,2229400,0,0,0
1665,21,382,2229500,0,0,0
1666,21,382,2229600,980,506,474
1667,21,382,2229700,694,384,310
1668,21,382,2229800,185,102,83
1669,21,382,2229900,320,165,155
1670,21,382,2230000,0,0,0
1671,21,382,2230100,239,114,125
1672,21,382,2230200,420,223,197
1673,21,382,2230300,677,339,338
1674,21,382,2230400,323,158,165
1675,21,382,2230500,482,253,229
1676,21,382,2230600,0,0,0
1677,21,382,2230700,103,48,55
1678,21,382,2230800,790,412,378
1679,21,382,2230900,336,170,166
1680,21,382,2231000,2402,1230,1172
1681,21,382,2231100,710,348,362
1682,21,382,2231200,897,446,451
1683,21,382,2231300,184,87,97
1684,21,382,2231400,226,106,120
1685,21,382,2231500,161,79,82
1686,21,382,2231600,339,170,169
1687,21,382,2231700,570,285,285
1688,21,382,2231800,430,206,224
1689,21,382,2231900,0,0,0
1690,21,382,2232000,0,0,0
1691,21,382,2232100,1789,924,865
1692,21,382,2232200,109,49,60
1693,21,382,2232300,0,0,0
1694,21,382,2232400,1185,597,588
1695,21,382,2232500,0,0,0
1696,21,382,2232600,932,484,448
1697,21,382,2232700,399,224,175
1698,21,382,2232800,651,345,306
1699,21,382,2232900,22,20,2
1700,21,382,2233000,455,232,223
1701,21,382,2233100,751,371,380
1702,21,382,2233200,462,231,231
1703,21,382,2233300,301,151,150
1704,21,382,2233400,822,420,402
1705,21,382,2233500,554,268,286
1706,21,382,2233600,316,156,160
1707,21,382,2233700,122,65,57
1708,21,382,2233800,1592,804,788
1709,21,382,2233900,470,241,229
1710,21,382,2234000,0,0,0
1711,21,382,2234100,0,0,0
1712,21,382,2234200,0,0,0
1713,21,382,2234300,433,228,205
1714,21,382,2234400,0,0,0
1715,21,382,2234500,0,0,0
1716,21,382,2234600,466,236,230
1717,21,382,2234700,447,235,212
1718,21,382,2234800,971,458,513
1719,21,382,2234900,975,487,488
1720,21,382,2235000,0,0,0
1721,21,382,2235100,196,103,93
1722,21,382,2235200,2718,1365,1353
1723,21,382,2235300,2841,1446,1395
1724,21,382,2235400,3023,1551,1472
1725,21,382,2235500,9578,4785,4793
1726,21,382,2235600,823,440,383
1727,21,382,2235700,4064,2094,1970
1728,21,382,2235800,239,116,123
1729,21,382,2235900,1286,651,635
1730,21,382,2236000,2980,1415,1565
1731,21,382,2236100,3088,1551,1537
1732,21,382,2236200,1624,854,770
1733,21,382,2236300,1350,681,669
1734,21,382,2236400,1930,931,999
1735,21,382,2236500,1305,661,644
1736,21,382,2236600,268,137,131
1737,21,382,2236700,748,376,372
1738,21,382,2236800,1879,940,939
1739,21,382,2236900,1413,703,710
1740,21,382,2237000,0,0,0
1741,21,382,2237100,0,0,0
1742,21,382,2237200,0,0,0
1743,21,382,2237300,436,217,219
1744,21,382,2237400,538,276,262
1745,21,382,2237500,370,184,186
1746,21,382,2237600,907,419,488
1747,21,382,2237700,5163,2580,2583
1748,21,382,2237800,0,0,0
1749,21,382,2237900,418,215,203
1750,21,382,2238000,13,6,7
1751,21,382,2238100,581,292,289
1752,21,382,2238200,93,49,44
1753,21,382,2238300,0,0,0
1754,21,382,2238400,607,310,297
1755,21,382,2238500,640,325,315
1756,21,382,2238600,391,191,200
1757,21,382,2238700,674,331,343
1758,21,382,2238800,33,15,18
1759,21,382,2238900,4752,2444,2308
1760,21,382,2239000,0,0,0
1761,21,382,2239100,0,0,0
1762,21,382,2239200,167,87,80
1763,21,382,2239300,688,336,352
1764,21,382,2239400,0,0,0
1765,21,382,2239500,0,0,0
1766,21,382,2239600,0,0,0
1767,21,382,2239700,0,0,0
1768,21,382,2239800,146,86,60
1769,21,382,2239900,0,0,0
1770,21,382,2240000,0,0,0
1771,21,382,2240100,0,0,0
1772,21,382,2240200,0,0,0
1773,21,382,2240300,422,222,200
1774,21,382,2240400,0,0,0
1775,21,382,2240500,0,0,0
1776,21,382,2240600,0,0,0
1777,21,382,2240700,870,465,405
