,Statecode,Districtcode,VillageCode,Population,Males,Females
0,21,387,2877900,5969,3054,2915
1,21,387,2878000,925,473,452
2,21,387,2878100,2347,1179,1168
3,21,387,2878200,2124,1093,1031
4,21,387,2878300,0,0,0
5,21,387,2878400,165,80,85
6,21,387,2878500,0,0,0
7,21,387,2878600,197,104,93
8,21,387,2878700,140,71,69
9,21,387,2878800,750,383,367
10,21,387,2878900,529,260,269
11,21,387,2879000,1159,590,569
12,21,387,2879100,213,109,104
13,21,387,2879200,1635,845,790
14,21,387,2879300,237,116,121
15,21,387,2879400,74,36,38
16,21,387,2879500,1653,825,828
17,21,387,2879600,1066,541,525
18,21,387,2879700,1010,520,490
19,21,387,2879800,608,288,320
20,21,387,2879900,510,281,229
21,21,387,2880000,290,124,166
22,21,387,2880100,15,7,8
23,21,387,2880200,1352,691,661
24,21,387,2880300,2373,1232,1141
25,21,387,2880400,3141,1609,1532
26,21,387,2880500,0,0,0
27,21,387,2880600,578,293,285
28,21,387,2880700,1207,613,594
29,21,387,2880800,1066,534,532
30,21,387,2880900,900,461,439
31,21,387,2881000,41,20,21
32,21,387,2881100,1127,578,549
33,21,387,2881200,1751,867,884
34,21,387,2881300,1086,526,560
35,21,387,2881400,1193,581,612
36,21,387,2881500,1615,816,799
37,21,387,2881600,756,378,378
38,21,387,2881700,416,198,218
39,21,387,2881800,792,392,400
40,21,387,2881900,572,279,293
41,21,387,2882000,908,447,461
42,21,387,2882100,432,203,229
43,21,387,2882200,2048,1009,1039
44,21,387,2882300,1558,795,763
45,21,387,2882400,539,281,258
46,21,387,2882500,889,469,420
47,21,387,2882600,948,465,483
48,21,387,2882700,802,397,405
49,21,387,2882800,359,182,177
50,21,387,2882900,416,205,211
51,21,387,2883000,1306,668,638
52,21,387,2883100,793,412,381
53,21,387,2883200,140,72,68
54,21,387,2883300,156,80,76
55,21,387,2883400,0,0,0
56,21,387,2883500,491,240,251
57,21,387,2883600,4415,2251,2164
58,21,387,2883700,297,149,148
59,21,387,2883800,1159,576,583
60,21,387,2883900,1112,573,539
61,21,387,2884000,505,253,252
62,21,387,2884100,448,230,218
63,21,387,2884200,975,479,496
64,21,387,2884300,1983,957,1026
65,21,387,2884400,115,61,54
66,21,387,2884500,803,397,406
67,21,387,2884600,943,468,475
68,21,387,2884700,240,116,124
69,21,387,2884800,2409,1167,1242
70,21,387,2884900,616,308,308
71,21,387,2885000,869,418,451
72,21,387,2885100,1053,495,558
73,21,387,2885200,1379,703,676
74,21,387,2885300,402,193,209
75,21,387,2885400,255,115,140
76,21,387,2885500,510,262,248
77,21,387,2885600,583,288,295
78,21,387,2885700,2541,1263,1278
79,21,387,2885800,972,499,473
80,21,387,2885900,2025,1026,999
81,21,387,2886000,144,78,66
82,21,387,2886100,200,105,95
83,21,387,2886200,757,359,398
84,21,387,2886300,1757,856,901
85,21,387,2886400,1011,516,495
86,21,387,2886500,0,0,0
87,21,387,2886600,664,343,321
88,21,387,2886700,0,0,0
89,21,387,2886800,1323,674,649
90,21,387,2886900,319,165,154
91,21,387,2887000,166,81,85
92,21,387,2887100,55,27,28
93,21,387,2887200,134,58,76
94,21,387,2887300,244,119,125
95,21,387,2887400,1304,650,654
96,21,387,2887500,650,313,337
97,21,387,2887600,275,144,131
98,21,387,2887700,427,210,217
99,21,387,2887800,707,350,357
100,21,387,2887900,1415,730,685
101,21,387,2888000,1090,539,551
102,21,387,2888100,625,327,298
103,21,387,2888200,2383,1212,1171
104,21,387,2888300,1517,758,759
105,21,387,2888400,1943,955,988
106,21,387,2888500,159,82,77
107,21,387,2888600,361,179,182
108,21,387,2888700,260,134,126
109,21,387,2888800,1607,790,817
110,21,387,2888900,406,192,214
111,21,387,2889000,0,0,0
112,21,387,2889100,1011,501,510
113,21,387,2889200,709,365,344
114,21,387,2889300,2169,1066,1103
115,21,387,2889400,475,236,239
116,21,387,2889500,393,184,209
117,21,387,2889600,0,0,0
118,21,387,2889700,705,354,351
119,21,387,2889800,197,96,101
120,21,387,2889900,378,201,177
121,21,387,2890000,42,23,19
122,21,387,2890100,65,32,33
123,21,387,2890200,1050,547,503
124,21,387,2890300,183,92,91
125,21,387,2890400,187,93,94
126,21,387,2890500,774,397,377
127,21,387,2890600,399,191,208
128,21,387,2890700,348,178,170
129,21,387,2890800,700,369,331
130,21,387,2890900,328,165,163
131,21,387,2891000,583,301,282
132,21,387,2891100,903,456,447
133,21,387,2891200,783,388,395
134,21,387,2891300,1618,842,776
135,21,387,2891400,2137,1092,1045
136,21,387,2891500,490,260,230
137,21,387,2891600,349,177,172
138,21,387,2891700,1118,565,553
139,21,387,2891800,845,440,405
140,21,387,2891900,1839,911,928
141,21,387,2892000,368,184,184
142,21,387,2892100,806,418,388
143,21,387,2892200,262,130,132
144,21,387,2892300,10,4,6
145,21,387,2892400,0,0,0
146,21,387,2892500,833,430,403
147,21,387,2892600,876,468,408
148,21,387,2892700,696,357,339
149,21,387,2892800,575,313,262
150,21,387,2892900,1426,769,657
151,21,387,2893000,800,420,380
152,21,387,2893100,0,0,0
153,21,387,2893200,119,61,58
154,21,387,2893300,426,224,202
155,21,387,2893400,1033,548,485
156,21,387,2893500,332,180,152
157,21,387,2893600,543,274,269
158,21,387,2893700,1472,761,711
159,21,387,2893800,1993,1020,973
160,21,387,2893900,1093,541,552
161,21,387,2894000,1006,510,496
162,21,387,2894100,1225,610,615
163,21,387,2894200,1387,688,699
164,21,387,2894300,1349,672,677
165,21,387,2894400,614,301,313
166,21,387,2894500,789,392,397
167,21,387,2894600,325,178,147
168,21,387,2894700,364,177,187
169,21,387,2894800,214,117,97
170,21,387,2894900,183,91,92
171,21,387,2895000,769,397,372
172,21,387,2895100,553,276,277
173,21,387,2895200,325,157,168
174,21,387,2895300,154,83,71
175,21,387,2895400,0,0,0
176,21,387,2895500,2943,1518,1425
177,21,387,2895600,358,169,189
178,21,387,2895700,1049,505,544
179,21,387,2895800,31,15,16
180,21,387,2895900,288,153,135
181,21,387,2896000,773,386,387
182,21,387,2896100,52,23,29
183,21,387,2896200,126,70,56
184,21,387,2896300,220,115,105
185,21,387,2896400,706,332,374
186,21,387,2896500,566,293,273
187,21,387,2896600,482,250,232
188,21,387,2896700,851,425,426
189,21,387,2896800,182,101,81
190,21,387,2896900,495,244,251
191,21,387,2897000,0,0,0
192,21,387,2897100,0,0,0
193,21,387,2897200,872,446,426
194,21,387,2897300,1787,910,877
195,21,387,2897400,721,357,364
196,21,387,2897500,2437,1226,1211
197,21,387,2897600,1340,694,646
198,21,387,2897700,642,344,298
199,21,387,2897800,399,198,201
200,21,387,2897900,172,89,83
201,21,387,2898000,1235,638,597
202,21,387,2898100,1565,781,784
203,21,387,2898200,1483,752,731
204,21,387,2898300,430,222,208
205,21,387,2898400,2415,1253,1162
206,21,387,2898500,740,382,358
207,21,387,2898600,744,392,352
208,21,387,2898700,480,252,228
209,21,387,2898800,825,414,411
210,21,387,2898900,301,146,155
211,21,387,2899000,665,332,333
212,21,387,2899100,256,124,132
213,21,387,2899200,360,172,188
214,21,387,2899300,541,272,269
215,21,387,2899400,1415,688,727
216,21,387,2899500,0,0,0
217,21,387,2899600,279,133,146
218,21,387,2899700,276,148,128
219,21,387,2899800,206,107,99
220,21,387,2899900,817,425,392
221,21,387,2900000,105,55,50
222,21,387,2900100,602,308,294
223,21,387,2900200,757,403,354
224,21,387,2900300,4434,2309,2125
225,21,387,2900400,598,299,299
226,21,387,2900500,239,125,114
227,21,387,2900600,211,102,109
228,21,387,2900700,214,114,100
229,21,387,2900800,6889,3550,3339
230,21,387,2900900,609,325,284
231,21,387,2901000,946,473,473
232,21,387,2901100,23,12,11
233,21,387,2901200,368,186,182
234,21,387,2901300,400,195,205
235,21,387,2901400,0,0,0
236,21,387,2901500,423,203,220
237,21,387,2901600,733,379,354
238,21,387,2901700,1584,790,794
239,21,387,2901800,289,141,148
240,21,387,2901900,439,209,230
241,21,387,2902000,646,335,311
242,21,387,2902100,980,498,482
243,21,387,2902200,132,65,67
244,21,387,2902300,168,79,89
245,21,387,2902400,784,402,382
246,21,387,2902500,191,97,94
247,21,387,2902600,37,24,13
248,21,387,2902700,2731,1371,1360
249,21,387,2902800,340,183,157
250,21,387,2902900,613,297,316
251,21,387,2903000,2089,1070,1019
252,21,387,2903100,1978,1021,957
253,21,387,2903200,205,89,116
254,21,387,2903300,428,217,211
255,21,387,2903400,661,338,323
256,21,387,2903500,1753,877,876
257,21,387,2903600,119,63,56
258,21,387,2903700,0,0,0
259,21,387,2903800,281,141,140
260,21,387,2903900,981,526,455
261,21,387,2904000,145,79,66
262,21,387,2904100,76,32,44
263,21,387,2904200,123,56,67
264,21,387,2904300,291,151,140
265,21,387,2904400,1823,932,891
266,21,387,2904500,240,119,121
267,21,387,2904600,564,288,276
268,21,387,2904700,264,139,125
269,21,387,2904800,512,265,247
270,21,387,2904900,748,369,379
271,21,387,2905000,655,317,338
272,21,387,2905100,334,180,154
273,21,387,2905200,201,98,103
274,21,387,2905300,425,219,206
275,21,387,2905400,0,0,0
276,21,387,2905500,1134,598,536
277,21,387,2905600,120,56,64
278,21,387,2905700,612,331,281
279,21,387,2905800,748,404,344
280,21,387,2905900,583,302,281
281,21,387,2906000,135,67,68
282,21,387,2906100,0,0,0
283,21,387,2906200,64,30,34
284,21,387,2906300,642,326,316
285,21,387,2906400,1140,558,582
286,21,387,2906500,345,192,153
287,21,387,2906600,436,226,210
288,21,387,2906700,439,234,205
289,21,387,2906800,230,122,108
290,21,387,2906900,465,232,233
291,21,387,2907000,37,18,19
292,21,387,2907100,620,317,303
293,21,387,2907200,434,214,220
294,21,387,2907300,33,13,20
295,21,387,2907400,5279,2688,2591
296,21,387,2907500,84,41,43
297,21,387,2907600,2184,1128,1056
298,21,387,2907700,0,0,0
299,21,387,2907800,2385,1224,1161
300,21,387,2907900,188,89,99
301,21,387,2908000,1612,809,803
302,21,387,2908100,811,395,416
303,21,387,2908200,194,93,101
304,21,387,2908300,448,227,221
305,21,387,2908400,659,334,325
306,21,387,2908500,344,169,175
307,21,387,2908600,409,205,204
308,21,387,2908700,0,0,0
309,21,387,2908800,448,234,214
310,21,387,2908900,928,498,430
311,21,387,2909000,244,119,125
312,21,387,2909100,309,148,161
313,21,387,2909200,304,158,146
314,21,387,2909300,482,229,253
315,21,387,2909400,300,142,158
316,21,387,2909500,367,187,180
317,21,387,2909600,458,228,230
318,21,387,2909700,293,144,149
319,21,387,2909800,574,284,290
320,21,387,2909900,163,84,79
321,21,387,2910000,1832,920,912
322,21,387,2910100,358,189,169
323,21,387,2910200,94,47,47
324,21,387,2910300,1294,630,664
325,21,387,2910400,266,128,138
326,21,387,2910500,754,402,352
327,21,387,2910600,747,370,377
328,21,387,2910700,1799,914,885
329,21,387,2910800,349,180,169
330,21,387,2910900,1260,635,625
331,21,387,2911000,454,235,219
332,21,387,2911100,236,123,113
333,21,387,2911200,689,340,349
334,21,387,2911300,391,201,190
335,21,387,2911400,2710,1407,1303
336,21,387,2911500,403,197,206
337,21,387,2911600,619,308,311
338,21,387,2911700,1739,860,879
339,21,387,2911800,786,385,401
340,21,387,2911900,1043,529,514
341,21,387,2912000,1070,534,536
342,21,387,2912100,2258,1165,1093
343,21,387,2912200,921,463,458
344,21,387,2912300,873,439,434
345,21,387,2912400,375,195,180
346,21,387,2912500,897,445,452
347,21,387,2912600,341,193,148
348,21,387,2912700,1086,548,538
349,21,387,2912800,1142,595,547
350,21,387,2912900,610,300,310
351,21,387,2913000,1633,803,830
352,21,387,2913100,391,176,215
353,21,387,2913200,314,163,151
354,21,387,2913300,2619,1364,1255
355,21,387,2913400,315,146,169
356,21,387,2913500,564,273,291
357,21,387,2913600,1492,768,724
358,21,387,2913700,887,444,443
359,21,387,2913800,617,312,305
360,21,387,2913900,1302,669,633
361,21,387,2914000,373,194,179
362,21,387,2914100,2522,1304,1218
363,21,387,2914200,526,267,259
364,21,387,2914300,376,196,180
365,21,387,2914400,515,256,259
366,21,387,2914500,1709,886,823
367,21,387,2914600,694,352,342
368,21,387,2914700,3296,1743,1553
369,21,387,2914800,109,62,47
370,21,387,2914900,454,218,236
371,21,387,2915000,1302,660,642
372,21,387,2915100,1604,775,829
373,21,387,2915200,856,431,425
374,21,387,2915300,0,0,0
375,21,387,2915400,68,33,35
376,21,387,2915500,96,41,55
377,21,387,2915600,321,163,158
378,21,387,2915700,674,344,330
379,21,387,2915800,516,256,260
380,21,387,2915900,278,132,146
381,21,387,2916000,691,342,349
382,21,387,2916100,1158,579,579
383,21,387,2916200,394,194,200
384,21,387,2916300,786,408,378
385,21,387,2916400,2548,1338,1210
386,21,387,2916500,1452,754,698
387,21,387,2916600,1305,683,622
388,21,387,2916700,1003,515,488
389,21,387,2916800,4308,2225,2083
390,21,387,2916900,397,204,193
391,21,387,2917000,2811,1414,1397
392,21,387,2917100,869,427,442
393,21,387,2917200,2752,1346,1406
394,21,387,2917300,913,468,445
395,21,387,2917400,250,125,125
396,21,387,2917500,784,413,371
397,21,387,2917600,611,316,295
398,21,387,2917700,626,316,310
399,21,387,2917800,1094,552,542
400,21,387,2917900,662,334,328
401,21,387,2918000,1009,489,520
402,21,387,2918100,284,149,135
403,21,387,2918200,500,263,237
404,21,387,2918300,1003,521,482
405,21,387,2918400,964,483,481
406,21,387,2918500,699,345,354
407,21,387,2918600,156,75,81
408,21,387,2918700,82,41,41
409,21,387,2918800,734,352,382
410,21,387,2918900,172,85,87
411,21,387,2919000,2633,1346,1287
412,21,387,2919100,1472,761,711
413,21,387,2919200,1128,574,554
414,21,387,2919300,811,412,399
415,21,387,2919400,0,0,0
416,21,387,2919500,304,161,143
417,21,387,2919600,544,267,277
418,21,387,2919700,1066,553,513
419,21,387,2919800,851,427,424
420,21,387,2919900,1278,666,612
421,21,387,2920000,569,271,298
422,21,387,2920100,1640,830,810
423,21,387,2920200,2049,1067,982
424,21,387,2920300,1596,801,795
425,21,387,2920400,609,305,304
426,21,387,2920500,621,301,320
427,21,387,2920600,306,154,152
428,21,387,2920700,475,243,232
429,21,387,2920800,0,0,0
430,21,387,2920900,648,295,353
431,21,387,2921000,867,423,444
432,21,387,2921100,99,48,51
433,21,387,2921200,0,0,0
434,21,387,2921300,1097,534,563
435,21,387,2921400,506,256,250
436,21,387,2921500,500,250,250
437,21,387,2921600,5303,2727,2576
438,21,387,2921700,1469,704,765
439,21,387,2921800,55,30,25
440,21,387,2921900,243,126,117
441,21,387,2922000,699,358,341
442,21,387,2922100,988,510,478
443,21,387,2922200,213,110,103
444,21,387,2922300,1699,862,837
445,21,387,2922400,206,104,102
446,21,387,2922500,336,178,158
447,21,387,2922600,861,409,452
448,21,387,2922700,470,231,239
449,21,387,2922800,923,463,460
450,21,387,2922900,837,434,403
451,21,387,2923000,267,142,125
452,21,387,2923100,437,230,207
453,21,387,2923200,417,211,206
454,21,387,2923300,2247,1159,1088
455,21,387,2923400,1642,815,827
456,21,387,2923500,127,66,61
457,21,387,2923600,198,113,85
458,21,387,2923700,159,83,76
459,21,387,2923800,205,101,104
460,21,387,2923900,168,87,81
461,21,387,2924000,383,180,203
462,21,387,2924100,917,460,457
463,21,387,2924200,633,318,315
464,21,387,2924300,628,307,321
465,21,387,2924400,1138,574,564
466,21,387,2924500,227,100,127
467,21,387,2924600,1321,680,641
468,21,387,2924700,486,258,228
469,21,387,2924800,886,434,452
470,21,387,2924900,196,93,103
471,21,387,2925000,221,108,113
472,21,387,2925100,774,397,377
473,21,387,2925200,466,224,242
474,21,387,2925300,275,153,122
475,21,387,2925400,534,266,268
476,21,387,2925500,356,184,172
477,21,387,2925600,332,165,167
478,21,387,2925700,575,300,275
479,21,387,2925800,464,221,243
480,21,387,2925900,481,246,235
481,21,387,2926000,319,161,158
482,21,387,2926100,35,20,15
483,21,387,2926200,217,109,108
484,21,387,2926300,718,344,374
485,21,387,2926400,357,192,165
486,21,387,2926500,40,22,18
487,21,387,2926600,2892,1452,1440
488,21,387,2926700,271,118,153
489,21,387,2926800,1018,522,496
490,21,387,2926900,1376,706,670
491,21,387,2927000,1051,525,526
492,21,387,2927100,789,401,388
493,21,387,2927200,404,214,190
494,21,387,2927300,44,26,18
495,21,387,2927400,1389,690,699
496,21,387,2927500,141,74,67
497,21,387,2927600,1232,645,587
498,21,387,2927700,269,141,128
499,21,387,2927800,687,353,334
500,21,387,2927900,700,354,346
501,21,387,2928000,691,357,334
502,21,387,2928100,1733,830,903
503,21,387,2928200,1110,569,541
504,21,387,2928300,287,143,144
505,21,387,2928400,1055,536,519
506,21,387,2928500,354,193,161
507,21,387,2928600,478,235,243
508,21,387,2928700,78,40,38
509,21,387,2928800,1602,796,806
510,21,387,2928900,390,185,205
511,21,387,2929000,280,126,154
512,21,387,2929100,1425,740,685
513,21,387,2929200,1365,699,666
514,21,387,2929300,165,78,87
515,21,387,2929400,352,170,182
516,21,387,2929500,697,340,357
517,21,387,2929600,674,338,336
518,21,387,2929700,1316,657,659
519,21,387,2929800,2802,1384,1418
520,21,387,2929900,6101,3139,2962
521,21,387,2930000,149,80,69
522,21,387,2930100,338,180,158
523,21,387,2930200,1180,581,599
524,21,387,2930300,635,335,300
525,21,387,2930400,316,163,153
526,21,387,2930500,1865,929,936
527,21,387,2930600,383,203,180
528,21,387,2930700,146,76,70
529,21,387,2930800,630,322,308
530,21,387,2930900,187,89,98
531,21,387,2931000,232,123,109
532,21,387,2931100,468,232,236
533,21,387,2931200,27,16,11
534,21,387,2931300,62,35,27
535,21,387,2931400,1032,532,500
536,21,387,2931500,449,219,230
537,21,387,2931600,1309,671,638
538,21,387,2931700,344,166,178
539,21,387,2931800,1261,654,607
540,21,387,2931900,125,59,66
541,21,387,2932000,989,497,492
542,21,387,2932100,704,349,355
543,21,387,2932200,1475,713,762
544,21,387,2932300,573,273,300
545,21,387,2932400,569,288,281
546,21,387,2932500,647,349,298
547,21,387,2932600,404,204,200
548,21,387,2932700,1280,679,601
549,21,387,2932800,3,2,1
550,21,387,2932900,557,291,266
551,21,387,2933000,396,205,191
552,21,387,2933100,304,139,165
553,21,387,2933200,57,26,31
554,21,387,2933300,836,423,413
555,21,387,2933400,1877,917,960
556,21,387,2933500,292,143,149
557,21,387,2933600,1154,594,560
558,21,387,2933700,1847,936,911
559,21,387,2933800,388,195,193
560,21,387,2933900,783,400,383
561,21,387,2934000,247,130,117
562,21,387,2934100,495,245,250
563,21,387,2934200,661,324,337
564,21,387,2934300,93,45,48
565,21,387,2934400,202,101,101
566,21,387,2934500,1399,716,683
567,21,387,2934600,208,106,102
568,21,387,2934700,1014,496,518
569,21,387,2934800,379,195,184
570,21,387,2934900,1338,677,661
571,21,387,2935000,175,99,76
572,21,387,2935100,605,307,298
573,21,387,2935200,696,365,331
574,21,387,2935300,0,0,0
575,21,387,2935400,68,29,39
576,21,387,2935500,1306,674,632
577,21,387,2935600,741,384,357
578,21,387,2935700,170,88,82
579,21,387,2935800,586,287,299
580,21,387,2935900,0,0,0
581,21,387,2936000,655,330,325
582,21,387,2936100,427,200,227
583,21,387,2936200,971,478,493
584,21,387,2936300,472,243,229
585,21,387,2936400,635,326,309
586,21,387,2936500,291,143,148
587,21,387,2936600,3709,1867,1842
588,21,387,2936700,2812,1460,1352
589,21,387,2936800,462,239,223
590,21,387,2936900,379,194,185
591,21,387,2937000,91,54,37
592,21,387,2937100,643,322,321
593,21,387,2937200,709,376,333
594,21,387,2937300,473,239,234
595,21,387,2937400,0,0,0
596,21,387,2937500,341,178,163
597,21,387,2937600,421,219,202
598,21,387,2937700,98,47,51
599,21,387,2937800,1032,517,515
600,21,387,2937900,359,189,170
601,21,387,2938000,1306,627,679
602,21,387,2938100,260,137,123
603,21,387,2938200,397,200,197
604,21,387,2938300,654,349,305
605,21,387,2938400,1312,681,631
606,21,387,2938500,387,194,193
607,21,387,2938600,731,373,358
608,21,387,2938700,1153,587,566
609,21,387,2938800,3043,1557,1486
610,21,387,2938900,899,465,434
611,21,387,2939000,1410,695,715
612,21,387,2939100,1170,602,568
613,21,387,2939200,1302,647,655
614,21,387,2939300,1969,984,985
615,21,387,2939400,3499,1791,1708
616,21,387,2939500,281,149,132
617,21,387,2939600,1349,692,657
618,21,387,2939700,638,326,312
619,21,387,2939800,567,283,284
620,21,387,2939900,1085,565,520
621,21,387,2940000,669,326,343
622,21,387,2940100,707,369,338
623,21,387,2940200,245,122,123
624,21,387,2940300,869,430,439
625,21,387,2940400,518,269,249
626,21,387,2940500,281,145,136
627,21,387,2940600,998,483,515
628,21,387,2940700,799,387,412
629,21,387,2940800,222,110,112
630,21,387,2940900,876,419,457
631,21,387,2941000,686,356,330
632,21,387,2941100,0,0,0
633,21,387,2941200,1106,581,525
634,21,387,2941300,750,353,397
635,21,387,2941400,445,234,211
636,21,387,2941500,1333,726,607
637,21,387,2941600,624,296,328
638,21,387,2941700,5621,2916,2705
639,21,387,2941800,6244,3252,2992
640,21,387,2941900,835,408,427
641,21,387,2942000,2442,1279,1163
642,21,387,2942100,885,460,425
643,21,387,2942200,3603,1800,1803
644,21,387,2942300,725,356,369
645,21,387,2942400,542,282,260
646,21,387,2942500,332,169,163
647,21,387,2942600,1463,751,712
648,21,387,2942700,286,146,140
649,21,387,2942800,500,244,256
650,21,387,2942900,777,402,375
651,21,387,2943000,0,0,0
652,21,387,2943100,120,66,54
653,21,387,2943200,477,245,232
654,21,387,2943300,692,342,350
655,21,387,2943400,0,0,0
656,21,387,2943500,293,156,137
657,21,387,2943600,436,222,214
658,21,387,2943700,628,274,354
659,21,387,2943800,1593,793,800
660,21,387,2943900,601,301,300
661,21,387,2944000,541,263,278
662,21,387,2944100,71,32,39
663,21,387,2944200,793,408,385
664,21,387,2944300,99,47,52
665,21,387,2944400,0,0,0
666,21,387,2944500,149,76,73
667,21,387,2944600,101,50,51
668,21,387,2944700,1105,515,590
669,21,387,2944800,934,455,479
670,21,387,2944900,1246,656,590
671,21,387,2945000,489,263,226
672,21,387,2945100,70,23,47
673,21,387,2945200,722,360,362
674,21,387,2945300,393,214,179
675,21,387,2945400,4542,2328,2214
676,21,387,2945500,404,212,192
677,21,387,2945600,154,88,66
678,21,387,2945700,12,5,7
679,21,387,2945800,73,35,38
680,21,387,2945900,1388,704,684
681,21,387,2946000,894,461,433
682,21,387,2946100,1547,772,775
683,21,387,2946200,757,385,372
684,21,387,2946300,2514,1279,1235
685,21,387,2946400,532,267,265
686,21,387,2946500,238,126,112
687,21,387,2946600,223,113,110
688,21,387,2946700,331,174,157
689,21,387,2946800,299,144,155
690,21,387,2946900,351,182,169
691,21,387,2947000,471,230,241
692,21,387,2947100,1125,565,560
693,21,387,2947200,284,153,131
694,21,387,2947300,478,245,233
695,21,387,2947400,0,0,0
696,21,387,2947500,253,126,127
697,21,387,2947600,23,12,11
698,21,387,2947700,0,0,0
699,21,387,2947800,244,113,131
700,21,387,2947900,591,286,305
701,21,387,2948000,967,488,479
702,21,387,2948100,1832,938,894
703,21,387,2948200,1821,910,911
704,21,387,2948300,639,328,311
705,21,387,2948400,768,376,392
706,21,387,2948500,618,314,304
707,21,387,2948600,593,300,293
708,21,387,2948700,455,227,228
709,21,387,2948800,373,189,184
710,21,387,2948900,1426,703,723
711,21,387,2949000,1970,995,975
712,21,387,2949100,279,142,137
713,21,387,2949200,1328,656,672
714,21,387,2949300,1664,852,812
715,21,387,2949400,1081,573,508
716,21,387,2949500,298,149,149
717,21,387,2949600,439,228,211
718,21,387,2949700,1154,586,568
719,21,387,2949800,911,457,454
720,21,387,2949900,1420,738,682
721,21,387,2950000,134,62,72
722,21,387,2950100,254,128,126
723,21,387,2950200,483,241,242
724,21,387,2950300,422,220,202
725,21,387,2950400,1396,711,685
726,21,387,2950500,362,174,188
727,21,387,2950600,725,386,339
728,21,387,2950700,998,486,512
729,21,387,2950800,1012,530,482
730,21,387,2950900,29,15,14
731,21,387,2951000,0,0,0
732,21,387,2951100,612,304,308
733,21,387,2951200,479,245,234
734,21,387,2951300,487,245,242
735,21,387,2951400,491,238,253
736,21,387,2951500,107,52,55
737,21,387,2951600,361,197,164
738,21,387,2951700,672,340,332
739,21,387,2951800,0,0,0
740,21,387,2951900,110,49,61
741,21,387,2952000,379,183,196
742,21,387,2952100,628,330,298
743,21,387,2952200,446,218,228
744,21,387,2952300,1926,978,948
745,21,387,2952400,324,177,147
746,21,387,2952500,162,82,80
747,21,387,2952600,11,6,5
748,21,387,2952700,1683,838,845
749,21,387,2952800,0,0,0
750,21,387,2952900,52,26,26
751,21,387,2953000,0,0,0
752,21,387,2953100,5125,2622,2503
753,21,387,2953200,114,61,53
754,21,387,2953300,2724,1385,1339
755,21,387,2953400,2592,1304,1288
756,21,387,2953500,914,453,461
757,21,387,2953600,5681,2736,2945
758,21,387,2953700,1307,630,677
759,21,387,2953800,567,282,285
760,21,387,2953900,819,405,414
761,21,387,2954000,1363,670,693
762,21,387,2954100,326,159,167
763,21,387,2954200,1243,650,593
764,21,387,2954300,31,20,11
765,21,387,2954400,0,0,0
766,21,387,2954500,4535,2360,2175
767,21,387,2954600,0,0,0
768,21,387,2954700,0,0,0
769,21,387,2954800,2370,1216,1154
770,21,387,2954900,1198,609,589
771,21,387,2955000,0,0,0
772,21,387,2955100,1278,671,607
773,21,387,2955200,1305,650,655
774,21,387,2955300,464,240,224
775,21,387,2955400,2721,1319,1402
776,21,387,2955500,2144,1089,1055
777,21,387,2955600,967,464,503
778,21,387,2955700,0,0,0
779,21,387,2955800,8317,4134,4183
780,21,387,2955900,2921,1416,1505
781,21,387,2956000,639,318,321
782,21,387,2956100,1009,488,521
783,21,387,2956200,648,340,308
784,21,387,2956300,984,464,520
785,21,387,2956400,773,402,371
786,21,387,2956500,393,195,198
787,21,387,2956600,3098,1597,1501
788,21,387,2956700,914,449,465
789,21,387,2956800,1353,683,670
790,21,387,2956900,123,55,68
791,21,387,2957000,702,358,344
792,21,387,2957100,2402,1197,1205
793,21,387,2957200,281,137,144
794,21,387,2957300,2126,1075,1051
795,21,387,2957400,2745,1370,1375
796,21,387,2957500,1103,546,557
797,21,387,2957600,513,250,263
798,21,387,2957700,434,215,219
799,21,387,2957800,872,444,428
800,21,387,2957900,3938,2005,1933
801,21,387,2958000,38,21,17
802,21,387,2958100,1171,612,559
803,21,387,2958200,740,358,382
804,21,387,2958300,2409,1252,1157
805,21,387,2958400,65,33,32
806,21,387,2958500,2083,1037,1046
807,21,387,2958600,1210,612,598
808,21,387,2958700,802,387,415
809,21,387,2958800,0,0,0
810,21,387,2958900,1050,536,514
811,21,387,2959000,550,289,261
812,21,387,2959100,2510,1290,1220
813,21,387,2959200,552,280,272
814,21,387,2959300,749,406,343
815,21,387,2959400,579,269,310
816,21,387,2959500,945,473,472
817,21,387,2959600,757,403,354
818,21,387,2959700,602,302,300
819,21,387,2959800,0,0,0
820,21,387,2959900,0,0,0
821,21,387,2960000,1546,796,750
822,21,387,2960100,0,0,0
823,21,387,2960200,140,85,55
824,21,387,2960300,1186,610,576
825,21,387,2960400,2160,1081,1079
826,21,387,2960500,569,289,280
827,21,387,2960600,3276,1677,1599
828,21,387,2960700,422,220,202
829,21,387,2960800,1269,645,624
830,21,387,2960900,608,298,310
831,21,387,2961000,393,201,192
832,21,387,2961100,430,212,218
833,21,387,2961200,359,193,166
834,21,387,2961300,992,505,487
835,21,387,2961400,1191,587,604
836,21,387,2961500,1995,972,1023
837,21,387,2961600,2926,1514,1412
838,21,387,2961700,767,400,367
839,21,387,2961800,882,484,398
840,21,387,2961900,1671,867,804
841,21,387,2962000,881,471,410
842,21,387,2962100,1138,581,557
843,21,387,2962200,296,158,138
844,21,387,2962300,480,235,245
845,21,387,2962400,1136,586,550
846,21,387,2962500,2319,1205,1114
847,21,387,2962600,224,114,110
848,21,387,2962700,484,229,255
849,21,387,2962800,0,0,0
850,21,387,2962900,0,0,0
851,21,387,2963000,0,0,0
852,21,387,2963100,182,90,92
853,21,387,2963200,572,282,290
854,21,387,2963300,185,92,93
855,21,387,2963400,672,358,314
856,21,387,2963500,596,301,295
857,21,387,2963600,594,283,311
858,21,387,2963700,1027,514,513
859,21,387,2963800,798,399,399
860,21,387,2963900,1627,835,792
861,21,387,2964000,1729,890,839
862,21,387,2964100,479,250,229
863,21,387,2964200,880,456,424
864,21,387,2964300,1362,665,697
865,21,387,2964400,457,236,221
866,21,387,2964500,326,165,161
867,21,387,2964600,469,240,229
868,21,387,2964700,1522,798,724
869,21,387,2964800,1103,569,534
870,21,387,2964900,383,204,179
871,21,387,2965000,603,308,295
872,21,387,2965100,394,186,208
873,21,387,2965200,438,217,221
874,21,387,2965300,271,145,126
875,21,387,2965400,577,307,270
876,21,387,2965500,550,273,277
877,21,387,2965600,533,261,272
878,21,387,2965700,283,154,129
879,21,387,2965800,688,354,334
880,21,387,2965900,455,237,218
881,21,387,2966000,1088,560,528
882,21,387,2966100,227,117,110
883,21,387,2966200,1139,581,558
884,21,387,2966300,1028,515,513
885,21,387,2966400,3990,2068,1922
886,21,387,2966500,1179,601,578
887,21,387,2966600,1513,780,733
888,21,387,2966700,420,219,201
889,21,387,2966800,1847,958,889
890,21,387,2966900,544,274,270
891,21,387,2967000,663,354,309
892,21,387,2967100,206,102,104
893,21,387,2967200,850,404,446
894,21,387,2967300,911,432,479
895,21,387,2967400,1673,832,841
896,21,387,2967500,949,496,453
897,21,387,2967600,584,298,286
898,21,387,2967700,671,340,331
899,21,387,2967800,266,126,140
900,21,387,2967900,488,244,244
901,21,387,2968000,740,384,356
902,21,387,2968100,1883,972,911
903,21,387,2968200,1933,982,951
904,21,387,2968300,937,472,465
905,21,387,2968400,100,52,48
906,21,387,2968500,472,253,219
907,21,387,2968600,1461,761,700
908,21,387,2968700,720,384,336
909,21,387,2968800,810,408,402
910,21,387,2968900,531,279,252
911,21,387,2969000,33,16,17
912,21,387,2969100,414,219,195
913,21,387,2969200,844,442,402
914,21,387,2969300,586,275,311
915,21,387,2969400,352,189,163
916,21,387,2969500,221,117,104
917,21,387,2969600,0,0,0
918,21,387,2969700,208,111,97
919,21,387,2969800,370,193,177
920,21,387,2969900,1445,767,678
921,21,387,2970000,478,243,235
922,21,387,2970100,227,116,111
923,21,387,2970200,1050,525,525
924,21,387,2970300,341,180,161
925,21,387,2970400,168,78,90
926,21,387,2970500,0,0,0
927,21,387,2970600,0,0,0
928,21,387,2970700,0,0,0
929,21,387,2970800,57,31,26
930,21,387,2970900,0,0,0
931,21,387,2971000,273,145,128
932,21,387,2971100,76,37,39
933,21,387,2971200,1208,612,596
934,21,387,2971300,267,140,127
935,21,387,2971400,0,0,0
936,21,387,2971500,391,203,188
937,21,387,2971600,1085,516,569
938,21,387,2971700,316,152,164
939,21,387,2971800,0,0,0
940,21,387,2971900,491,246,245
941,21,387,2972000,787,402,385
942,21,387,2972100,0,0,0
943,21,387,2972200,1149,596,553
944,21,387,2972300,980,513,467
945,21,387,2972400,550,279,271
946,21,387,2972500,122,59,63
947,21,387,2972600,108,54,54
948,21,387,2972700,670,345,325
949,21,387,2972800,396,187,209
950,21,387,2972900,292,141,151
951,21,387,2973000,566,297,269
952,21,387,2973100,236,116,120
953,21,387,2973200,0,0,0
954,21,387,2973300,0,0,0
955,21,387,2973400,0,0,0
956,21,387,2973500,1713,869,844
957,21,387,2973600,683,339,344
958,21,387,2973700,357,188,169
959,21,387,2973800,802,403,399
960,21,387,2973900,660,331,329
961,21,387,2974000,730,375,355
962,21,387,2974100,387,188,199
963,21,387,2974200,238,119,119
964,21,387,2974300,654,334,320
965,21,387,2974400,427,220,207
966,21,387,2974500,1524,763,761
967,21,387,2974600,663,331,332
968,21,387,2974700,1241,617,624
969,21,387,2974800,278,144,134
970,21,387,2974900,558,280,278
971,21,387,2975000,448,231,217
972,21,387,2975100,463,240,223
973,21,387,2975200,366,187,179
974,21,387,2975300,2843,1414,1429
975,21,387,2975400,3366,1623,1743
976,21,387,2975500,1865,911,954
977,21,387,2975600,1523,789,734
978,21,387,2975700,0,0,0
979,21,387,2975800,378,196,182
980,21,387,2975900,681,350,331
981,21,387,2976000,721,354,367
982,21,387,2976100,724,384,340
983,21,387,2976200,118,61,57
984,21,387,2976300,911,453,458
985,21,387,2976400,668,348,320
986,21,387,2976500,603,301,302
987,21,387,2976600,313,153,160
988,21,387,2976700,1824,932,892
989,21,387,2976800,176,96,80
990,21,387,2976900,236,117,119
991,21,387,2977000,373,179,194
992,21,387,2977100,1238,626,612
993,21,387,2977200,417,201,216
994,21,387,2977300,766,396,370
995,21,387,2977400,83,39,44
996,21,387,2977500,4,3,1
997,21,387,2977600,427,221,206
998,21,387,2977700,282,143,139
999,21,387,2977800,848,428,420
1000,21,387,2977900,296,144,152
1001,21,387,2978000,2007,1018,989
1002,21,387,2978100,1119,562,557
1003,21,387,2978200,425,208,217
1004,21,387,2978300,143,72,71
1005,21,387,2978400,205,93,112
1006,21,387,2978500,196,105,91
1007,21,387,2978600,466,236,230
1008,21,387,2978700,2077,1058,1019
1009,21,387,2978800,9565,4832,4733
1010,21,387,2978900,2423,1170,1253
1011,21,387,2979000,634,325,309
1012,21,387,2979100,906,440,466
1013,21,387,2979200,622,305,317
1014,21,387,2979300,1087,514,573
1015,21,387,2979400,1019,514,505
1016,21,387,2979500,165,82,83
1017,21,387,2979600,1294,642,652
1018,21,387,2979700,1078,534,544
1019,21,387,2979800,1405,681,724
1020,21,387,2979900,0,0,0
1021,21,387,2980000,3409,1707,1702
1022,21,387,2980100,930,484,446
1023,21,387,2980200,551,275,276
1024,21,387,2980300,0,0,0
1025,21,387,2980400,365,183,182
1026,21,387,2980500,498,256,242
1027,21,387,2980600,763,396,367
1028,21,387,2980700,656,345,311
1029,21,387,2980800,637,310,327
1030,21,387,2980900,146,72,74
1031,21,387,2981000,551,282,269
1032,21,387,2981100,395,197,198
1033,21,387,2981200,1183,613,570
1034,21,387,2981300,792,405,387
1035,21,387,2981400,2239,1130,1109
1036,21,387,2981500,3965,1985,1980
1037,21,387,2981600,179,85,94
1038,21,387,2981700,1096,550,546
1039,21,387,2981800,300,145,155
1040,21,387,2981900,1160,549,611
1041,21,387,2982000,475,231,244
1042,21,387,2982100,642,309,333
1043,21,387,2982200,694,365,329
1044,21,387,2982300,2362,1160,1202
1045,21,387,2982400,599,286,313
1046,21,387,2982500,699,361,338
1047,21,387,2982600,804,380,424
1048,21,387,2982700,122,62,60
1049,21,387,2982800,128,68,60
1050,21,387,2982900,1657,817,840
1051,21,387,2983000,2748,1404,1344
1052,21,387,2983100,2238,1156,1082
1053,21,387,2983200,464,224,240
1054,21,387,2983300,1470,717,753
1055,21,387,2983400,250,118,132
1056,21,387,2983500,862,423,439
1057,21,387,2983600,1378,671,707
1058,21,387,2983700,809,405,404
1059,21,387,2983800,416,204,212
1060,21,387,2983900,1625,812,813
1061,21,387,2984000,801,410,391
1062,21,387,2984100,542,253,289
1063,21,387,2984200,200,94,106
1064,21,387,2984300,0,0,0
1065,21,387,2984400,0,0,0
1066,21,387,2984500,10,4,6
1067,21,387,2984600,404,214,190
1068,21,387,2984700,1518,737,781
1069,21,387,2984800,2081,1009,1072
1070,21,387,2984900,1155,568,587
1071,21,387,2985000,702,349,353
1072,21,387,2985100,517,256,261
1073,21,387,2985200,365,178,187
1074,21,387,2985300,766,379,387
1075,21,387,2985400,214,110,104
1076,21,387,2985500,730,377,353
1077,21,387,2985600,619,299,320
1078,21,387,2985700,2789,1382,1407
1079,21,387,2985800,855,417,438
1080,21,387,2985900,507,257,250
1081,21,387,2986000,5,3,2
1082,21,387,2986100,124,61,63
1083,21,387,2986200,1804,912,892
1084,21,387,2986300,1727,884,843
1085,21,387,2986400,321,158,163
1086,21,387,2986500,1011,513,498
1087,21,387,2986600,463,234,229
1088,21,387,2986700,276,140,136
1089,21,387,2986800,755,386,369
1090,21,387,2986900,255,139,116
1091,21,387,2987000,636,321,315
1092,21,387,2987100,791,410,381
1093,21,387,2987200,82,39,43
1094,21,387,2987300,256,132,124
1095,21,387,2987400,535,262,273
1096,21,387,2987500,735,371,364
1097,21,387,2987600,1329,674,655
1098,21,387,2987700,550,273,277
1099,21,387,2987800,1634,858,776
1100,21,387,2987900,656,326,330
1101,21,387,2988000,957,462,495
1102,21,387,2988100,841,421,420
1103,21,387,2988200,57,30,27
1104,21,387,2988300,4307,2136,2171
1105,21,387,2988400,754,409,345
1106,21,387,2988500,1266,652,614
1107,21,387,2988600,89,40,49
1108,21,387,2988700,132,64,68
1109,21,387,2988800,240,118,122
1110,21,387,2988900,611,314,297
1111,21,387,2989000,1081,535,546
1112,21,387,2989100,1530,785,745
1113,21,387,2989200,3741,1886,1855
1114,21,387,2989300,1962,1008,954
1115,21,387,2989400,417,220,197
1116,21,387,2989500,770,400,370
1117,21,387,2989600,1866,956,910
1118,21,387,2989700,480,248,232
1119,21,387,2989800,582,282,300
1120,21,387,2989900,3027,1523,1504
1121,21,387,2990000,925,453,472
1122,21,387,2990100,1797,924,873
1123,21,387,2990200,973,489,484
1124,21,387,2990300,1326,662,664
1125,21,387,2990400,0,0,0
1126,21,387,2990500,1630,807,823
1127,21,387,2990600,1128,557,571
1128,21,387,2990700,1286,651,635
1129,21,387,2990800,612,314,298
1130,21,387,2990900,1001,504,497
1131,21,387,2991000,665,342,323
1132,21,387,2991100,1414,713,701
1133,21,387,2991200,1263,620,643
1134,21,387,2991300,0,0,0
1135,21,387,2991400,1618,815,803
1136,21,387,2991500,584,305,279
1137,21,387,2991600,0,0,0
1138,21,387,2991700,1501,743,758
1139,21,387,2991800,1095,541,554
1140,21,387,2991900,1055,558,497
1141,21,387,2992000,1716,858,858
1142,21,387,2992100,3246,1661,1585
1143,21,387,2992200,3616,1884,1732
1144,21,387,2992300,2654,1398,1256
1145,21,387,2992400,1798,915,883
1146,21,387,2992500,6997,3503,3494
1147,21,387,2992600,1168,607,561
1148,21,387,2992700,713,360,353
1149,21,387,2992800,1590,770,820
1150,21,387,2992900,815,397,418
1151,21,387,2993000,5109,2525,2584
1152,21,387,2993100,273,143,130
1153,21,387,2993200,782,377,405
1154,21,387,2993300,760,385,375
1155,21,387,2993400,322,158,164
1156,21,387,2993500,367,167,200
1157,21,387,2993600,1631,798,833
1158,21,387,2993700,1293,624,669
1159,21,387,2993800,776,390,386
1160,21,387,2993900,976,484,492
1161,21,387,2994000,312,151,161
1162,21,387,2994100,397,202,195
1163,21,387,2994200,271,142,129
1164,21,387,2994300,469,238,231
1165,21,387,2994400,0,0,0
1166,21,387,2994500,4136,2071,2065
1167,21,387,2994600,1778,886,892
1168,21,387,2994700,650,313,337
1169,21,387,2994800,732,347,385
1170,21,387,2994900,644,309,335
1171,21,387,2995000,1344,669,675
1172,21,387,2995100,263,134,129
1173,21,387,2995200,690,341,349
1174,21,387,2995300,2327,1181,1146
1175,21,387,2995400,2276,1184,1092
1176,21,387,2995500,810,395,415
1177,21,387,2995600,2636,1323,1313
1178,21,387,2995700,1458,737,721
1179,21,387,2995800,384,193,191
1180,21,387,2995900,1518,770,748
1181,21,387,2996000,0,0,0
1182,21,387,2996100,1089,549,540
1183,21,387,2996200,0,0,0
1184,21,387,2996300,1104,556,548
1185,21,387,2996400,678,341,337
1186,21,387,2996500,352,172,180
1187,21,387,2996600,305,151,154
1188,21,387,2996700,878,456,422
1189,21,387,2996800,730,359,371
1190,21,387,2996900,1020,523,497
1191,21,387,2997000,425,214,211
1192,21,387,2997100,817,417,400
1193,21,387,2997200,364,183,181
1194,21,387,2997300,1589,812,777
1195,21,387,2997400,0,0,0
1196,21,387,2997500,546,284,262
1197,21,387,2997600,619,316,303
1198,21,387,2997700,3601,1847,1754
1199,21,387,2997800,316,159,157
1200,21,387,2997900,674,339,335
1201,21,387,2998000,2671,1344,1327
1202,21,387,2998100,586,310,276
1203,21,387,2998200,995,514,481
1204,21,387,2998300,403,219,184
1205,21,387,2998400,938,475,463
1206,21,387,2998500,1785,904,881
1207,21,387,2998600,78,42,36
1208,21,387,2998700,1093,559,534
1209,21,387,2998800,808,399,409
1210,21,387,2998900,20,11,9
1211,21,387,2999000,1050,525,525
1212,21,387,2999100,740,359,381
1213,21,387,2999200,1411,709,702
1214,21,387,2999300,0,0,0
1215,21,387,2999400,357,185,172
1216,21,387,2999500,666,351,315
1217,21,387,2999600,0,0,0
1218,21,387,2999700,501,273,228
1219,21,387,2999800,802,394,408
1220,21,387,2999900,544,276,268
1221,21,387,3000000,1779,897,882
1222,21,387,3000100,687,354,333
1223,21,387,3000200,444,215,229
1224,21,387,3000300,300,157,143
1225,21,387,3000400,885,440,445
1226,21,387,3000500,837,430,407
1227,21,387,3000600,3450,1775,1675
1228,21,387,3000700,3845,1969,1876
1229,21,387,3000800,4842,2441,2401
1230,21,387,3000900,2078,1069,1009
1231,21,387,3001000,891,462,429
1232,21,387,3001100,678,374,304
1233,21,387,3001200,444,210,234
1234,21,387,3001300,243,116,127
1235,21,387,3001400,410,206,204
1236,21,387,3001500,2,2,0
1237,21,387,3001600,3277,1651,1626
1238,21,387,3001700,273,132,141
1239,21,387,3001800,174,90,84
1240,21,387,3001900,2075,1007,1068
1241,21,387,3002000,169,85,84
1242,21,387,3002100,562,291,271
1243,21,387,3002200,1969,986,983
1244,21,387,3002300,0,0,0
1245,21,387,3002400,330,178,152
1246,21,387,3002500,220,117,103
1247,21,387,3002600,754,384,370
1248,21,387,3002700,878,429,449
1249,21,387,3002800,1129,569,560
1250,21,387,3002900,119,65,54
1251,21,387,3003000,847,436,411
1252,21,387,3003100,512,258,254
1253,21,387,3003200,2206,1106,1100
1254,21,387,3003300,3286,1623,1663
1255,21,387,3003400,1314,661,653
1256,21,387,3003500,1361,714,647
1257,21,387,3003600,614,313,301
1258,21,387,3003700,1407,700,707
1259,21,387,3003800,6,3,3
1260,21,387,3003900,2259,1167,1092
1261,21,387,3004000,1156,608,548
1262,21,387,3004100,583,317,266
1263,21,387,3004200,1243,637,606
1264,21,387,3004300,3815,1952,1863
1265,21,387,3004400,2786,1409,1377
1266,21,387,3004500,302,154,148
1267,21,387,3004600,449,243,206
1268,21,387,3004700,1290,645,645
1269,21,387,3004800,1965,966,999
1270,21,387,3004900,894,460,434
1271,21,387,3005000,847,414,433
1272,21,387,3005100,140,67,73
1273,21,387,3005200,0,0,0
1274,21,387,3005300,1113,532,581
1275,21,387,3005400,2077,1021,1056
1276,21,387,3005500,387,192,195
1277,21,387,3005600,1219,594,625
1278,21,387,3005700,338,178,160
1279,21,387,3005800,342,174,168
1280,21,387,3005900,28,15,13
1281,21,387,3006000,842,403,439
1282,21,387,3006100,807,412,395
1283,21,387,3006200,24,13,11
1284,21,387,3006300,676,332,344
1285,21,387,3006400,565,274,291
1286,21,387,3006500,578,282,296
1287,21,387,3006600,1749,864,885
1288,21,387,3006700,474,237,237
1289,21,387,3006800,50,27,23
1290,21,387,3006900,257,124,133
1291,21,387,3007000,0,0,0
1292,21,387,3007100,1981,976,1005
1293,21,387,3007200,660,340,320
1294,21,387,3007300,1008,498,510
1295,21,387,3007400,9259,4677,4582
1296,21,387,3007500,1146,570,576
1297,21,387,3007600,471,248,223
1298,21,387,3007700,626,308,318
1299,21,387,3007800,920,483,437
1300,21,387,3007900,0,0,0
1301,21,387,3008000,0,0,0
1302,21,387,3008100,350,185,165
1303,21,387,3008200,0,0,0
1304,21,387,3008300,0,0,0
1305,21,387,3008400,2658,1352,1306
1306,21,387,3008500,18,13,5
1307,21,387,3008600,0,0,0
1308,21,387,3008700,40,19,21
1309,21,387,3008800,0,0,0
1310,21,387,3008900,1667,852,815
1311,21,387,3009000,1718,886,832
1312,21,387,3009100,219,111,108
1313,21,387,3009200,6,4,2
1314,21,387,3009300,5018,2514,2504
1315,21,387,3009400,1295,655,640
1316,21,387,3009500,2649,1373,1276
1317,21,387,3009600,950,480,470
1318,21,387,3009700,573,283,290
1319,21,387,3009800,2537,1260,1277
1320,21,387,3009900,0,0,0
1321,21,387,3010000,811,402,409
1322,21,387,3010100,159,78,81
1323,21,387,3010200,0,0,0
1324,21,387,3010300,1475,751,724
1325,21,387,3010400,507,256,251
1326,21,387,3010500,1028,521,507
1327,21,387,3010600,1416,708,708
1328,21,387,3010700,1055,534,521
1329,21,387,3010800,798,408,390
1330,21,387,3010900,976,492,484
1331,21,387,3011000,418,218,200
1332,21,387,3011100,1112,566,546
1333,21,387,3011200,784,386,398
1334,21,387,3011300,2321,1191,1130
1335,21,387,3011400,1805,908,897
1336,21,387,3011500,1427,712,715
1337,21,387,3011600,874,437,437
1338,21,387,3011700,497,238,259
1339,21,387,3011800,1006,541,465
1340,21,387,3011900,846,445,401
1341,21,387,3012000,924,483,441
1342,21,387,3012100,408,196,212
1343,21,387,3012200,283,134,149
1344,21,387,3012300,1110,583,527
1345,21,387,3012400,542,274,268
1346,21,387,3012500,400,213,187
1347,21,387,3012600,1203,587,616
1348,21,387,3012700,396,193,203
1349,21,387,3012800,160,83,77
1350,21,387,3012900,1476,713,763
1351,21,387,3013000,2855,1399,1456
1352,21,387,3013100,457,224,233
1353,21,387,3013200,807,416,391
1354,21,387,3013300,305,154,151
1355,21,387,3013400,717,356,361
1356,21,387,3013500,6,4,2
1357,21,387,3013600,6,1,5
1358,21,387,3013700,358,187,171
1359,21,387,3013800,1280,661,619
1360,21,387,3013900,119,59,60
1361,21,387,3014000,83,44,39
1362,21,387,3014100,440,224,216
1363,21,387,3014200,776,385,391
1364,21,387,3014300,772,391,381
1365,21,387,3014400,0,0,0
1366,21,387,3014500,5539,2838,2701
1367,21,387,3014600,1792,945,847
1368,21,387,3014700,323,168,155
1369,21,387,3014800,807,386,421
1370,21,387,3014900,789,412,377
1371,21,387,3015000,0,0,0
1372,21,387,3015100,0,0,0
1373,21,387,3015200,509,264,245
1374,21,387,3015300,186,100,86
1375,21,387,3015400,774,391,383
1376,21,387,3015500,4118,2102,2016
1377,21,387,3015600,107,61,46
1378,21,387,3015700,1175,560,615
1379,21,387,3015800,457,219,238
1380,21,387,3015900,449,228,221
1381,21,387,3016000,2941,1380,1561
1382,21,387,3016100,740,367,373
1383,21,387,3016200,1789,921,868
1384,21,387,3016300,934,456,478
1385,21,387,3016400,863,426,437
1386,21,387,3016500,439,205,234
1387,21,387,3016600,1753,869,884
1388,21,387,3016700,0,0,0
1389,21,387,3016800,66,35,31
1390,21,387,3016900,1644,854,790
1391,21,387,3017000,666,317,349
1392,21,387,3017100,707,354,353
1393,21,387,3017200,457,232,225
1394,21,387,3017300,1191,625,566
1395,21,387,3017400,133,72,61
1396,21,387,3017500,621,307,314
1397,21,387,3017600,469,229,240
1398,21,387,3017700,298,153,145
1399,21,387,3017800,374,195,179
1400,21,387,3017900,257,122,135
1401,21,387,3018000,1358,663,695
1402,21,387,3018100,1293,642,651
1403,21,387,3018200,4671,2308,2363
1404,21,387,3018300,438,212,226
1405,21,387,3018400,116,58,58
1406,21,387,3018500,266,110,156
1407,21,387,3018600,674,331,343
1408,21,387,3018700,2015,1042,973
1409,21,387,3018800,3258,1658,1600
1410,21,387,3018900,1014,530,484
1411,21,387,3019000,777,385,392
1412,21,387,3019100,3226,1623,1603
1413,21,387,3019200,388,194,194
1414,21,387,3019300,3442,1770,1672
1415,21,387,3019400,0,0,0
1416,21,387,3019500,0,0,0
1417,21,387,3019600,492,252,240
1418,21,387,3019700,748,397,351
1419,21,387,3019800,261,127,134
1420,21,387,3019900,853,410,443
1421,21,387,3020000,1099,570,529
1422,21,387,3020100,1483,750,733
1423,21,387,3020200,1158,590,568
1424,21,387,3020300,1068,557,511
1425,21,387,3020400,356,185,171
1426,21,387,3020500,304,162,142
1427,21,387,3020600,557,278,279
1428,21,387,3020700,0,0,0
1429,21,387,3020800,0,0,0
1430,21,387,3020900,1150,555,595
1431,21,387,3021000,1012,510,502
1432,21,387,3021100,2038,1045,993
1433,21,387,3021200,446,230,216
1434,21,387,3021300,560,276,284
1435,21,387,3021400,569,276,293
1436,21,387,3021500,928,422,506
1437,21,387,3021600,1009,505,504
1438,21,387,3021700,213,99,114
1439,21,387,3021800,1063,531,532
1440,21,387,3021900,1284,661,623
1441,21,387,3022000,1859,936,923
1442,21,387,3022100,1718,859,859
1443,21,387,3022200,74,35,39
1444,21,387,3022300,601,296,305
1445,21,387,3022400,1765,837,928
1446,21,387,3022500,740,395,345
1447,21,387,3022600,612,301,311
1448,21,387,3022700,417,208,209
1449,21,387,3022800,1549,816,733
1450,21,387,3022900,1734,868,866
1451,21,387,3023000,578,275,303
1452,21,387,3023100,1080,542,538
1453,21,387,3023200,524,267,257
1454,21,387,3023300,1582,792,790
1455,21,387,3023400,2916,1471,1445
1456,21,387,3023500,1311,673,638
1457,21,387,3023600,2349,1217,1132
1458,21,387,3023700,1773,905,868
1459,21,387,3023800,1164,570,594
1460,21,387,3023900,1148,576,572
1461,21,387,3024000,1116,542,574
1462,21,387,3024100,0,0,0
1463,21,387,3024200,0,0,0
1464,21,387,3024300,1623,796,827
1465,21,387,3024400,3846,1895,1951
1466,21,387,3024500,688,357,331
1467,21,387,3024600,0,0,0
1468,21,387,3024700,1400,663,737
1469,21,387,3024800,811,397,414
1470,21,387,3024900,1047,541,506
1471,21,387,3025000,642,325,317
1472,21,387,3025100,839,427,412
1473,21,387,3025200,197,113,84
1474,21,387,3025300,517,256,261
1475,21,387,3025400,458,241,217
1476,21,387,3025500,42,22,20
1477,21,387,3025600,0,0,0
1478,21,387,3025700,683,359,324
1479,21,387,3025800,566,302,264
1480,21,387,3025900,775,396,379
1481,21,387,3026000,971,487,484
1482,21,387,3026100,492,241,251
1483,21,387,3026200,1336,657,679
1484,21,387,3026300,0,0,0
1485,21,387,3026400,1812,954,858
1486,21,387,3026500,620,310,310
1487,21,387,3026600,0,0,0
1488,21,387,3026700,344,170,174
1489,21,387,3026800,304,135,169
1490,21,387,3026900,422,217,205
1491,21,387,3027000,0,0,0
1492,21,387,3027100,508,271,237
1493,21,387,3027200,91,45,46
1494,21,387,3027300,581,276,305
1495,21,387,3027400,392,197,195
1496,21,387,3027500,825,420,405
1497,21,387,3027600,61,32,29
1498,21,387,3027700,1952,974,978
1499,21,387,3027800,463,244,219
1500,21,387,3027900,1774,900,874
1501,21,387,3028000,1059,549,510
1502,21,387,3028100,460,244,216
1503,21,387,3028200,513,265,248
1504,21,387,3028300,377,186,191
1505,21,387,3028400,267,137,130
1506,21,387,3028500,873,447,426
1507,21,387,3028600,452,226,226
1508,21,387,3028700,564,289,275
1509,21,387,3028800,253,122,131
1510,21,387,3028900,205,110,95
1511,21,387,3029000,0,0,0
1512,21,387,3029100,557,271,286
1513,21,387,3029200,279,140,139
1514,21,387,3029300,94,48,46
1515,21,387,3029400,446,232,214
1516,21,387,3029500,160,88,72
1517,21,387,3029600,2051,1038,1013
1518,21,387,3029700,0,0,0
1519,21,387,3029800,379,185,194
1520,21,387,3029900,0,0,0
1521,21,387,3030000,0,0,0
1522,21,387,3030100,497,267,230
1523,21,387,3030200,71,33,38
1524,21,387,3030300,707,352,355
1525,21,387,3030400,379,189,190
1526,21,387,3030500,692,360,332
1527,21,387,3030600,0,0,0
1528,21,387,3030700,289,142,147
1529,21,387,3030800,568,283,285
1530,21,387,3030900,2300,1154,1146
1531,21,387,3031000,3061,1619,1442
1532,21,387,3031100,383,192,191
1533,21,387,3031200,930,461,469
1534,21,387,3031300,644,313,331
1535,21,387,3031400,3339,1714,1625
1536,21,387,3031500,517,258,259
1537,21,387,3031600,692,347,345
1538,21,387,3031700,278,141,137
1539,21,387,3031800,912,468,444
1540,21,387,3031900,4223,2099,2124
1541,21,387,3032000,2153,1081,1072
1542,21,387,3032100,642,323,319
1543,21,387,3032200,19,11,8
1544,21,387,3032300,919,454,465
1545,21,387,3032400,1041,522,519
1546,21,387,3032500,70,36,34
1547,21,387,3032600,314,165,149
1548,21,387,3032700,238,114,124
1549,21,387,3032800,20,9,11
1550,21,387,3032900,341,167,174
1551,21,387,3033000,695,336,359
1552,21,387,3033100,535,256,279
1553,21,387,3033200,74,37,37
1554,21,387,3033300,1605,838,767
1555,21,387,3033400,269,131,138
1556,21,387,3033500,492,263,229
1557,21,387,3033600,288,152,136
1558,21,387,3033700,465,260,205
1559,21,387,3033800,475,255,220
1560,21,387,3033900,0,0,0
1561,21,387,3034000,663,341,322
1562,21,387,3034100,1096,544,552
1563,21,387,3034200,0,0,0
1564,21,387,3034300,299,141,158
1565,21,387,3034400,334,177,157
1566,21,387,3034500,655,331,324
1567,21,387,3034600,457,229,228
1568,21,387,3034700,2740,1399,1341
1569,21,387,3034800,448,218,230
1570,21,387,3034900,195,96,99
1571,21,387,3035000,420,215,205
1572,21,387,3035100,556,276,280
1573,21,387,3035200,24,11,13
1574,21,387,3035300,223,115,108
1575,21,387,3035400,1671,873,798
1576,21,387,3035500,643,325,318
1577,21,387,3035600,783,379,404
1578,21,387,3035700,14,9,5
1579,21,387,3035800,420,218,202
1580,21,387,3035900,555,276,279
1581,21,387,3036000,0,0,0
1582,21,387,3036100,910,444,466
1583,21,387,3036200,697,345,352
1584,21,387,3036300,804,431,373
1585,21,387,3036400,1314,698,616
1586,21,387,3036500,2185,1131,1054
1587,21,387,3036600,223,113,110
1588,21,387,3036700,1212,636,576
1589,21,387,3036800,2022,1024,998
1590,21,387,3036900,284,144,140
1591,21,387,3037000,348,169,179
1592,21,387,3037100,955,492,463
1593,21,387,3037200,696,360,336
1594,21,387,3037300,226,120,106
1595,21,387,3037400,12,7,5
1596,21,387,3037500,1607,812,795
1597,21,387,3037600,2156,1092,1064
1598,21,387,3037700,326,163,163
1599,21,387,3037800,4090,2078,2012
1600,21,387,3037900,584,313,271
1601,21,387,3038000,960,490,470
1602,21,387,3038100,769,401,368
1603,21,387,3038200,616,328,288
1604,21,387,3038300,699,348,351
1605,21,387,3038400,919,483,436
1606,21,387,3038500,1484,803,681
1607,21,387,3038600,995,500,495
1608,21,387,3038700,514,257,257
1609,21,387,3038800,335,172,163
1610,21,387,3038900,3,2,1
1611,21,387,3039000,1372,699,673
1612,21,387,3039100,2217,1138,1079
1613,21,387,3039200,332,150,182
1614,21,387,3039300,1196,583,613
1615,21,387,3039400,7,7,0
1616,21,387,3039500,0,0,0
1617,21,387,3039600,484,256,228
1618,21,387,3039700,2282,1190,1092
1619,21,387,3039800,1041,536,505
1620,21,387,3039900,948,466,482
1621,21,387,3040000,0,0,0
1622,21,387,3040100,999,527,472
1623,21,387,3040200,2020,1046,974
1624,21,387,3040300,282,144,138
1625,21,387,3040400,425,212,213
1626,21,387,3040500,768,401,367
1627,21,387,3040600,149,75,74
1628,21,387,3040700,432,224,208
1629,21,387,3040800,772,388,384
1630,21,387,3040900,0,0,0
1631,21,387,3041000,827,423,404
1632,21,387,3041100,221,111,110
1633,21,387,3041200,479,250,229
1634,21,387,3041300,234,117,117
1635,21,387,3041400,410,211,199
1636,21,387,3041500,264,146,118
1637,21,387,3041600,345,176,169
1638,21,387,3041700,404,209,195
1639,21,387,3041800,751,380,371
1640,21,387,3041900,0,0,0
1641,21,387,3042000,0,0,0
1642,21,387,3042100,1171,598,573
1643,21,387,3042200,1088,549,539
1644,21,387,3042300,1121,581,540
1645,21,387,3042400,1693,818,875
1646,21,387,3042500,1414,740,674
1647,21,387,3042600,0,0,0
1648,21,387,3042700,351,183,168
1649,21,387,3042800,385,197,188
1650,21,387,3042900,431,280,151
1651,21,387,3043000,595,291,304
1652,21,387,3043100,462,223,239
1653,21,387,3043200,402,196,206
1654,21,387,3043300,858,426,432
1655,21,387,3043400,295,150,145
1656,21,387,3043500,260,125,135
1657,21,387,3043600,1625,809,816
1658,21,387,3043700,117,57,60
1659,21,387,3043800,952,477,475
1660,21,387,3043900,116,49,67
1661,21,387,3044000,358,183,175
1662,21,387,3044100,170,85,85
1663,21,387,3044200,559,290,269
1664,21,387,3044300,0,0,0
1665,21,387,3044400,404,205,199
1666,21,387,3044500,808,413,395
1667,21,387,3044600,673,333,340
1668,21,387,3044700,137,74,63
1669,21,387,3044800,995,501,494
1670,21,387,3044900,681,338,343
1671,21,387,3045000,1122,567,555
1672,21,387,3045100,288,143,145
1673,21,387,3045200,503,257,246
1674,21,387,3045300,210,91,119
1675,21,387,3045400,618,317,301
1676,21,387,3045500,607,306,301
1677,21,387,3045600,616,316,300
1678,21,387,3045700,291,150,141
1679,21,387,3045800,1107,583,524
1680,21,387,3045900,541,276,265
1681,21,387,3046000,1915,989,926
1682,21,387,3046100,352,177,175
1683,21,387,3046200,3270,1682,1588
1684,21,387,3046300,304,160,144
1685,21,387,3046400,911,483,428
1686,21,387,3046500,585,279,306
1687,21,387,3046600,959,523,436
1688,21,387,3046700,217,110,107
1689,21,387,3046800,495,264,231
1690,21,387,3046900,755,401,354
1691,21,387,3047000,1861,952,909
1692,21,387,3047100,1130,567,563
1693,21,387,3047200,351,192,159
1694,21,387,3047300,495,266,229
1695,21,387,3047400,253,136,117
1696,21,387,3047500,1262,626,636
1697,21,387,3047600,0,0,0
1698,21,387,3047700,0,0,0
1699,21,387,3047800,0,0,0
1700,21,387,3047900,0,0,0
1701,21,387,3048000,0,0,0
1702,21,387,3048100,420,212,208
1703,21,387,3048200,758,384,374
1704,21,387,3048300,929,471,458
1705,21,387,3048400,949,491,458
1706,21,387,3048500,214,117,97
1707,21,387,3048600,305,158,147
1708,21,387,3048700,157,78,79
1709,21,387,3048800,276,137,139
1710,21,387,3048900,0,0,0
1711,21,387,3049000,0,0,0
1712,21,387,3049100,0,0,0
1713,21,387,3049200,0,0,0
1714,21,387,3049300,39,19,20
