,Statecode,Districtcode,VillageCode,Population,Males,Females
0,21,11,1739200,396,204,192
1,21,11,1739300,288,163,125
2,21,11,1739400,3806,1999,1807
3,21,11,1739500,0,0,0
4,21,11,1739600,0,0,0
5,21,11,1739700,901,453,448
6,21,11,1739800,2408,1235,1173
7,21,11,1739900,949,493,456
8,21,11,1740000,1900,978,922
9,21,11,1740100,2287,1152,1135
10,21,11,1740200,18,10,8
11,21,11,1740300,3233,2317,916
12,21,11,1740400,764,424,340
13,21,11,1740500,4357,2220,2137
14,21,11,1740600,1488,822,666
15,21,11,1740700,1497,684,813
16,21,11,1740800,829,451,378
17,21,11,1740900,328,175,153
18,21,11,1741000,881,454,427
19,21,11,1741100,1095,557,538
20,21,11,1741200,1571,784,787
21,21,11,1741300,758,391,367
22,21,11,1741400,2212,1125,1087
23,21,11,1741500,3096,1571,1525
24,21,11,1741600,1450,735,715
25,21,11,1741700,649,323,326
26,21,11,1741800,121,73,48
27,21,11,1741900,259,142,117
28,21,11,1742000,2048,1071,977
29,21,11,1742100,0,0,0
30,21,11,1742200,2294,1181,1113
31,21,11,1742300,0,0,0
32,21,11,1742400,0,0,0
33,21,11,1742500,0,0,0
34,21,11,1742600,0,0,0
35,21,11,1742700,254,130,124
36,21,11,1742800,17,17,0
37,21,11,1742900,7,7,0
38,21,11,1743000,44,44,0
39,21,11,1743100,1370,685,685
40,21,11,1743200,579,280,299
41,21,11,1743300,246,121,125
42,21,11,1743400,519,260,259
43,21,11,1743500,176,90,86
44,21,11,1743600,892,439,453
45,21,11,1743700,1065,537,528
46,21,11,1743800,529,255,274
47,21,11,1743900,137,70,67
48,21,11,1744000,404,221,183
49,21,11,1744100,962,511,451
50,21,11,1744200,529,256,273
51,21,11,1744300,0,0,0
52,21,11,1744400,1300,651,649
53,21,11,1744500,833,436,397
54,21,11,1744600,856,432,424
55,21,11,1744700,2497,1254,1243
56,21,11,1744800,1272,650,622
57,21,11,1744900,1079,524,555
58,21,11,1745000,76,38,38
59,21,11,1745100,490,246,244
60,21,11,1745200,112,50,62
61,21,11,1745300,810,398,412
62,21,11,1745400,166,73,93
63,21,11,1745500,709,364,345
64,21,11,1745600,0,0,0
65,21,11,1745700,1071,556,515
66,21,11,1745800,1303,675,628
67,21,11,1745900,1340,683,657
68,21,11,1746000,533,277,256
69,21,11,1746100,741,367,374
70,21,11,1746200,1443,728,715
71,21,11,1746300,1400,692,708
72,21,11,1746400,0,0,0
73,21,11,1746500,502,261,241
74,21,11,1746600,1626,813,813
75,21,11,1746700,3884,2108,1776
76,21,11,1746800,5047,2635,2412
77,21,11,1746900,1014,523,491
78,21,11,1747000,2197,1144,1053
79,21,11,1747100,238,120,118
80,21,11,1747200,0,0,0
81,21,11,1747300,111,59,52
82,21,11,1747400,1210,628,582
83,21,11,1747500,348,182,166
84,21,11,1747600,791,404,387
85,21,11,1747700,2683,1364,1319
86,21,11,1747800,3351,1700,1651
87,21,11,1747900,2838,1422,1416
88,21,11,1748000,2532,1287,1245
89,21,11,1748100,322,172,150
90,21,11,1748200,5871,3003,2868
91,21,11,1748300,2459,1287,1172
92,21,11,1748400,10,7,3
93,21,11,1748500,908,445,463
94,21,11,1748600,0,0,0
95,21,11,1748700,934,467,467
96,21,11,1748800,199,106,93
97,21,11,1748900,4878,2513,2365
98,21,11,1749000,519,261,258
99,21,11,1749100,1698,847,851
100,21,11,1749200,671,338,333
101,21,11,1749300,0,0,0
102,21,11,1749400,0,0,0
103,21,11,1749500,1367,688,679
104,21,11,1749600,882,466,416
105,21,11,1749700,567,283,284
106,21,11,1749800,796,413,383
107,21,11,1749900,1622,813,809
108,21,11,1750000,566,284,282
109,21,11,1750100,2021,1038,983
110,21,11,1750200,1485,744,741
111,21,11,1750300,1180,588,592
112,21,11,1750400,851,421,430
113,21,11,1750500,382,198,184
114,21,11,1750600,565,278,287
115,21,11,1750700,1056,524,532
116,21,11,1750800,1244,603,641
117,21,11,1750900,610,312,298
118,21,11,1751000,1301,650,651
119,21,11,1751100,999,511,488
120,21,11,1751200,242,131,111
121,21,11,1751300,163,82,81
122,21,11,1751400,975,477,498
123,21,11,1751500,520,259,261
124,21,11,1751600,758,392,366
125,21,11,1751700,338,173,165
126,21,11,1751800,785,376,409
127,21,11,1751900,604,311,293
128,21,11,1752000,230,121,109
129,21,11,1752100,59,27,32
130,21,11,1752200,793,399,394
131,21,11,1752300,1501,781,720
132,21,11,1752400,503,255,248
133,21,11,1752500,102,53,49
134,21,11,1752600,500,260,240
135,21,11,1752700,494,248,246
136,21,11,1752800,426,213,213
137,21,11,1752900,998,523,475
138,21,11,1753000,1177,590,587
139,21,11,1753100,360,187,173
140,21,11,1753200,227,113,114
141,21,11,1753300,3060,1545,1515
142,21,11,1753400,503,258,245
143,21,11,1753500,6,3,3
144,21,11,1753600,40,24,16
145,21,11,1753700,564,292,272
146,21,11,1753800,101,49,52
147,21,11,1753900,1102,559,543
148,21,11,1754000,739,391,348
149,21,11,1754100,304,163,141
150,21,11,1754200,126,63,63
151,21,11,1754300,0,0,0
152,21,11,1754400,852,443,409
153,21,11,1754500,0,0,0
154,21,11,1754600,2058,1022,1036
155,21,11,1754700,0,0,0
156,21,11,1754800,278,155,123
157,21,11,1754900,25,25,0
158,21,11,1755000,3,3,0
159,21,11,1755100,29,29,0
160,21,11,1755200,670,350,320
161,21,11,1755300,403,206,197
162,21,11,1755400,209,110,99
163,21,11,1755500,5102,2594,2508
164,21,11,1755600,19,15,4
165,21,11,1755700,2807,1448,1359
166,21,11,1755800,1970,1023,947
167,21,11,1755900,319,172,147
168,21,11,1756000,0,0,0
169,21,11,1756100,0,0,0
170,21,11,1756200,4164,2131,2033
171,21,11,1756300,2896,1500,1396
172,21,11,1756400,7,7,0
173,21,11,1756500,4,4,0
174,21,11,1756600,7,5,2
175,21,11,1756700,254,120,134
176,21,11,1756800,334,162,172
177,21,11,1756900,717,350,367
178,21,11,1757000,534,273,261
179,21,11,1757100,522,253,269
180,21,11,1757200,1501,764,737
181,21,11,1757300,519,255,264
182,21,11,1757400,994,524,470
183,21,11,1757500,356,185,171
184,21,11,1757600,627,312,315
185,21,11,1757700,1027,502,525
186,21,11,1757800,636,312,324
187,21,11,1757900,512,264,248
188,21,11,1758000,553,282,271
189,21,11,1758100,1233,612,621
190,21,11,1758200,566,287,279
191,21,11,1758300,598,296,302
192,21,11,1758400,349,169,180
193,21,11,1758500,461,218,243
194,21,11,1758600,837,420,417
195,21,11,1758700,921,456,465
196,21,11,1758800,546,260,286
197,21,11,1758900,1419,717,702
198,21,11,1759000,520,271,249
199,21,11,1759100,188,93,95
200,21,11,1759200,187,95,92
201,21,11,1759300,254,132,122
202,21,11,1759400,163,82,81
203,21,11,1759500,432,208,224
204,21,11,1759600,478,224,254
205,21,11,1759700,104,53,51
206,21,11,1759800,493,242,251
207,21,11,1759900,140,66,74
208,21,11,1760000,424,215,209
209,21,11,1760100,138,65,73
210,21,11,1760200,381,175,206
211,21,11,1760300,580,271,309
212,21,11,1760400,584,265,319
213,21,11,1760500,294,139,155
214,21,11,1760600,833,416,417
215,21,11,1760700,866,403,463
216,21,11,1760800,613,306,307
217,21,11,1760900,181,99,82
218,21,11,1761000,48,21,27
219,21,11,1761100,638,301,337
220,21,11,1761200,285,145,140
221,21,11,1761300,248,121,127
222,21,11,1761400,2484,1248,1236
223,21,11,1761500,224,111,113
224,21,11,1761600,12,5,7
225,21,11,1761700,220,103,117
226,21,11,1761800,0,0,0
227,21,11,1761900,276,146,130
228,21,11,1762000,0,0,0
229,21,11,1762100,1365,663,702
230,21,11,1762200,207,107,100
231,21,11,1762300,929,443,486
232,21,11,1762400,240,122,118
233,21,11,1762500,830,409,421
234,21,11,1762600,363,189,174
235,21,11,1762700,280,140,140
236,21,11,1762800,2481,1237,1244
237,21,11,1762900,13,8,5
238,21,11,1763000,66,27,39
239,21,11,1763100,185,79,106
240,21,11,1763200,517,266,251
241,21,11,1763300,351,183,168
242,21,11,1763400,507,246,261
243,21,11,1763500,469,246,223
244,21,11,1763600,581,289,292
245,21,11,1763700,427,211,216
246,21,11,1763800,431,227,204
247,21,11,1763900,2170,1114,1056
248,21,11,1764000,3372,1823,1549
249,21,11,1764100,1412,746,666
250,21,11,1764200,937,483,454
251,21,11,1764300,1244,674,570
252,21,11,1764400,0,0,0
253,21,11,1764500,1095,545,550
254,21,11,1764600,341,172,169
255,21,11,1764700,262,130,132
256,21,11,1764800,411,208,203
257,21,11,1764900,713,348,365
258,21,11,1765000,0,0,0
259,21,11,1765100,46,23,23
260,21,11,1765200,191,92,99
261,21,11,1765300,274,131,143
262,21,11,1765400,418,195,223
263,21,11,1765500,190,79,111
264,21,11,1765600,726,347,379
265,21,11,1765700,87,43,44
266,21,11,1765800,219,107,112
267,21,11,1765900,631,310,321
268,21,11,1766000,399,194,205
269,21,11,1766100,1623,753,870
270,21,11,1766200,385,187,198
271,21,11,1766300,365,188,177
272,21,11,1766400,654,298,356
273,21,11,1766500,421,202,219
274,21,11,1766600,83,35,48
275,21,11,1766700,443,202,241
276,21,11,1766800,884,431,453
277,21,11,1766900,0,0,0
278,21,11,1767000,1710,814,896
279,21,11,1767100,334,155,179
280,21,11,1767200,627,330,297
281,21,11,1767300,685,319,366
282,21,11,1767400,392,195,197
283,21,11,1767500,334,156,178
284,21,11,1767600,219,104,115
285,21,11,1767700,318,149,169
286,21,11,1767800,1221,588,633
287,21,11,1767900,528,265,263
288,21,11,1768000,906,439,467
289,21,11,1768100,212,109,103
290,21,11,1768200,1183,582,601
291,21,11,1768300,0,0,0
292,21,11,1768400,0,0,0
293,21,11,1768500,443,228,215
294,21,11,1768600,636,304,332
295,21,11,1768700,837,425,412
296,21,11,1768800,384,201,183
297,21,11,1768900,1784,920,864
298,21,11,1769000,348,179,169
299,21,11,1769100,390,208,182
300,21,11,1769200,1857,941,916
301,21,11,1769300,4410,2282,2128
302,21,11,1769400,195,88,107
303,21,11,1769500,4792,2445,2347
304,21,11,1769600,835,422,413
305,21,11,1769700,1014,513,501
306,21,11,1769800,633,330,303
307,21,11,1769900,577,270,307
308,21,11,1770000,428,210,218
309,21,11,1770100,591,303,288
310,21,11,1770200,403,184,219
311,21,11,1770300,681,325,356
312,21,11,1770400,220,102,118
313,21,11,1770500,703,342,361
314,21,11,1770600,414,199,215
315,21,11,1770700,282,151,131
316,21,11,1770800,556,284,272
317,21,11,1770900,1200,599,601
318,21,11,1771000,137,69,68
319,21,11,1771100,519,256,263
320,21,11,1771200,267,119,148
321,21,11,1771300,0,0,0
322,21,11,1771400,676,334,342
323,21,11,1771500,937,489,448
324,21,11,1771600,196,98,98
325,21,11,1771700,663,337,326
326,21,11,1771800,1721,861,860
327,21,11,1771900,2344,1216,1128
328,21,11,1772000,4397,2262,2135
329,21,11,1772100,1414,717,697
330,21,11,1772200,614,298,316
331,21,11,1772300,9217,4441,4776
332,21,11,1772400,1019,510,509
333,21,11,1772500,700,354,346
334,21,11,1772600,1427,729,698
335,21,11,1772700,2029,994,1035
336,21,11,1772800,1872,954,918
337,21,11,1772900,2044,1020,1024
338,21,11,1773000,774,385,389
339,21,11,1773100,345,173,172
340,21,11,1773200,857,443,414
341,21,11,1773300,347,166,181
342,21,11,1773400,815,390,425
343,21,11,1773500,1277,642,635
344,21,11,1773600,574,281,293
345,21,11,1773700,651,314,337
346,21,11,1773800,980,504,476
347,21,11,1773900,850,418,432
348,21,11,1774000,1073,536,537
349,21,11,1774100,2,1,1
350,21,11,1774200,263,127,136
351,21,11,1774300,513,245,268
352,21,11,1774400,1372,694,678
353,21,11,1774500,928,454,474
354,21,11,1774600,1087,534,553
355,21,11,1774700,102,51,51
356,21,11,1774800,1519,740,779
357,21,11,1774900,1030,509,521
358,21,11,1775000,34,13,21
359,21,11,1775100,126,64,62
360,21,11,1775200,578,297,281
361,21,11,1775300,1091,547,544
362,21,11,1775400,376,185,191
363,21,11,1775500,82,48,34
364,21,11,1775600,977,514,463
365,21,11,1775700,460,251,209
366,21,11,1775800,1000,497,503
367,21,11,1775900,11,6,5
368,21,11,1776000,330,174,156
369,21,11,1776100,498,262,236
370,21,11,1776200,288,155,133
371,21,11,1776300,233,112,121
372,21,11,1776400,490,232,258
373,21,11,1776500,1913,978,935
374,21,11,1776600,485,252,233
375,21,11,1776700,476,232,244
376,21,11,1776800,357,190,167
377,21,11,1776900,1057,527,530
378,21,11,1777000,741,379,362
379,21,11,1777100,518,261,257
380,21,11,1777200,905,445,460
381,21,11,1777300,499,263,236
382,21,11,1777400,959,484,475
383,21,11,1777500,869,460,409
384,21,11,1777600,220,111,109
385,21,11,1777700,451,217,234
386,21,11,1777800,2288,1110,1178
387,21,11,1777900,460,220,240
388,21,11,1778000,606,306,300
389,21,11,1778100,791,376,415
390,21,11,1778200,1069,566,503
391,21,11,1778300,795,391,404
392,21,11,1778400,1446,733,713
393,21,11,1778500,799,384,415
394,21,11,1778600,473,220,253
395,21,11,1778700,265,118,147
396,21,11,1778800,760,389,371
397,21,11,1778900,463,217,246
398,21,11,1779000,1011,489,522
399,21,11,1779100,126,63,63
400,21,11,1779200,591,298,293
401,21,11,1779300,609,292,317
402,21,11,1779400,382,184,198
403,21,11,1779500,405,207,198
404,21,11,1779600,413,208,205
405,21,11,1779700,3084,1532,1552
406,21,11,1779800,3833,1993,1840
407,21,11,1779900,1664,839,825
408,21,11,1780000,655,321,334
409,21,11,1780100,779,397,382
410,21,11,1780200,0,0,0
411,21,11,1780300,1861,939,922
412,21,11,1780400,280,127,153
413,21,11,1780500,637,303,334
414,21,11,1780600,432,240,192
415,21,11,1780700,427,215,212
416,21,11,1780800,1075,555,520
417,21,11,1780900,414,213,201
418,21,11,1781000,972,491,481
419,21,11,1781100,758,393,365
420,21,11,1781200,525,250,275
421,21,11,1781300,446,234,212
422,21,11,1781400,400,205,195
423,21,11,1781500,103,47,56
424,21,11,1781600,118,56,62
425,21,11,1781700,361,169,192
426,21,11,1781800,282,151,131
427,21,11,1781900,233,113,120
428,21,11,1782000,677,362,315
429,21,11,1782100,1167,606,561
430,21,11,1782200,2093,1053,1040
431,21,11,1782300,1610,824,786
432,21,11,1782400,338,177,161
433,21,11,1782500,0,0,0
434,21,11,1782600,201,90,111
435,21,11,1782700,638,316,322
436,21,11,1782800,632,312,320
437,21,11,1782900,996,507,489
438,21,11,1783000,663,307,356
439,21,11,1783100,535,264,271
440,21,11,1783200,3896,2009,1887
441,21,11,1783300,400,212,188
442,21,11,1783400,295,162,133
443,21,11,1783500,455,233,222
444,21,11,1783600,30,17,13
445,21,11,1783700,794,397,397
446,21,11,1783800,245,136,109
447,21,11,1783900,1472,755,717
448,21,11,1784000,338,158,180
449,21,11,1784100,1187,627,560
450,21,11,1784200,2641,1334,1307
451,21,11,1784300,213,112,101
452,21,11,1784400,0,0,0
453,21,11,1784500,488,250,238
454,21,11,1784600,4,2,2
455,21,11,1784700,595,312,283
456,21,11,1784800,53,29,24
457,21,11,1784900,330,169,161
458,21,11,1785000,785,389,396
459,21,11,1785100,499,239,260
460,21,11,1785200,1168,550,618
461,21,11,1785300,1314,664,650
462,21,11,1785400,126,64,62
463,21,11,1785500,579,306,273
464,21,11,1785600,1395,671,724
465,21,11,1785700,551,274,277
466,21,11,1785800,1582,789,793
467,21,11,1785900,583,281,302
468,21,11,1786000,359,162,197
469,21,11,1786100,1282,636,646
470,21,11,1786200,505,250,255
471,21,11,1786300,150,83,67
472,21,11,1786400,1300,677,623
473,21,11,1786500,194,97,97
474,21,11,1786600,891,464,427
475,21,11,1786700,1264,638,626
476,21,11,1786800,2827,1428,1399
477,21,11,1786900,578,295,283
478,21,11,1787000,1085,542,543
479,21,11,1787100,1927,984,943
480,21,11,1787200,585,298,287
481,21,11,1787300,918,480,438
482,21,11,1787400,3160,1666,1494
483,21,11,1787500,91,48,43
484,21,11,1787600,440,222,218
485,21,11,1787700,1048,514,534
486,21,11,1787800,3264,1648,1616
487,21,11,1787900,483,201,282
488,21,11,1788000,508,228,280
489,21,11,1788100,246,112,134
490,21,11,1788200,2119,992,1127
491,21,11,1788300,834,396,438
492,21,11,1788400,78,43,35
493,21,11,1788500,1321,675,646
494,21,11,1788600,324,170,154
495,21,11,1788700,491,242,249
496,21,11,1788800,793,387,406
497,21,11,1788900,1047,511,536
498,21,11,1789000,437,203,234
499,21,11,1789100,1068,514,554
500,21,11,1789200,285,153,132
501,21,11,1789300,356,187,169
502,21,11,1789400,1134,580,554
503,21,11,1789500,62,31,31
504,21,11,1789600,0,0,0
505,21,11,1789700,0,0,0
506,21,11,1789800,566,297,269
507,21,11,1789900,367,182,185
508,21,11,1790000,310,161,149
509,21,11,1790100,37,18,19
510,21,11,1790200,611,325,286
511,21,11,1790300,230,115,115
512,21,11,1790400,310,140,170
513,21,11,1790500,175,92,83
514,21,11,1790600,639,325,314
515,21,11,1790700,793,404,389
516,21,11,1790800,226,94,132
517,21,11,1790900,1220,593,627
518,21,11,1791000,170,90,80
519,21,11,1791100,276,142,134
520,21,11,1791200,169,83,86
521,21,11,1791300,568,282,286
522,21,11,1791400,209,112,97
523,21,11,1791500,77,36,41
524,21,11,1791600,238,129,109
525,21,11,1791700,438,217,221
526,21,11,1791800,242,111,131
527,21,11,1791900,314,146,168
528,21,11,1792000,172,90,82
529,21,11,1792100,22,17,5
530,21,11,1792200,0,0,0
531,21,11,1792300,187,97,90
532,21,11,1792400,758,368,390
533,21,11,1792500,685,339,346
534,21,11,1792600,514,246,268
535,21,11,1792700,519,259,260
536,21,11,1792800,384,191,193
537,21,11,1792900,886,467,419
538,21,11,1793000,223,107,116
539,21,11,1793100,350,178,172
540,21,11,1793200,406,198,208
541,21,11,1793300,0,0,0
542,21,11,1793400,269,126,143
543,21,11,1793500,822,379,443
544,21,11,1793600,375,180,195
545,21,11,1793700,206,91,115
546,21,11,1793800,250,120,130
547,21,11,1793900,277,133,144
548,21,11,1794000,471,246,225
549,21,11,1794100,414,193,221
550,21,11,1794200,418,202,216
551,21,11,1794300,163,77,86
552,21,11,1794400,131,60,71
553,21,11,1794500,2344,1177,1167
554,21,11,1794600,1082,525,557
555,21,11,1794700,355,177,178
556,21,11,1794800,317,158,159
557,21,11,1794900,903,461,442
558,21,11,1795000,822,387,435
559,21,11,1795100,302,147,155
560,21,11,1795200,361,187,174
561,21,11,1795300,1037,463,574
562,21,11,1795400,387,182,205
563,21,11,1795500,521,242,279
564,21,11,1795600,132,62,70
565,21,11,1795700,223,112,111
566,21,11,1795800,611,297,314
567,21,11,1795900,430,217,213
568,21,11,1796000,461,218,243
569,21,11,1796100,91,41,50
570,21,11,1796200,380,190,190
571,21,11,1796300,264,123,141
572,21,11,1796400,1426,698,728
573,21,11,1796500,191,93,98
574,21,11,1796600,348,166,182
575,21,11,1796700,438,223,215
576,21,11,1796800,561,273,288
577,21,11,1796900,658,342,316
578,21,11,1797000,179,93,86
579,21,11,1797100,1408,691,717
580,21,11,1797200,1270,620,650
581,21,11,1797300,1609,814,795
582,21,11,1797400,187,90,97
583,21,11,1797500,729,342,387
584,21,11,1797600,572,270,302
585,21,11,1797700,412,199,213
586,21,11,1797800,901,447,454
587,21,11,1797900,428,222,206
588,21,11,1798000,296,145,151
589,21,11,1798100,792,383,409
590,21,11,1798200,283,147,136
591,21,11,1798300,468,232,236
592,21,11,1798400,433,217,216
593,21,11,1798500,239,118,121
594,21,11,1798600,16,10,6
595,21,11,1798700,341,146,195
596,21,11,1798800,380,192,188
597,21,11,1798900,467,238,229
598,21,11,1799000,821,395,426
599,21,11,1799100,433,208,225
600,21,11,1799200,319,142,177
601,21,11,1799300,340,167,173
602,21,11,1799400,562,273,289
603,21,11,1799500,439,219,220
604,21,11,1799600,270,140,130
605,21,11,1799700,295,140,155
606,21,11,1799800,3016,1438,1578
607,21,11,1799900,390,191,199
608,21,11,1800000,341,165,176
609,21,11,1800100,527,255,272
610,21,11,1800200,489,244,245
611,21,11,1800300,753,389,364
612,21,11,1800400,253,129,124
613,21,11,1800500,80,39,41
614,21,11,1800600,2024,975,1049
615,21,11,1800700,244,115,129
616,21,11,1800800,357,183,174
617,21,11,1800900,334,159,175
618,21,11,1801000,293,148,145
619,21,11,1801100,117,56,61
620,21,11,1801200,15,8,7
621,21,11,1801300,250,127,123
622,21,11,1801400,513,253,260
623,21,11,1801500,569,270,299
624,21,11,1801600,253,134,119
625,21,11,1801700,245,115,130
626,21,11,1801800,631,289,342
627,21,11,1801900,289,144,145
628,21,11,1802000,778,379,399
629,21,11,1802100,364,163,201
630,21,11,1802200,682,337,345
631,21,11,1802300,124,67,57
632,21,11,1802400,570,279,291
633,21,11,1802500,846,417,429
634,21,11,1802600,1541,783,758
635,21,11,1802700,334,170,164
636,21,11,1802800,511,241,270
637,21,11,1802900,506,268,238
638,21,11,1803000,145,74,71
639,21,11,1803100,63,31,32
640,21,11,1803200,403,198,205
641,21,11,1803300,471,232,239
642,21,11,1803400,178,86,92
643,21,11,1803500,766,374,392
644,21,11,1803600,363,185,178
645,21,11,1803700,406,206,200
646,21,11,1803800,729,345,384
647,21,11,1803900,0,0,0
648,21,11,1804000,1552,771,781
649,21,11,1804100,141,66,75
650,21,11,1804200,224,107,117
651,21,11,1804300,375,188,187
652,21,11,1804400,1057,554,503
653,21,11,1804500,0,0,0
654,21,11,1804600,553,285,268
655,21,11,1804700,387,179,208
656,21,11,1804800,1063,518,545
657,21,11,1804900,136,77,59
658,21,11,1805000,210,103,107
659,21,11,1805100,400,187,213
660,21,11,1805200,0,0,0
661,21,11,1805300,375,198,177
662,21,11,1805400,418,228,190
663,21,11,1805500,217,104,113
664,21,11,1805600,5,3,2
665,21,11,1805700,301,151,150
666,21,11,1805800,391,204,187
667,21,11,1805900,275,144,131
668,21,11,1806000,66,27,39
669,21,11,1806100,410,201,209
670,21,11,1806200,282,151,131
671,21,11,1806300,846,421,425
672,21,11,1806400,252,119,133
673,21,11,1806500,524,253,271
674,21,11,1806600,591,297,294
675,21,11,1806700,715,327,388
676,21,11,1806800,541,280,261
677,21,11,1806900,77,34,43
678,21,11,1807000,443,219,224
679,21,11,1807100,1208,600,608
680,21,11,1807200,404,201,203
681,21,11,1807300,865,430,435
682,21,11,1807400,203,103,100
683,21,11,1807500,847,428,419
684,21,11,1807600,15,5,10
685,21,11,1807700,377,190,187
686,21,11,1807800,418,209,209
687,21,11,1807900,156,79,77
688,21,11,1808000,101,44,57
689,21,11,1808100,968,502,466
690,21,11,1808200,237,125,112
691,21,11,1808300,739,384,355
692,21,11,1808400,1005,502,503
693,21,11,1808500,453,233,220
694,21,11,1808600,419,224,195
695,21,11,1808700,463,231,232
696,21,11,1808800,2506,1255,1251
697,21,11,1808900,2197,1078,1119
698,21,11,1809000,197,105,92
699,21,11,1809100,1885,921,964
700,21,11,1809200,1629,797,832
701,21,11,1809300,1197,597,600
702,21,11,1809400,640,339,301
703,21,11,1809500,1011,519,492
704,21,11,1809600,332,165,167
705,21,11,1809700,561,303,258
706,21,11,1809800,424,223,201
707,21,11,1809900,704,330,374
708,21,11,1810000,30,18,12
709,21,11,1810100,222,112,110
710,21,11,1810200,486,247,239
711,21,11,1810300,474,228,246
712,21,11,1810400,526,263,263
713,21,11,1810500,807,398,409
714,21,11,1810600,339,163,176
715,21,11,1810700,420,209,211
716,21,11,1810800,205,95,110
717,21,11,1810900,123,55,68
718,21,11,1811000,0,0,0
719,21,11,1811100,276,129,147
720,21,11,1811200,922,464,458
721,21,11,1811300,250,116,134
722,21,11,1811400,603,289,314
723,21,11,1811500,0,0,0
724,21,11,1811600,471,232,239
725,21,11,1811700,278,123,155
726,21,11,1811800,403,199,204
727,21,11,1811900,152,84,68
728,21,11,1812000,2309,1151,1158
729,21,11,1812100,239,120,119
730,21,11,1812200,1176,577,599
731,21,11,1812300,197,93,104
732,21,11,1812400,1169,600,569
733,21,11,1812500,468,236,232
734,21,11,1812600,1283,637,646
735,21,11,1812700,941,466,475
736,21,11,1812800,1213,593,620
737,21,11,1812900,492,244,248
738,21,11,1813000,637,332,305
739,21,11,1813100,569,287,282
740,21,11,1813200,563,271,292
741,21,11,1813300,479,237,242
742,21,11,1813400,1422,694,728
743,21,11,1813500,582,293,289
744,21,11,1813600,815,381,434
745,21,11,1813700,629,298,331
746,21,11,1813800,803,348,455
747,21,11,1813900,4502,2233,2269
748,21,11,1814000,470,232,238
749,21,11,1814100,1774,890,884
750,21,11,1814200,184,90,94
751,21,11,1814300,194,96,98
752,21,11,1814400,1047,511,536
753,21,11,1814500,1035,516,519
754,21,11,1814600,829,419,410
755,21,11,1814700,678,347,331
756,21,11,1814800,856,443,413
757,21,11,1814900,731,390,341
758,21,11,1815000,767,366,401
759,21,11,1815100,2103,1012,1091
760,21,11,1815200,211,101,110
761,21,11,1815300,821,426,395
762,21,11,1815400,821,409,412
763,21,11,1815500,271,141,130
764,21,11,1815600,933,477,456
765,21,11,1815700,169,88,81
766,21,11,1815800,1087,554,533
767,21,11,1815900,563,275,288
768,21,11,1816000,181,81,100
769,21,11,1816100,1612,834,778
770,21,11,1816200,977,495,482
771,21,11,1816300,650,321,329
772,21,11,1816400,1118,582,536
773,21,11,1816500,1108,547,561
774,21,11,1816600,781,393,388
775,21,11,1816700,292,152,140
776,21,11,1816800,664,336,328
777,21,11,1816900,536,273,263
778,21,11,1817000,144,73,71
779,21,11,1817100,541,284,257
780,21,11,1817200,1008,509,499
781,21,11,1817300,958,498,460
782,21,11,1817400,336,173,163
783,21,11,1817500,1041,507,534
784,21,11,1817600,258,132,126
785,21,11,1817700,262,112,150
786,21,11,1817800,203,94,109
787,21,11,1817900,838,423,415
788,21,11,1818000,207,109,98
789,21,11,1818100,892,446,446
790,21,11,1818200,499,244,255
791,21,11,1818300,430,215,215
792,21,11,1818400,551,276,275
793,21,11,1818500,568,284,284
794,21,11,1818600,1159,537,622
795,21,11,1818700,503,230,273
796,21,11,1818800,323,144,179
797,21,11,1818900,1723,866,857
798,21,11,1819000,362,183,179
799,21,11,1819100,505,244,261
800,21,11,1819200,1057,509,548
801,21,11,1819300,17,7,10
802,21,11,1819400,1185,634,551
803,21,11,1819500,281,137,144
804,21,11,1819600,99,50,49
805,21,11,1819700,382,195,187
806,21,11,1819800,763,390,373
807,21,11,1819900,347,185,162
808,21,11,1820000,523,249,274
809,21,11,1820100,158,80,78
810,21,11,1820200,912,459,453
811,21,11,1820300,468,216,252
812,21,11,1820400,0,0,0
813,21,11,1820500,4,2,2
814,21,11,1820600,552,289,263
815,21,11,1820700,1444,722,722
816,21,11,1820800,468,238,230
817,21,11,1820900,792,376,416
818,21,11,1821000,740,360,380
819,21,11,1821100,473,217,256
820,21,11,1821200,305,147,158
821,21,11,1821300,954,481,473
822,21,11,1821400,247,122,125
823,21,11,1821500,195,94,101
824,21,11,1821600,290,147,143
825,21,11,1821700,1820,920,900
826,21,11,1821800,1926,996,930
827,21,11,1821900,869,443,426
828,21,11,1822000,485,235,250
829,21,11,1822100,1106,540,566
830,21,11,1822200,298,149,149
831,21,11,1822300,2265,1066,1199
832,21,11,1822400,20,9,11
833,21,11,1822500,230,117,113
834,21,11,1822600,1597,756,841
835,21,11,1822700,98,52,46
836,21,11,1822800,121,61,60
837,21,11,1822900,721,370,351
838,21,11,1823000,1540,775,765
839,21,11,1823100,119,54,65
840,21,11,1823200,878,447,431
841,21,11,1823300,638,309,329
842,21,11,1823400,322,156,166
843,21,11,1823500,282,148,134
844,21,11,1823600,841,442,399
845,21,11,1823700,1159,617,542
846,21,11,1823800,569,302,267
847,21,11,1823900,1023,534,489
848,21,11,1824000,247,133,114
849,21,11,1824100,1730,912,818
850,21,11,1824200,2709,1408,1301
851,21,11,1824300,2142,1105,1037
852,21,11,1824400,3160,1652,1508
853,21,11,1824500,0,0,0
854,21,11,1824600,846,427,419
855,21,11,1824700,235,125,110
856,21,11,1824800,263,134,129
857,21,11,1824900,2947,1480,1467
858,21,11,1825000,560,283,277
859,21,11,1825100,1144,548,596
860,21,11,1825200,1076,522,554
861,21,11,1825300,581,277,304
862,21,11,1825400,2205,1045,1160
863,21,11,1825500,79,39,40
864,21,11,1825600,0,0,0
865,21,11,1825700,0,0,0
866,21,11,1825800,652,298,354
867,21,11,1825900,2139,1113,1026
868,21,11,1826000,844,435,409
869,21,11,1826100,542,276,266
870,21,11,1826200,1723,878,845
871,21,11,1826300,0,0,0
872,21,11,1826400,0,0,0
873,21,11,1826500,0,0,0
874,21,11,1826600,2405,1244,1161
875,21,11,1826700,408,205,203
876,21,11,1826800,281,146,135
877,21,11,1826900,2130,1093,1037
878,21,11,1827000,0,0,0
879,21,11,1827100,1407,712,695
880,21,11,1827200,304,147,157
881,21,11,1827300,614,318,296
882,21,11,1827400,1387,693,694
883,21,11,1827500,1251,658,593
884,21,11,1827600,349,188,161
885,21,11,1827700,1449,726,723
886,21,11,1827800,571,294,277
887,21,11,1827900,1051,543,508
888,21,11,1828000,1093,554,539
889,21,11,1828100,911,450,461
890,21,11,1828200,428,230,198
891,21,11,1828300,657,340,317
892,21,11,1828400,591,309,282
893,21,11,1828500,242,127,115
894,21,11,1828600,936,466,470
895,21,11,1828700,655,313,342
896,21,11,1828800,899,446,453
897,21,11,1828900,348,153,195
898,21,11,1829000,872,425,447
899,21,11,1829100,1918,954,964
900,21,11,1829200,179,92,87
901,21,11,1829300,460,226,234
902,21,11,1829400,0,0,0
903,21,11,1829500,596,319,277
904,21,11,1829600,526,250,276
905,21,11,1829700,1603,795,808
906,21,11,1829800,2452,1231,1221
907,21,11,1829900,1014,518,496
908,21,11,1830000,567,278,289
909,21,11,1830100,750,367,383
910,21,11,1830200,1177,609,568
911,21,11,1830300,525,270,255
912,21,11,1830400,631,306,325
913,21,11,1830500,941,471,470
914,21,11,1830600,1730,882,848
915,21,11,1830700,943,454,489
916,21,11,1830800,1254,636,618
917,21,11,1830900,1282,613,669
918,21,11,1831000,325,146,179
919,21,11,1831100,275,125,150
920,21,11,1831200,1234,638,596
921,21,11,1831300,589,267,322
922,21,11,1831400,432,231,201
923,21,11,1831500,117,62,55
924,21,11,1831600,932,454,478
925,21,11,1831700,175,89,86
926,21,11,1831800,752,381,371
927,21,11,1831900,690,337,353
928,21,11,1832000,371,173,198
929,21,11,1832100,73,36,37
930,21,11,1832200,580,288,292
931,21,11,1832300,321,168,153
932,21,11,1832400,2797,1438,1359
933,21,11,1832500,271,136,135
934,21,11,1832600,494,251,243
935,21,11,1832700,1063,538,525
936,21,11,1832800,828,437,391
937,21,11,1832900,437,233,204
938,21,11,1833000,947,462,485
939,21,11,1833100,111,55,56
940,21,11,1833200,339,180,159
941,21,11,1833300,1610,758,852
942,21,11,1833400,241,110,131
943,21,11,1833500,52,24,28
944,21,11,1833600,1041,475,566
945,21,11,1833700,921,450,471
946,21,11,1833800,2542,1213,1329
947,21,11,1833900,1962,983,979
948,21,11,1834000,227,105,122
949,21,11,1834100,460,222,238
950,21,11,1834200,1223,624,599
951,21,11,1834300,676,336,340
952,21,11,1834400,593,294,299
953,21,11,1834500,982,506,476
954,21,11,1834600,1244,649,595
955,21,11,1834700,1123,578,545
956,21,11,1834800,377,201,176
957,21,11,1834900,365,181,184
958,21,11,1835000,769,391,378
959,21,11,1835100,2002,1035,967
960,21,11,1835200,1922,962,960
961,21,11,1835300,1732,847,885
962,21,11,1835400,851,434,417
963,21,11,1835500,2270,1112,1158
964,21,11,1835600,0,0,0
965,21,11,1835700,911,465,446
966,21,11,1835800,1945,963,982
967,21,11,1835900,223,107,116
968,21,11,1836000,0,0,0
969,21,11,1836100,1171,575,596
970,21,11,1836200,1329,672,657
971,21,11,1836300,708,360,348
972,21,11,1836400,81,39,42
973,21,11,1836500,733,357,376
974,21,11,1836600,1138,565,573
975,21,11,1836700,249,117,132
976,21,11,1836800,838,450,388
977,21,11,1836900,1722,864,858
978,21,11,1837000,397,204,193
979,21,11,1837100,1279,631,648
980,21,11,1837200,156,76,80
981,21,11,1837300,1335,671,664
982,21,11,1837400,1238,649,589
983,21,11,1837500,537,269,268
984,21,11,1837600,1403,718,685
985,21,11,1837700,1837,949,888
986,21,11,1837800,1961,1011,950
987,21,11,1837900,0,0,0
988,21,11,1838000,551,292,259
989,21,11,1838100,350,183,167
990,21,11,1838200,1141,594,547
991,21,11,1838300,979,517,462
992,21,11,1838400,1260,628,632
993,21,11,1838500,1315,655,660
994,21,11,1838600,285,150,135
995,21,11,1838700,412,216,196
996,21,11,1838800,312,161,151
997,21,11,1838900,19,6,13
998,21,11,1839000,724,362,362
999,21,11,1839100,830,418,412
1000,21,11,1839200,298,148,150
1001,21,11,1839300,627,327,300
1002,21,11,1839400,2603,1333,1270
1003,21,11,1839500,3866,1994,1872
1004,21,11,1839600,1237,649,588
1005,21,11,1839700,1331,699,632
1006,21,11,1839800,2348,1220,1128
1007,21,11,1839900,824,419,405
1008,21,11,1840000,590,294,296
1009,21,11,1840100,700,347,353
1010,21,11,1840200,835,427,408
1011,21,11,1840300,1340,678,662
1012,21,11,1840400,1120,593,527
1013,21,11,1840500,822,398,424
1014,21,11,1840600,404,203,201
1015,21,11,1840700,972,488,484
1016,21,11,1840800,493,255,238
1017,21,11,1840900,752,376,376
1018,21,11,1841000,2038,1049,989
1019,21,11,1841100,0,0,0
1020,21,11,1841200,238,124,114
1021,21,11,1841300,89,45,44
1022,21,11,1841400,1208,604,604
1023,21,11,1841500,826,435,391
1024,21,11,1841600,160,83,77
1025,21,11,1841700,0,0,0
1026,21,11,1841800,392,185,207
1027,21,11,1841900,829,421,408
1028,21,11,1842000,2387,1227,1160
1029,21,11,1842100,38,17,21
1030,21,11,1842200,665,332,333
1031,21,11,1842300,846,421,425
1032,21,11,1842400,112,63,49
1033,21,11,1842500,1873,928,945
1034,21,11,1842600,1211,592,619
1035,21,11,1842700,205,106,99
1036,21,11,1842800,1579,780,799
1037,21,11,1842900,467,231,236
1038,21,11,1843000,1319,636,683
1039,21,11,1843100,1201,584,617
1040,21,11,1843200,1758,861,897
1041,21,11,1843300,492,255,237
1042,21,11,1843400,2327,1172,1155
1043,21,11,1843500,1927,973,954
1044,21,11,1843600,2208,1092,1116
1045,21,11,1843700,507,246,261
1046,21,11,1843800,59,33,26
1047,21,11,1843900,1989,1002,987
1048,21,11,1844000,253,136,117
1049,21,11,1844100,1348,669,679
1050,21,11,1844200,689,369,320
1051,21,11,1844300,524,267,257
1052,21,11,1844400,218,107,111
1053,21,11,1844500,96,50,46
1054,21,11,1844600,1439,764,675
1055,21,11,1844700,1087,552,535
1056,21,11,1844800,3309,1704,1605
1057,21,11,1844900,340,181,159
1058,21,11,1845000,465,241,224
1059,21,11,1845100,55,27,28
1060,21,11,1845200,3189,1557,1632
1061,21,11,1845300,1214,615,599
1062,21,11,1845400,661,332,329
1063,21,11,1845500,389,197,192
1064,21,11,1845600,1648,812,836
1065,21,11,1845700,747,368,379
1066,21,11,1845800,1897,938,959
1067,21,11,1845900,88,52,36
1068,21,11,1846000,1926,966,960
1069,21,11,1846100,698,354,344
1070,21,11,1846200,1539,797,742
1071,21,11,1846300,1832,950,882
1072,21,11,1846400,309,164,145
1073,21,11,1846500,901,469,432
1074,21,11,1846600,298,150,148
1075,21,11,1846700,572,278,294
1076,21,11,1846800,969,469,500
1077,21,11,1846900,222,103,119
1078,21,11,1847000,454,239,215
1079,21,11,1847100,2280,1119,1161
1080,21,11,1847200,557,274,283
1081,21,11,1847300,351,169,182
1082,21,11,1847400,582,302,280
1083,21,11,1847500,136,62,74
1084,21,11,1847600,269,125,144
1085,21,11,1847700,828,416,412
1086,21,11,1847800,223,112,111
1087,21,11,1847900,394,191,203
1088,21,11,1848000,1634,784,850
1089,21,11,1848100,213,96,117
1090,21,11,1848200,580,303,277
1091,21,11,1848300,2705,1284,1421
1092,21,11,1848400,834,398,436
1093,21,11,1848500,1637,821,816
1094,21,11,1848600,766,398,368
1095,21,11,1848700,4473,2224,2249
1096,21,11,1848800,1713,880,833
1097,21,11,1848900,795,402,393
1098,21,11,1849000,870,433,437
1099,21,11,1849100,2115,1116,999
1100,21,11,1849200,583,306,277
1101,21,11,1849300,2279,1194,1085
1102,21,11,1849400,1112,565,547
1103,21,11,1849500,291,152,139
1104,21,11,1849600,385,178,207
1105,21,11,1849700,1686,879,807
1106,21,11,1849800,382,205,177
1107,21,11,1849900,2969,1545,1424
1108,21,11,1850000,621,310,311
1109,21,11,1850100,574,292,282
1110,21,11,1850200,2297,1201,1096
1111,21,11,1850300,2222,1128,1094
1112,21,11,1850400,129,69,60
1113,21,11,1850500,830,420,410
1114,21,11,1850600,233,94,139
1115,21,11,1850700,1079,534,545
1116,21,11,1850800,217,117,100
1117,21,11,1850900,722,366,356
1118,21,11,1851000,145,73,72
1119,21,11,1851100,607,313,294
1120,21,11,1851200,148,79,69
1121,21,11,1851300,2456,1251,1205
1122,21,11,1851400,1710,867,843
1123,21,11,1851500,3742,1955,1787
1124,21,11,1851600,328,166,162
1125,21,11,1851700,144,73,71
1126,21,11,1851800,976,500,476
1127,21,11,1851900,1564,791,773
1128,21,11,1852000,323,156,167
1129,21,11,1852100,48,24,24
1130,21,11,1852200,464,250,214
1131,21,11,1852300,935,471,464
1132,21,11,1852400,99,47,52
1133,21,11,1852500,390,187,203
1134,21,11,1852600,412,210,202
1135,21,11,1852700,64,30,34
1136,21,11,1852800,1004,486,518
1137,21,11,1852900,970,482,488
1138,21,11,1853000,301,154,147
1139,21,11,1853100,809,409,400
1140,21,11,1853200,347,181,166
1141,21,11,1853300,26,12,14
1142,21,11,1853400,989,514,475
1143,21,11,1853500,0,0,0
1144,21,11,1853600,1393,666,727
1145,21,11,1853700,477,233,244
1146,21,11,1853800,0,0,0
1147,21,11,1853900,0,0,0
1148,21,11,1854000,821,416,405
1149,21,11,1854100,1516,775,741
1150,21,11,1854200,441,215,226
1151,21,11,1854300,994,505,489
1152,21,11,1854400,316,163,153
1153,21,11,1854500,390,195,195
1154,21,11,1854600,246,123,123
1155,21,11,1854700,1988,993,995
1156,21,11,1854800,2386,1197,1189
1157,21,11,1854900,599,314,285
1158,21,11,1855000,344,175,169
1159,21,11,1855100,0,0,0
1160,21,11,1855200,733,377,356
1161,21,11,1855300,1115,547,568
1162,21,11,1855400,217,99,118
1163,21,11,1855500,531,269,262
1164,21,11,1855600,302,151,151
1165,21,11,1855700,268,136,132
1166,21,11,1855800,561,292,269
1167,21,11,1855900,844,427,417
1168,21,11,1856000,1843,935,908
1169,21,11,1856100,3233,1669,1564
1170,21,11,1856200,1063,524,539
1171,21,11,1856300,3010,1507,1503
1172,21,11,1856400,1137,571,566
1173,21,11,1856500,1339,683,656
1174,21,11,1856600,836,411,425
1175,21,11,1856700,940,470,470
1176,21,11,1856800,903,437,466
1177,21,11,1856900,2205,1127,1078
1178,21,11,1857000,1023,541,482
1179,21,11,1857100,146,80,66
1180,21,11,1857200,1124,533,591
1181,21,11,1857300,18,3,15
1182,21,11,1857400,1011,496,515
1183,21,11,1857500,1308,692,616
1184,21,11,1857600,1227,633,594
1185,21,11,1857700,1223,618,605
1186,21,11,1857800,499,256,243
1187,21,11,1857900,1097,556,541
1188,21,11,1858000,353,178,175
1189,21,11,1858100,1323,660,663
1190,21,11,1858200,1156,583,573
1191,21,11,1858300,1120,597,523
1192,21,11,1858400,661,334,327
1193,21,11,1858500,726,374,352
1194,21,11,1858600,274,141,133
1195,21,11,1858700,1492,729,763
1196,21,11,1858800,439,216,223
1197,21,11,1858900,87,41,46
1198,21,11,1859000,1613,826,787
1199,21,11,1859100,1908,963,945
1200,21,11,1859200,1600,842,758
1201,21,11,1859300,211,108,103
1202,21,11,1859400,403,187,216
1203,21,11,1859500,686,320,366
1204,21,11,1859600,801,391,410
1205,21,11,1859700,427,199,228
1206,21,11,1859800,1070,497,573
1207,21,11,1859900,887,424,463
1208,21,11,1860000,124,63,61
1209,21,11,1860100,316,150,166
1210,21,11,1860200,88,44,44
1211,21,11,1860300,154,74,80
1212,21,11,1860400,73,25,48
1213,21,11,1860500,1976,1061,915
1214,21,11,1860600,138,68,70
1215,21,11,1860700,264,134,130
1216,21,11,1860800,681,369,312
1217,21,11,1860900,84,34,50
1218,21,11,1861000,632,318,314
1219,21,11,1861100,442,222,220
1220,21,11,1861200,684,352,332
1221,21,11,1861300,604,302,302
1222,21,11,1861400,0,0,0
1223,21,11,1861500,276,144,132
1224,21,11,1861600,1650,840,810
1225,21,11,1861700,1481,742,739
1226,21,11,1861800,2459,1237,1222
1227,21,11,1861900,1828,934,894
1228,21,11,1862000,658,323,335
1229,21,11,1862100,281,140,141
1230,21,11,1862200,1169,580,589
1231,21,11,1862300,1653,862,791
1232,21,11,1862400,437,210,227
1233,21,11,1862500,827,413,414
1234,21,11,1862600,1294,679,615
1235,21,11,1862700,769,390,379
1236,21,11,1862800,2416,1264,1152
1237,21,11,1862900,595,288,307
1238,21,11,1863000,692,334,358
1239,21,11,1863100,193,98,95
1240,21,11,1863200,2460,1250,1210
1241,21,11,1863300,1419,714,705
1242,21,11,1863400,885,468,417
1243,21,11,1863500,3815,1918,1897
1244,21,11,1863600,311,169,142
1245,21,11,1863700,861,437,424
1246,21,11,1863800,254,131,123
1247,21,11,1863900,619,314,305
1248,21,11,1864000,1067,545,522
1249,21,11,1864100,1301,655,646
1250,21,11,1864200,624,326,298
1251,21,11,1864300,189,98,91
1252,21,11,1864400,394,203,191
1253,21,11,1864500,612,299,313
1254,21,11,1864600,998,476,522
1255,21,11,1864700,1144,571,573
1256,21,11,1864800,149,79,70
1257,21,11,1864900,240,125,115
1258,21,11,1865000,1038,523,515
1259,21,11,1865100,0,0,0
1260,21,11,1865200,452,226,226
1261,21,11,1865300,583,298,285
1262,21,11,1865400,512,260,252
1263,21,11,1865500,897,470,427
1264,21,11,1865600,922,492,430
1265,21,11,1865700,2563,1254,1309
1266,21,11,1865800,469,233,236
1267,21,11,1865900,580,293,287
1268,21,11,1866000,801,387,414
1269,21,11,1866100,643,303,340
1270,21,11,1866200,151,72,79
1271,21,11,1866300,1121,557,564
1272,21,11,1866400,837,424,413
1273,21,11,1866500,1100,565,535
1274,21,11,1866600,133,64,69
1275,21,11,1866700,276,137,139
1276,21,11,1866800,0,0,0
1277,21,11,1866900,0,0,0
1278,21,11,1867000,722,371,351
1279,21,11,1867100,133,65,68
1280,21,11,1867200,968,465,503
1281,21,11,1867300,419,209,210
1282,21,11,1867400,2331,1185,1146
1283,21,11,1867500,1381,706,675
1284,21,11,1867600,204,107,97
1285,21,11,1867700,1560,742,818
1286,21,11,1867800,578,308,270
1287,21,11,1867900,1322,665,657
