,Statecode,Districtcode,VillageCode,Population,Males,Females
0,21,372,155600,163,84,79
1,21,372,155700,521,265,256
2,21,372,155800,2636,1316,1320
3,21,372,155900,942,482,460
4,21,372,156000,597,289,308
5,21,372,156100,538,264,274
6,21,372,156200,639,322,317
7,21,372,156300,2178,1055,1123
8,21,372,156400,807,376,431
9,21,372,156500,315,161,154
10,21,372,156600,399,223,176
11,21,372,156700,694,359,335
12,21,372,156800,146,74,72
13,21,372,156900,1085,541,544
14,21,372,157000,770,363,407
15,21,372,157100,1265,620,645
16,21,372,157200,2243,1149,1094
17,21,372,157300,248,119,129
18,21,372,157400,1034,505,529
19,21,372,157500,2588,1307,1281
20,21,372,157600,756,374,382
21,21,372,157700,1868,881,987
22,21,372,157800,740,378,362
23,21,372,157900,309,144,165
24,21,372,158000,781,406,375
25,21,372,158100,1069,534,535
26,21,372,158200,812,388,424
27,21,372,158300,630,299,331
28,21,372,158400,1544,790,754
29,21,372,158500,296,152,144
30,21,372,158600,335,155,180
31,21,372,158700,211,101,110
32,21,372,158800,2077,1042,1035
33,21,372,158900,1965,963,1002
34,21,372,159000,522,264,258
35,21,372,159100,449,226,223
36,21,372,159200,954,475,479
37,21,372,159300,2441,1206,1235
38,21,372,159400,194,90,104
39,21,372,159500,974,462,512
40,21,372,159600,865,442,423
41,21,372,159700,413,213,200
42,21,372,159800,959,471,488
43,21,372,159900,793,396,397
44,21,372,160000,1284,566,718
45,21,372,160100,620,296,324
46,21,372,160200,1008,494,514
47,21,372,160300,510,234,276
48,21,372,160400,162,81,81
49,21,372,160500,319,159,160
50,21,372,160600,549,274,275
51,21,372,160700,1062,528,534
52,21,372,160800,162,87,75
53,21,372,160900,748,400,348
54,21,372,161000,484,256,228
55,21,372,161100,1969,1000,969
56,21,372,161200,304,140,164
57,21,372,161300,6958,3523,3435
58,21,372,161400,1028,526,502
59,21,372,161500,3435,1731,1704
60,21,372,161600,465,246,219
61,21,372,161700,1020,521,499
62,21,372,161800,288,140,148
63,21,372,161900,709,354,355
64,21,372,162000,534,278,256
65,21,372,162100,1263,641,622
66,21,372,162200,756,375,381
67,21,372,162300,468,220,248
68,21,372,162400,234,112,122
69,21,372,162500,752,339,413
70,21,372,162600,460,228,232
71,21,372,162700,1050,514,536
72,21,372,162800,252,106,146
73,21,372,162900,883,450,433
74,21,372,163000,1333,659,674
75,21,372,163100,31,13,18
76,21,372,163200,904,450,454
77,21,372,163300,1091,554,537
78,21,372,163400,434,237,197
79,21,372,163500,116,56,60
80,21,372,163600,1602,700,902
81,21,372,163700,932,489,443
82,21,372,163800,711,337,374
83,21,372,163900,358,166,192
84,21,372,164000,639,330,309
85,21,372,164100,388,173,215
86,21,372,164200,285,132,153
87,21,372,164300,754,385,369
88,21,372,164400,188,93,95
89,21,372,164500,693,346,347
90,21,372,164600,877,439,438
91,21,372,164700,888,442,446
92,21,372,164800,1098,498,600
93,21,372,164900,432,204,228
94,21,372,165000,441,213,228
95,21,372,165100,471,232,239
96,21,372,165200,139,73,66
97,21,372,165300,276,126,150
98,21,372,165400,126,63,63
99,21,372,165500,327,162,165
100,21,372,165600,236,121,115
101,21,372,165700,945,452,493
102,21,372,165800,396,206,190
103,21,372,165900,2150,1100,1050
104,21,372,166000,760,358,402
105,21,372,166100,442,216,226
106,21,372,166200,381,188,193
107,21,372,166300,1181,594,587
108,21,372,166400,217,115,102
109,21,372,166500,772,355,417
110,21,372,166600,646,321,325
111,21,372,166700,125,61,64
112,21,372,166800,127,60,67
113,21,372,166900,247,123,124
114,21,372,167000,40,20,20
115,21,372,167100,555,280,275
116,21,372,167200,236,114,122
117,21,372,167300,414,204,210
118,21,372,167400,297,156,141
119,21,372,167500,608,302,306
120,21,372,167600,2705,1398,1307
121,21,372,167700,1309,669,640
122,21,372,167800,737,383,354
123,21,372,167900,1231,613,618
124,21,372,168000,1199,592,607
125,21,372,168100,497,249,248
126,21,372,168200,236,102,134
127,21,372,168300,309,145,164
128,21,372,168400,1017,520,497
129,21,372,168500,767,379,388
130,21,372,168600,282,136,146
131,21,372,168700,330,165,165
132,21,372,168800,163,83,80
133,21,372,168900,224,117,107
134,21,372,169000,1546,769,777
135,21,372,169100,381,197,184
136,21,372,169200,332,159,173
137,21,372,169300,105,55,50
138,21,372,169400,1549,789,760
139,21,372,169500,1364,701,663
140,21,372,169600,469,242,227
141,21,372,169700,1481,758,723
142,21,372,169800,302,160,142
143,21,372,169900,413,213,200
144,21,372,170000,267,135,132
145,21,372,170100,296,137,159
146,21,372,170200,855,422,433
147,21,372,170300,1846,968,878
148,21,372,170400,16,6,10
149,21,372,170500,713,369,344
150,21,372,170600,1319,561,758
151,21,372,170700,1067,517,550
152,21,372,170800,660,343,317
153,21,372,170900,392,188,204
154,21,372,171000,1637,811,826
155,21,372,171100,1201,595,606
156,21,372,171200,100,47,53
157,21,372,171300,619,302,317
158,21,372,171400,701,341,360
159,21,372,171500,192,92,100
160,21,372,171600,129,64,65
161,21,372,171700,430,224,206
162,21,372,171800,205,101,104
163,21,372,171900,125,58,67
164,21,372,172000,720,380,340
165,21,372,172100,2425,1158,1267
166,21,372,172200,499,264,235
167,21,372,172300,551,279,272
168,21,372,172400,384,192,192
169,21,372,172500,2147,1072,1075
170,21,372,172600,666,352,314
171,21,372,172700,313,154,159
172,21,372,172800,450,208,242
173,21,372,172900,891,429,462
174,21,372,173000,652,358,294
175,21,372,173100,253,129,124
176,21,372,173200,143,73,70
177,21,372,173300,662,332,330
178,21,372,173400,398,214,184
179,21,372,173500,1471,756,715
180,21,372,173600,709,361,348
181,21,372,173700,194,98,96
182,21,372,173800,335,159,176
183,21,372,173900,286,134,152
184,21,372,174000,172,83,89
185,21,372,174100,309,151,158
186,21,372,174200,173,81,92
187,21,372,174300,26,15,11
188,21,372,174400,1056,544,512
189,21,372,174500,83,38,45
190,21,372,174600,130,72,58
191,21,372,174700,503,242,261
192,21,372,174800,530,265,265
193,21,372,174900,409,215,194
194,21,372,175000,402,186,216
195,21,372,175100,214,106,108
196,21,372,175200,215,102,113
197,21,372,175300,1438,682,756
198,21,372,175400,856,424,432
199,21,372,175500,432,223,209
200,21,372,175600,565,268,297
201,21,372,175700,0,0,0
202,21,372,175800,411,202,209
203,21,372,175900,469,242,227
204,21,372,176000,38,24,14
205,21,372,176100,314,154,160
206,21,372,176200,566,300,266
207,21,372,176300,165,78,87
208,21,372,176400,1215,605,610
209,21,372,176500,299,150,149
210,21,372,176600,1057,531,526
211,21,372,176700,1423,709,714
212,21,372,176800,653,340,313
213,21,372,176900,573,289,284
214,21,372,177000,401,212,189
215,21,372,177100,1438,718,720
216,21,372,177200,1375,698,677
217,21,372,177300,1402,692,710
218,21,372,177400,301,141,160
219,21,372,177500,775,375,400
220,21,372,177600,738,380,358
221,21,372,177700,1641,822,819
222,21,372,177800,762,396,366
223,21,372,177900,2254,1130,1124
224,21,372,178000,13,6,7
225,21,372,178100,578,291,287
226,21,372,178200,1615,816,799
227,21,372,178300,954,469,485
228,21,372,178400,1407,701,706
229,21,372,178500,1461,724,737
230,21,372,178600,246,121,125
231,21,372,178700,343,165,178
232,21,372,178800,84,46,38
233,21,372,178900,914,453,461
234,21,372,179000,255,133,122
235,21,372,179100,449,223,226
236,21,372,179200,751,378,373
237,21,372,179300,15,5,10
238,21,372,179400,92,38,54
239,21,372,179500,759,380,379
240,21,372,179600,119,64,55
241,21,372,179700,0,0,0
242,21,372,179800,1110,563,547
243,21,372,179900,44,23,21
244,21,372,180000,592,304,288
245,21,372,180100,332,163,169
246,21,372,180200,0,0,0
247,21,372,180300,119,62,57
248,21,372,180400,903,434,469
249,21,372,180500,83,36,47
250,21,372,180600,911,442,469
251,21,372,180700,773,394,379
252,21,372,180800,1030,485,545
253,21,372,180900,309,152,157
254,21,372,181000,882,454,428
255,21,372,181100,0,0,0
256,21,372,181200,296,134,162
257,21,372,181300,402,197,205
258,21,372,181400,971,503,468
259,21,372,181500,170,75,95
260,21,372,181600,353,166,187
261,21,372,181700,1656,846,810
262,21,372,181800,658,315,343
263,21,372,181900,364,177,187
264,21,372,182000,0,0,0
265,21,372,182100,859,416,443
266,21,372,182200,754,375,379
267,21,372,182300,883,414,469
268,21,372,182400,888,467,421
269,21,372,182500,1013,497,516
270,21,372,182600,662,332,330
271,21,372,182700,858,410,448
272,21,372,182800,1324,666,658
273,21,372,182900,260,125,135
274,21,372,183000,34,15,19
275,21,372,183100,531,259,272
276,21,372,183200,871,429,442
277,21,372,183300,203,105,98
278,21,372,183400,1486,778,708
279,21,372,183500,333,156,177
280,21,372,183600,614,279,335
281,21,372,183700,532,276,256
282,21,372,183800,2041,1011,1030
283,21,372,183900,552,271,281
284,21,372,184000,75,37,38
285,21,372,184100,994,511,483
286,21,372,184200,368,176,192
287,21,372,184300,217,119,98
288,21,372,184400,116,66,50
289,21,372,184500,901,434,467
290,21,372,184600,71,34,37
291,21,372,184700,34,13,21
292,21,372,184800,134,71,63
293,21,372,184900,248,130,118
294,21,372,185000,175,85,90
295,21,372,185100,823,409,414
296,21,372,185200,525,275,250
297,21,372,185300,523,258,265
298,21,372,185400,0,0,0
299,21,372,185500,287,152,135
300,21,372,185600,571,282,289
301,21,372,185700,395,191,204
302,21,372,185800,216,114,102
303,21,372,185900,856,423,433
304,21,372,186000,270,132,138
305,21,372,186100,27,11,16
306,21,372,186200,63,31,32
307,21,372,186300,206,101,105
308,21,372,186400,468,238,230
309,21,372,186500,42,22,20
310,21,372,186600,428,204,224
311,21,372,186700,206,96,110
312,21,372,186800,0,0,0
313,21,372,186900,74,33,41
314,21,372,187000,639,307,332
315,21,372,187100,443,210,233
316,21,372,187200,1276,639,637
317,21,372,187300,565,281,284
318,21,372,187400,244,121,123
319,21,372,187500,197,111,86
320,21,372,187600,514,246,268
321,21,372,187700,1867,990,877
322,21,372,187800,222,117,105
323,21,372,187900,176,93,83
324,21,372,188000,184,80,104
325,21,372,188100,66,36,30
326,21,372,188200,226,127,99
327,21,372,188300,56,33,23
328,21,372,188400,255,130,125
329,21,372,188500,200,93,107
330,21,372,188600,0,0,0
331,21,372,188700,309,150,159
332,21,372,188800,642,314,328
333,21,372,188900,483,223,260
334,21,372,189000,0,0,0
335,21,372,189100,111,57,54
336,21,372,189200,498,266,232
337,21,372,189300,1194,641,553
338,21,372,189400,61,28,33
339,21,372,189500,193,96,97
340,21,372,189600,4,2,2
341,21,372,189700,501,237,264
342,21,372,189800,545,269,276
343,21,372,189900,0,0,0
344,21,372,190000,855,420,435
345,21,372,190100,211,117,94
346,21,372,190200,275,125,150
347,21,372,190300,976,493,483
348,21,372,190400,178,87,91
349,21,372,190500,135,66,69
350,21,372,190600,324,159,165
351,21,372,190700,297,151,146
352,21,372,190800,112,53,59
353,21,372,190900,71,31,40
354,21,372,191000,110,58,52
355,21,372,191100,55,26,29
356,21,372,191200,53,26,27
357,21,372,191300,41,22,19
358,21,372,191400,63,34,29
359,21,372,191500,249,121,128
360,21,372,191600,514,254,260
361,21,372,191700,1153,592,561
362,21,372,191800,255,123,132
363,21,372,191900,26,12,14
364,21,372,192000,180,87,93
365,21,372,192100,105,53,52
366,21,372,192200,1018,503,515
367,21,372,192300,311,162,149
368,21,372,192400,385,180,205
369,21,372,192500,647,314,333
370,21,372,192600,1389,704,685
371,21,372,192700,143,67,76
372,21,372,192800,83,38,45
373,21,372,192900,325,146,179
374,21,372,193000,392,194,198
375,21,372,193100,204,96,108
376,21,372,193200,672,324,348
377,21,372,193300,48,23,25
378,21,372,193400,149,74,75
379,21,372,193500,414,195,219
380,21,372,193600,390,198,192
381,21,372,193700,723,363,360
382,21,372,193800,493,237,256
383,21,372,193900,140,70,70
384,21,372,194000,429,246,183
385,21,372,194100,93,40,53
386,21,372,194200,548,281,267
387,21,372,194300,159,75,84
388,21,372,194400,130,52,78
389,21,372,194500,163,78,85
390,21,372,194600,1512,769,743
391,21,372,194700,53,25,28
392,21,372,194800,75,34,41
393,21,372,194900,343,177,166
394,21,372,195000,341,178,163
395,21,372,195100,147,74,73
396,21,372,195200,186,87,99
397,21,372,195300,94,55,39
398,21,372,195400,119,57,62
399,21,372,195500,643,329,314
400,21,372,195600,308,159,149
401,21,372,195700,216,104,112
402,21,372,195800,95,46,49
403,21,372,195900,314,154,160
404,21,372,196000,499,265,234
405,21,372,196100,0,0,0
406,21,372,196200,429,222,207
407,21,372,196300,144,73,71
408,21,372,196400,438,232,206
409,21,372,196500,94,50,44
410,21,372,196600,285,141,144
411,21,372,196700,0,0,0
412,21,372,196800,571,285,286
413,21,372,196900,521,258,263
414,21,372,197000,1249,624,625
415,21,372,197100,150,77,73
416,21,372,197200,268,137,131
417,21,372,197300,157,64,93
418,21,372,197400,647,314,333
419,21,372,197500,452,231,221
420,21,372,197600,81,47,34
421,21,372,197700,93,47,46
422,21,372,197800,172,83,89
423,21,372,197900,203,112,91
424,21,372,198000,772,373,399
425,21,372,198100,78,31,47
426,21,372,198200,110,58,52
427,21,372,198300,323,169,154
428,21,372,198400,175,94,81
429,21,372,198500,1179,616,563
430,21,372,198600,4447,2355,2092
431,21,372,198700,574,288,286
432,21,372,198800,12,7,5
433,21,372,198900,893,442,451
434,21,372,199000,421,205,216
435,21,372,199100,200,90,110
436,21,372,199200,507,245,262
437,21,372,199300,597,303,294
438,21,372,199400,121,68,53
439,21,372,199500,638,313,325
440,21,372,199600,375,188,187
441,21,372,199700,0,0,0
442,21,372,199800,0,0,0
443,21,372,199900,0,0,0
444,21,372,200000,555,259,296
445,21,372,200100,2173,1098,1075
446,21,372,200200,252,116,136
447,21,372,200300,554,277,277
448,21,372,200400,225,112,113
449,21,372,200500,551,277,274
450,21,372,200600,1646,825,821
451,21,372,200700,114,56,58
452,21,372,200800,210,115,95
453,21,372,200900,225,111,114
454,21,372,201000,314,150,164
455,21,372,201100,60,30,30
456,21,372,201200,154,78,76
457,21,372,201300,541,269,272
458,21,372,201400,263,129,134
459,21,372,201500,2172,1130,1042
460,21,372,201600,913,447,466
461,21,372,201700,149,72,77
462,21,372,201800,73,37,36
463,21,372,201900,0,0,0
464,21,372,202000,471,247,224
465,21,372,202100,104,51,53
466,21,372,202200,206,95,111
467,21,372,202300,454,200,254
468,21,372,202400,587,282,305
469,21,372,202500,271,125,146
470,21,372,202600,552,279,273
471,21,372,202700,244,107,137
472,21,372,202800,299,150,149
473,21,372,202900,331,159,172
474,21,372,203000,221,122,99
475,21,372,203100,139,63,76
476,21,372,203200,412,212,200
477,21,372,203300,208,104,104
478,21,372,203400,12,4,8
479,21,372,203500,668,340,328
480,21,372,203600,398,217,181
481,21,372,203700,384,193,191
482,21,372,203800,806,406,400
483,21,372,203900,333,171,162
484,21,372,204000,252,117,135
485,21,372,204100,98,48,50
486,21,372,204200,172,91,81
487,21,372,204300,542,297,245
488,21,372,204400,564,285,279
489,21,372,204500,1326,671,655
490,21,372,204600,271,141,130
491,21,372,204700,1067,521,546
492,21,372,204800,286,140,146
493,21,372,204900,384,208,176
494,21,372,205000,996,509,487
495,21,372,205100,389,192,197
496,21,372,205200,61,33,28
497,21,372,205300,488,249,239
498,21,372,205400,570,291,279
499,21,372,205500,0,0,0
500,21,372,205600,880,447,433
501,21,372,205700,1482,737,745
502,21,372,205800,768,403,365
503,21,372,205900,432,222,210
504,21,372,206000,706,363,343
505,21,372,206100,211,102,109
506,21,372,206200,157,72,85
507,21,372,206300,141,66,75
508,21,372,206400,395,186,209
509,21,372,206500,117,61,56
510,21,372,206600,405,188,217
511,21,372,206700,312,150,162
512,21,372,206800,265,133,132
513,21,372,206900,275,137,138
514,21,372,207000,57,33,24
515,21,372,207100,96,45,51
516,21,372,207200,217,105,112
517,21,372,207300,0,0,0
518,21,372,207400,224,107,117
519,21,372,207500,222,95,127
520,21,372,207600,315,140,175
521,21,372,207700,67,31,36
522,21,372,207800,1578,769,809
523,21,372,207900,96,56,40
524,21,372,208000,81,36,45
525,21,372,208100,22,7,15
526,21,372,208200,73,38,35
527,21,372,208300,818,418,400
528,21,372,208400,193,87,106
529,21,372,208500,0,0,0
530,21,372,208600,0,0,0
531,21,372,208700,297,161,136
532,21,372,208800,949,469,480
533,21,372,208900,74,42,32
534,21,372,209000,63,26,37
535,21,372,209100,279,146,133
536,21,372,209200,187,90,97
537,21,372,209300,52,27,25
538,21,372,209400,0,0,0
539,21,372,209500,0,0,0
540,21,372,209600,0,0,0
541,21,372,209700,0,0,0
542,21,372,209800,575,289,286
543,21,372,209900,0,0,0
544,21,372,210000,41,23,18
545,21,372,210100,35,20,15
546,21,372,210200,7,4,3
547,21,372,210300,46,18,28
548,21,372,210400,17,7,10
549,21,372,210500,51,26,25
550,21,372,210600,299,150,149
551,21,372,210700,171,85,86
552,21,372,210800,87,38,49
553,21,372,210900,0,0,0
554,21,372,211000,96,42,54
555,21,372,211100,0,0,0
556,21,372,211200,235,123,112
557,21,372,211300,11,5,6
558,21,372,211400,18,11,7
559,21,372,211500,0,0,0
560,21,372,211600,0,0,0
561,21,372,211700,375,187,188
562,21,372,211800,1098,555,543
563,21,372,211900,1166,608,558
564,21,372,212000,0,0,0
565,21,372,212100,714,368,346
566,21,372,212200,1462,701,761
567,21,372,212300,536,267,269
568,21,372,212400,396,195,201
569,21,372,212500,96,47,49
570,21,372,212600,277,140,137
571,21,372,212700,119,60,59
572,21,372,212800,84,37,47
573,21,372,212900,47,24,23
574,21,372,213000,454,234,220
575,21,372,213100,987,483,504
576,21,372,213200,144,70,74
577,21,372,213300,582,291,291
578,21,372,213400,909,460,449
579,21,372,213500,0,0,0
580,21,372,213600,321,165,156
581,21,372,213700,70,40,30
582,21,372,213800,151,78,73
583,21,372,213900,0,0,0
584,21,372,214000,0,0,0
585,21,372,214100,161,93,68
586,21,372,214200,90,35,55
587,21,372,214300,396,194,202
588,21,372,214400,212,95,117
589,21,372,214500,298,151,147
590,21,372,214600,159,78,81
591,21,372,214700,111,51,60
592,21,372,214800,157,77,80
593,21,372,214900,191,87,104
594,21,372,215000,345,173,172
595,21,372,215100,113,48,65
596,21,372,215200,223,104,119
597,21,372,215300,101,42,59
598,21,372,215400,37,14,23
599,21,372,215500,441,213,228
600,21,372,215600,268,147,121
601,21,372,215700,399,197,202
602,21,372,215800,268,132,136
603,21,372,215900,434,221,213
604,21,372,216000,287,147,140
605,21,372,216100,102,46,56
606,21,372,216200,95,50,45
607,21,372,216300,11,3,8
608,21,372,216400,3429,1704,1725
609,21,372,216500,812,388,424
610,21,372,216600,0,0,0
611,21,372,216700,0,0,0
612,21,372,216800,494,255,239
613,21,372,216900,724,362,362
614,21,372,217000,175,84,91
615,21,372,217100,1,1,0
616,21,372,217200,0,0,0
617,21,372,217300,3,1,2
618,21,372,217400,37,15,22
619,21,372,217500,136,68,68
620,21,372,217600,335,157,178
621,21,372,217700,147,71,76
622,21,372,217800,26,14,12
623,21,372,217900,132,77,55
624,21,372,218000,488,238,250
625,21,372,218100,85,42,43
626,21,372,218200,0,0,0
627,21,372,218300,1319,679,640
628,21,372,218400,1737,860,877
629,21,372,218500,458,234,224
630,21,372,218600,40,22,18
631,21,372,218700,31,18,13
632,21,372,218800,1165,578,587
633,21,372,218900,23,11,12
634,21,372,219000,771,383,388
635,21,372,219100,630,330,300
636,21,372,219200,385,206,179
637,21,372,219300,362,176,186
638,21,372,219400,0,0,0
639,21,372,219500,167,78,89
640,21,372,219600,210,104,106
641,21,372,219700,56,33,23
642,21,372,219800,323,163,160
643,21,372,219900,156,75,81
644,21,372,220000,442,222,220
645,21,372,220100,416,211,205
646,21,372,220200,211,104,107
647,21,372,220300,0,0,0
648,21,372,220400,586,309,277
649,21,372,220500,499,256,243
650,21,372,220600,0,0,0
651,21,372,220700,638,342,296
652,21,372,220800,754,380,374
653,21,372,220900,228,122,106
654,21,372,221000,30,22,8
655,21,372,221100,156,74,82
656,21,372,221200,0,0,0
657,21,372,221300,478,224,254
658,21,372,221400,749,385,364
659,21,372,221500,95,44,51
660,21,372,221600,313,166,147
661,21,372,221700,139,67,72
662,21,372,221800,51,26,25
663,21,372,221900,0,0,0
664,21,372,222000,383,191,192
665,21,372,222100,25,8,17
666,21,372,222200,1592,796,796
667,21,372,222300,52,27,25
668,21,372,222400,533,248,285
669,21,372,222500,1883,947,936
670,21,372,222600,1285,639,646
671,21,372,222700,520,264,256
672,21,372,222800,1461,719,742
673,21,372,222900,0,0,0
674,21,372,223000,780,389,391
675,21,372,223100,449,220,229
676,21,372,223200,691,355,336
677,21,372,223300,135,61,74
678,21,372,223400,0,0,0
679,21,372,223500,0,0,0
680,21,372,223600,115,56,59
681,21,372,223700,419,214,205
682,21,372,223800,20,11,9
683,21,372,223900,320,149,171
684,21,372,224000,521,276,245
685,21,372,224100,194,103,91
686,21,372,224200,325,156,169
687,21,372,224300,267,137,130
688,21,372,224400,254,133,121
689,21,372,224500,979,490,489
690,21,372,224600,327,173,154
691,21,372,224700,877,461,416
692,21,372,224800,1321,668,653
693,21,372,224900,597,288,309
694,21,372,225000,1109,549,560
695,21,372,225100,487,256,231
696,21,372,225200,1674,850,824
697,21,372,225300,491,236,255
698,21,372,225400,396,195,201
699,21,372,225500,169,73,96
700,21,372,225600,406,201,205
701,21,372,225700,66,37,29
702,21,372,225800,116,60,56
703,21,372,225900,428,204,224
704,21,372,226000,532,256,276
705,21,372,226100,204,100,104
706,21,372,226200,130,57,73
707,21,372,226300,112,71,41
708,21,372,226400,193,101,92
709,21,372,226500,1024,480,544
710,21,372,226600,103,51,52
711,21,372,226700,63,34,29
712,21,372,226800,785,396,389
713,21,372,226900,563,280,283
714,21,372,227000,122,66,56
715,21,372,227100,204,96,108
716,21,372,227200,313,155,158
717,21,372,227300,282,136,146
718,21,372,227400,560,289,271
719,21,372,227500,373,180,193
720,21,372,227600,190,98,92
721,21,372,227700,0,0,0
722,21,372,227800,0,0,0
723,21,372,227900,639,309,330
724,21,372,228000,25,12,13
725,21,372,228100,226,114,112
726,21,372,228200,66,35,31
727,21,372,228300,212,105,107
728,21,372,228400,205,102,103
729,21,372,228500,786,391,395
730,21,372,228600,20,11,9
731,21,372,228700,0,0,0
732,21,372,228800,94,51,43
733,21,372,228900,533,275,258
734,21,372,229000,343,162,181
735,21,372,229100,454,236,218
736,21,372,229200,52,30,22
737,21,372,229300,181,85,96
738,21,372,229400,166,75,91
739,21,372,229500,134,70,64
740,21,372,229600,267,130,137
741,21,372,229700,381,178,203
742,21,372,229800,243,113,130
743,21,372,229900,0,0,0
744,21,372,230000,23,14,9
745,21,372,230100,202,90,112
746,21,372,230200,31,13,18
747,21,372,230300,500,252,248
748,21,372,230400,0,0,0
749,21,372,230500,0,0,0
750,21,372,230600,495,258,237
751,21,372,230700,107,53,54
752,21,372,230800,0,0,0
753,21,372,230900,45,24,21
754,21,372,231000,107,62,45
755,21,372,231100,726,325,401
756,21,372,231200,288,137,151
757,21,372,231300,722,356,366
758,21,372,231400,136,64,72
759,21,372,231500,331,176,155
760,21,372,231600,25,13,12
761,21,372,231700,35,15,20
762,21,372,231800,563,287,276
763,21,372,231900,303,157,146
764,21,372,232000,80,41,39
765,21,372,232100,1448,726,722
766,21,372,232200,539,255,284
767,21,372,232300,0,0,0
768,21,372,232400,0,0,0
769,21,372,232500,6,2,4
770,21,372,232600,190,96,94
771,21,372,232700,274,136,138
772,21,372,232800,152,83,69
773,21,372,232900,270,147,123
774,21,372,233000,873,440,433
775,21,372,233100,739,364,375
776,21,372,233200,13,7,6
777,21,372,233300,631,323,308
778,21,372,233400,311,157,154
779,21,372,233500,302,141,161
780,21,372,233600,428,205,223
781,21,372,233700,112,55,57
782,21,372,233800,52,24,28
783,21,372,233900,253,129,124
784,21,372,234000,435,236,199
785,21,372,234100,1051,517,534
786,21,372,234200,661,329,332
787,21,372,234300,731,375,356
788,21,372,234400,212,98,114
789,21,372,234500,151,77,74
790,21,372,234600,162,92,70
791,21,372,234700,453,223,230
792,21,372,234800,297,156,141
793,21,372,234900,408,212,196
794,21,372,235000,902,460,442
795,21,372,235100,325,163,162
796,21,372,235200,514,255,259
797,21,372,235300,66,31,35
798,21,372,235400,178,93,85
799,21,372,235500,91,44,47
800,21,372,235600,177,94,83
801,21,372,235700,608,291,317
802,21,372,235800,211,107,104
803,21,372,235900,197,94,103
804,21,372,236000,0,0,0
805,21,372,236100,51,25,26
806,21,372,236200,211,96,115
807,21,372,236300,3,2,1
808,21,372,236400,68,27,41
809,21,372,236500,954,472,482
810,21,372,236600,855,435,420
811,21,372,236700,152,77,75
812,21,372,236800,717,354,363
813,21,372,236900,0,0,0
814,21,372,237000,119,53,66
815,21,372,237100,129,62,67
816,21,372,237200,314,162,152
817,21,372,237300,0,0,0
818,21,372,237400,0,0,0
819,21,372,237500,172,87,85
820,21,372,237600,93,45,48
821,21,372,237700,0,0,0
822,21,372,237800,0,0,0
823,21,372,237900,0,0,0
824,21,372,238000,0,0,0
825,21,372,238100,0,0,0
826,21,372,238200,25,15,10
827,21,372,238300,0,0,0
828,21,372,238400,1087,548,539
829,21,372,238500,145,66,79
830,21,372,238600,101,44,57
831,21,372,238700,286,150,136
832,21,372,238800,187,96,91
833,21,372,238900,187,95,92
834,21,372,239000,596,298,298
835,21,372,239100,311,143,168
836,21,372,239200,462,245,217
837,21,372,239300,536,279,257
838,21,372,239400,1175,686,489
839,21,372,239500,33,13,20
840,21,372,239600,170,88,82
841,21,372,239700,66,25,41
842,21,372,239800,123,74,49
843,21,372,239900,134,61,73
844,21,372,240000,311,172,139
845,21,372,240100,350,187,163
846,21,372,240200,0,0,0
847,21,372,240300,543,274,269
848,21,372,240400,1834,937,897
849,21,372,240500,369,193,176
850,21,372,240600,0,0,0
851,21,372,240700,124,64,60
852,21,372,240800,0,0,0
853,21,372,240900,795,429,366
854,21,372,241000,134,83,51
855,21,372,241100,71,34,37
856,21,372,241200,215,113,102
857,21,372,241300,490,244,246
858,21,372,241400,252,139,113
859,21,372,241500,66,36,30
860,21,372,241600,197,100,97
861,21,372,241700,114,64,50
862,21,372,241800,146,73,73
863,21,372,241900,366,188,178
864,21,372,242000,266,127,139
865,21,372,242100,239,111,128
866,21,372,242200,48,26,22
867,21,372,242300,169,80,89
868,21,372,242400,829,458,371
869,21,372,242500,242,114,128
870,21,372,242600,235,121,114
871,21,372,242700,2058,991,1067
872,21,372,242800,0,0,0
873,21,372,242900,243,127,116
874,21,372,243000,0,0,0
875,21,372,243100,551,296,255
876,21,372,243200,325,160,165
877,21,372,243300,144,64,80
878,21,372,243400,410,212,198
879,21,372,243500,1143,592,551
880,21,372,243600,0,0,0
881,21,372,243700,309,157,152
882,21,372,243800,334,176,158
883,21,372,243900,150,70,80
884,21,372,244000,303,151,152
885,21,372,244100,197,96,101
886,21,372,244200,1081,545,536
887,21,372,244300,139,66,73
888,21,372,244400,659,313,346
889,21,372,244500,570,298,272
890,21,372,244600,346,162,184
891,21,372,244700,236,123,113
892,21,372,244800,0,0,0
893,21,372,244900,348,154,194
894,21,372,245000,198,105,93
895,21,372,245100,0,0,0
896,21,372,245200,36,18,18
897,21,372,245300,202,96,106
898,21,372,245400,669,318,351
899,21,372,245500,363,193,170
900,21,372,245600,238,130,108
901,21,372,245700,264,134,130
902,21,372,245800,221,98,123
903,21,372,245900,701,352,349
904,21,372,246000,175,92,83
905,21,372,246100,298,151,147
906,21,372,246200,416,200,216
907,21,372,246300,0,0,0
908,21,372,246400,464,226,238
909,21,372,246500,31,15,16
910,21,372,246600,175,101,74
911,21,372,246700,346,172,174
912,21,372,246800,313,166,147
913,21,372,246900,471,238,233
914,21,372,247000,91,40,51
915,21,372,247100,182,90,92
916,21,372,247200,531,285,246
917,21,372,247300,274,129,145
918,21,372,247400,15,6,9
919,21,372,247500,307,165,142
920,21,372,247600,413,201,212
921,21,372,247700,84,40,44
922,21,372,247800,358,180,178
923,21,372,247900,25,8,17
924,21,372,248000,203,105,98
925,21,372,248100,298,149,149
926,21,372,248200,125,64,61
927,21,372,248300,98,48,50
928,21,372,248400,819,392,427
929,21,372,248500,182,95,87
930,21,372,248600,202,103,99
931,21,372,248700,849,414,435
932,21,372,248800,352,171,181
933,21,372,248900,57,26,31
934,21,372,249000,2596,1283,1313
935,21,372,249100,258,132,126
936,21,372,249200,606,309,297
937,21,372,249300,2000,1003,997
938,21,372,249400,2250,1110,1140
939,21,372,249500,2594,1326,1268
940,21,372,249600,1283,653,630
941,21,372,249700,709,362,347
942,21,372,249800,1055,525,530
943,21,372,249900,630,321,309
944,21,372,250000,24,11,13
945,21,372,250100,2373,1210,1163
946,21,372,250200,143,64,79
947,21,372,250300,881,458,423
948,21,372,250400,3,2,1
949,21,372,250500,2769,1390,1379
950,21,372,250600,1111,561,550
951,21,372,250700,221,117,104
952,21,372,250800,378,198,180
953,21,372,250900,1315,660,655
954,21,372,251000,2402,1249,1153
955,21,372,251100,1089,554,535
956,21,372,251200,1125,559,566
957,21,372,251300,53,30,23
958,21,372,251400,214,104,110
959,21,372,251500,1706,848,858
960,21,372,251600,1653,818,835
961,21,372,251700,2149,1066,1083
962,21,372,251800,1655,839,816
963,21,372,251900,758,390,368
964,21,372,252000,421,214,207
965,21,372,252100,562,281,281
966,21,372,252200,1195,594,601
967,21,372,252300,2040,1017,1023
968,21,372,252400,823,447,376
969,21,372,252500,817,418,399
970,21,372,252600,531,265,266
971,21,372,252700,1311,673,638
972,21,372,252800,156,83,73
973,21,372,252900,910,475,435
974,21,372,253000,584,281,303
975,21,372,253100,242,124,118
976,21,372,253200,186,93,93
977,21,372,253300,161,82,79
978,21,372,253400,1222,642,580
979,21,372,253500,22,12,10
980,21,372,253600,94,45,49
981,21,372,253700,66,38,28
982,21,372,253800,957,482,475
983,21,372,253900,130,62,68
984,21,372,254000,565,269,296
985,21,372,254100,354,188,166
986,21,372,254200,220,112,108
987,21,372,254300,103,47,56
988,21,372,254400,159,72,87
989,21,372,254500,210,103,107
990,21,372,254600,178,101,77
991,21,372,254700,1028,512,516
992,21,372,254800,2789,1444,1345
993,21,372,254900,256,124,132
994,21,372,255000,151,70,81
995,21,372,255100,0,0,0
996,21,372,255200,12,7,5
997,21,372,255300,340,165,175
998,21,372,255400,374,181,193
999,21,372,255500,104,51,53
1000,21,372,255600,170,83,87
1001,21,372,255700,1305,628,677
1002,21,372,255800,56,27,29
1003,21,372,255900,180,93,87
1004,21,372,256000,255,132,123
1005,21,372,256100,187,102,85
1006,21,372,256200,497,263,234
1007,21,372,256300,256,122,134
1008,21,372,256400,206,107,99
1009,21,372,256500,519,276,243
1010,21,372,256600,25,13,12
1011,21,372,256700,80,40,40
1012,21,372,256800,385,190,195
1013,21,372,256900,64,33,31
1014,21,372,257000,112,55,57
1015,21,372,257100,291,143,148
1016,21,372,257200,257,139,118
1017,21,372,257300,139,71,68
1018,21,372,257400,201,100,101
1019,21,372,257500,286,130,156
1020,21,372,257600,483,247,236
1021,21,372,257700,906,451,455
1022,21,372,257800,603,291,312
1023,21,372,257900,31,14,17
1024,21,372,258000,570,297,273
1025,21,372,258100,0,0,0
1026,21,372,258200,501,259,242
1027,21,372,258300,52,20,32
1028,21,372,258400,2101,1065,1036
1029,21,372,258500,2204,1144,1060
1030,21,372,258600,410,206,204
1031,21,372,258700,165,83,82
1032,21,372,258800,275,133,142
1033,21,372,258900,265,132,133
1034,21,372,259000,620,333,287
1035,21,372,259100,1657,840,817
1036,21,372,259200,1423,744,679
1037,21,372,259300,455,228,227
1038,21,372,259400,635,334,301
1039,21,372,259500,1017,517,500
1040,21,372,259600,1068,542,526
1041,21,372,259700,1543,782,761
1042,21,372,259800,1770,892,878
1043,21,372,259900,379,193,186
1044,21,372,260000,2124,1069,1055
1045,21,372,260100,826,394,432
1046,21,372,260200,1107,562,545
1047,21,372,260300,1742,881,861
1048,21,372,260400,2012,1025,987
1049,21,372,260500,630,307,323
1050,21,372,260600,581,286,295
1051,21,372,260700,523,276,247
1052,21,372,260800,615,323,292
1053,21,372,260900,976,511,465
1054,21,372,261000,1884,958,926
1055,21,372,261100,244,116,128
1056,21,372,261200,474,249,225
1057,21,372,261300,1362,703,659
1058,21,372,261400,453,234,219
1059,21,372,261500,793,379,414
1060,21,372,261600,85,41,44
1061,21,372,261700,313,152,161
1062,21,372,261800,22,7,15
1063,21,372,261900,392,193,199
1064,21,372,262000,681,351,330
1065,21,372,262100,0,0,0
1066,21,372,262200,259,130,129
1067,21,372,262300,570,281,289
1068,21,372,262400,455,225,230
1069,21,372,262500,619,318,301
1070,21,372,262600,247,127,120
1071,21,372,262700,629,312,317
1072,21,372,262800,257,129,128
1073,21,372,262900,388,195,193
1074,21,372,263000,718,353,365
1075,21,372,263100,363,187,176
1076,21,372,263200,298,147,151
1077,21,372,263300,361,172,189
1078,21,372,263400,2654,1394,1260
1079,21,372,263500,483,249,234
1080,21,372,263600,1095,550,545
1081,21,372,263700,457,236,221
1082,21,372,263800,660,335,325
1083,21,372,263900,835,412,423
1084,21,372,264000,889,434,455
1085,21,372,264100,232,107,125
1086,21,372,264200,827,410,417
1087,21,372,264300,40,18,22
1088,21,372,264400,71,38,33
1089,21,372,264500,679,321,358
1090,21,372,264600,104,50,54
1091,21,372,264700,0,0,0
1092,21,372,264800,1634,876,758
1093,21,372,264900,966,499,467
1094,21,372,265000,469,245,224
1095,21,372,265100,46,17,29
1096,21,372,265200,253,129,124
1097,21,372,265300,1263,632,631
1098,21,372,265400,515,257,258
1099,21,372,265500,860,461,399
1100,21,372,265600,720,398,322
1101,21,372,265700,2850,1442,1408
1102,21,372,265800,362,182,180
1103,21,372,265900,1777,936,841
1104,21,372,266000,3357,1772,1585
1105,21,372,266100,0,0,0
1106,21,372,266200,10965,5648,5317
1107,21,372,266300,700,354,346
1108,21,372,266400,840,402,438
1109,21,372,266500,1273,627,646
1110,21,372,266600,1241,621,620
1111,21,372,266700,2238,1125,1113
1112,21,372,266800,1613,849,764
1113,21,372,266900,2038,1076,962
1114,21,372,267000,398,197,201
1115,21,372,267100,802,413,389
1116,21,372,267200,359,190,169
1117,21,372,267300,263,129,134
1118,21,372,267400,74,45,29
1119,21,372,267500,308,159,149
1120,21,372,267600,3387,1689,1698
1121,21,372,267700,3431,1746,1685
1122,21,372,267800,206,102,104
1123,21,372,267900,356,172,184
1124,21,372,268000,536,269,267
1125,21,372,268100,662,333,329
1126,21,372,268200,1037,539,498
1127,21,372,268300,577,274,303
1128,21,372,268400,650,327,323
1129,21,372,268500,150,72,78
1130,21,372,268600,410,195,215
1131,21,372,268700,0,0,0
1132,21,372,268800,0,0,0
1133,21,372,268900,4515,2276,2239
1134,21,372,269000,0,0,0
1135,21,372,269100,2358,1155,1203
1136,21,372,269200,1123,593,530
1137,21,372,269300,0,0,0
1138,21,372,269400,0,0,0
1139,21,372,269500,1018,510,508
1140,21,372,269600,1558,758,800
1141,21,372,269700,1096,549,547
1142,21,372,269800,3135,1619,1516
1143,21,372,269900,1562,826,736
1144,21,372,270000,1374,722,652
1145,21,372,270100,1166,597,569
1146,21,372,270200,1254,607,647
1147,21,372,270300,2129,1106,1023
1148,21,372,270400,1624,829,795
1149,21,372,270500,1306,673,633
1150,21,372,270600,2281,1179,1102
1151,21,372,270700,2362,1189,1173
1152,21,372,270800,871,453,418
1153,21,372,270900,1226,635,591
1154,21,372,271000,5141,2609,2532
1155,21,372,271100,1865,949,916
1156,21,372,271200,1154,581,573
1157,21,372,271300,2207,1128,1079
1158,21,372,271400,927,488,439
1159,21,372,271500,871,424,447
1160,21,372,271600,434,215,219
1161,21,372,271700,1740,847,893
1162,21,372,271800,836,431,405
1163,21,372,271900,938,493,445
1164,21,372,272000,979,497,482
1165,21,372,272100,2054,1054,1000
1166,21,372,272200,859,411,448
1167,21,372,272300,3177,1632,1545
1168,21,372,272400,625,325,300
1169,21,372,272500,799,384,415
1170,21,372,272600,191,87,104
1171,21,372,272700,660,331,329
1172,21,372,272800,2683,1413,1270
1173,21,372,272900,319,172,147
1174,21,372,273000,412,222,190
1175,21,372,273100,1587,775,812
1176,21,372,273200,312,150,162
1177,21,372,273300,353,181,172
1178,21,372,273400,1383,714,669
1179,21,372,273500,1797,914,883
1180,21,372,273600,625,319,306
1181,21,372,273700,851,418,433
1182,21,372,273800,1343,650,693
1183,21,372,273900,2950,1474,1476
1184,21,372,274000,2265,1188,1077
1185,21,372,274100,915,453,462
1186,21,372,274200,280,151,129
1187,21,372,274300,894,443,451
1188,21,372,274400,1442,723,719
1189,21,372,274500,201,110,91
1190,21,372,274600,2213,1105,1108
1191,21,372,274700,454,236,218
1192,21,372,274800,356,177,179
1193,21,372,274900,3044,1577,1467
1194,21,372,275000,822,422,400
1195,21,372,275100,682,352,330
1196,21,372,275200,840,402,438
1197,21,372,275300,221,111,110
1198,21,372,275400,1096,551,545
1199,21,372,275500,1468,746,722
1200,21,372,275600,2172,1103,1069
1201,21,372,275700,573,288,285
1202,21,372,275800,353,182,171
1203,21,372,275900,694,350,344
1204,21,372,276000,1266,646,620
1205,21,372,276100,1645,858,787
1206,21,372,276200,837,450,387
1207,21,372,276300,2181,1128,1053
1208,21,372,276400,210,102,108
1209,21,372,276500,132,58,74
1210,21,372,276600,1014,515,499
1211,21,372,276700,1527,756,771
1212,21,372,276800,741,391,350
1213,21,372,276900,2264,1140,1124
1214,21,372,277000,2835,1409,1426
1215,21,372,277100,1634,815,819
1216,21,372,277200,2978,1506,1472
1217,21,372,277300,671,310,361
1218,21,372,277400,364,190,174
1219,21,372,277500,247,122,125
1220,21,372,277600,403,204,199
1221,21,372,277700,3748,1890,1858
1222,21,372,277800,3197,1611,1586
1223,21,372,277900,932,445,487
1224,21,372,278000,202,113,89
1225,21,372,278100,970,488,482
1226,21,372,278200,862,449,413
1227,21,372,278300,1120,613,507
1228,21,372,278400,381,193,188
1229,21,372,278500,297,145,152
1230,21,372,278600,3388,1681,1707
1231,21,372,278700,540,288,252
1232,21,372,278800,365,173,192
1233,21,372,278900,762,385,377
1234,21,372,279000,414,213,201
1235,21,372,279100,740,378,362
1236,21,372,279200,6,3,3
1237,21,372,279300,285,143,142
1238,21,372,279400,384,201,183
1239,21,372,279500,847,413,434
1240,21,372,279600,2841,1441,1400
1241,21,372,279700,1263,629,634
1242,21,372,279800,0,0,0
1243,21,372,279900,300,150,150
1244,21,372,280000,3624,1822,1802
1245,21,372,280100,2366,1215,1151
1246,21,372,280200,484,228,256
1247,21,372,280300,147,82,65
1248,21,372,280400,423,217,206
1249,21,372,280500,472,238,234
1250,21,372,280600,722,368,354
1251,21,372,280700,2254,1144,1110
1252,21,372,280800,2005,993,1012
1253,21,372,280900,467,253,214
1254,21,372,281000,2503,1259,1244
1255,21,372,281100,304,156,148
1256,21,372,281200,408,213,195
1257,21,372,281300,2159,1076,1083
1258,21,372,281400,2666,1363,1303
1259,21,372,281500,439,244,195
1260,21,372,281600,2200,1101,1099
1261,21,372,281700,914,441,473
1262,21,372,281800,2697,1345,1352
1263,21,372,281900,1751,884,867
1264,21,372,282000,2336,1181,1155
1265,21,372,282100,1469,746,723
1266,21,372,282200,3029,1533,1496
1267,21,372,282300,3971,2032,1939
1268,21,372,282400,670,337,333
1269,21,372,282500,4546,2260,2286
1270,21,372,282600,1017,505,512
1271,21,372,282700,330,169,161
1272,21,372,282800,343,170,173
1273,21,372,282900,482,235,247
1274,21,372,283000,423,208,215
1275,21,372,283100,1095,550,545
1276,21,372,283200,639,310,329
1277,21,372,283300,373,193,180
1278,21,372,283400,154,75,79
1279,21,372,283500,1583,786,797
1280,21,372,283600,265,127,138
1281,21,372,283700,661,320,341
1282,21,372,283800,700,352,348
1283,21,372,283900,386,200,186
1284,21,372,284000,356,178,178
1285,21,372,284100,299,147,152
1286,21,372,284200,2279,1141,1138
1287,21,372,284300,304,147,157
1288,21,372,284400,242,106,136
1289,21,372,284500,582,304,278
1290,21,372,284600,608,282,326
1291,21,372,284700,455,225,230
1292,21,372,284800,1582,807,775
1293,21,372,284900,761,400,361
1294,21,372,285000,766,372,394
1295,21,372,285100,789,418,371
1296,21,372,285200,1190,619,571
1297,21,372,285300,1821,914,907
1298,21,372,285400,2923,1425,1498
1299,21,372,285500,720,363,357
1300,21,372,285600,531,263,268
1301,21,372,285700,129,73,56
1302,21,372,285800,378,204,174
1303,21,372,285900,311,157,154
1304,21,372,286000,311,143,168
1305,21,372,286100,335,172,163
1306,21,372,286200,453,234,219
1307,21,372,286300,2074,1047,1027
1308,21,372,286400,1516,730,786
1309,21,372,286500,543,267,276
1310,21,372,286600,2148,1106,1042
1311,21,372,286700,1234,627,607
1312,21,372,286800,3558,1746,1812
1313,21,372,286900,10704,5393,5311
1314,21,372,287000,2762,1455,1307
1315,21,372,287100,1948,976,972
1316,21,372,287200,6345,3154,3191
1317,21,372,287300,74,45,29
1318,21,372,287400,775,409,366
1319,21,372,287500,3038,1523,1515
1320,21,372,287600,522,253,269
1321,21,372,287700,1129,586,543
