,Statecode,Districtcode,VillageCode,Population,Males,Females
0,21,28,4737600,794,393,401
1,21,28,4737700,411,190,221
2,21,28,4737800,341,182,159
3,21,28,4737900,458,227,231
4,21,28,4738000,1079,522,557
5,21,28,4738100,1353,707,646
6,21,28,4738200,1610,805,805
7,21,28,4738300,1627,833,794
8,21,28,4738400,833,412,421
9,21,28,4738500,4,2,2
10,21,28,4738600,519,249,270
11,21,28,4738700,3360,1702,1658
12,21,28,4738800,2868,1450,1418
13,21,28,4738900,412,217,195
14,21,28,4739000,856,427,429
15,21,28,4739100,2005,996,1009
16,21,28,4739200,1539,769,770
17,21,28,4739300,878,440,438
18,21,28,4739400,3183,1637,1546
19,21,28,4739500,2847,1446,1401
20,21,28,4739600,529,263,266
21,21,28,4739700,712,360,352
22,21,28,4739800,1904,966,938
23,21,28,4739900,1602,788,814
24,21,28,4740000,2637,1362,1275
25,21,28,4740100,384,183,201
26,21,28,4740200,590,288,302
27,21,28,4740300,838,410,428
28,21,28,4740400,988,496,492
29,21,28,4740500,1870,958,912
30,21,28,4740600,539,271,268
31,21,28,4740700,938,479,459
32,21,28,4740800,1695,823,872
33,21,28,4740900,1283,637,646
34,21,28,4741000,535,262,273
35,21,28,4741100,2316,1195,1121
36,21,28,4741200,2906,1468,1438
37,21,28,4741300,727,382,345
38,21,28,4741400,2436,1217,1219
39,21,28,4741500,3420,1774,1646
40,21,28,4741600,2069,1038,1031
41,21,28,4741700,1712,869,843
42,21,28,4741800,2672,1323,1349
43,21,28,4741900,533,256,277
44,21,28,4742000,536,298,238
45,21,28,4742100,1517,734,783
46,21,28,4742200,4001,2015,1986
47,21,28,4742300,3691,1858,1833
48,21,28,4742400,1863,928,935
49,21,28,4742500,1806,935,871
50,21,28,4742600,711,350,361
51,21,28,4742700,1651,723,928
52,21,28,4742800,385,205,180
53,21,28,4742900,282,134,148
54,21,28,4743000,1120,555,565
55,21,28,4743100,927,474,453
56,21,28,4743200,4516,2263,2253
57,21,28,4743300,3025,1553,1472
58,21,28,4743400,1702,815,887
59,21,28,4743500,3118,1563,1555
60,21,28,4743600,791,399,392
61,21,28,4743700,295,147,148
62,21,28,4743800,4813,2492,2321
63,21,28,4743900,850,449,401
64,21,28,4744000,1692,848,844
65,21,28,4744100,1674,881,793
66,21,28,4744200,2442,1233,1209
67,21,28,4744300,1886,948,938
68,21,28,4744400,3656,1850,1806
69,21,28,4744500,734,381,353
70,21,28,4744600,9530,4814,4716
71,21,28,4744700,1207,599,608
72,21,28,4744800,2600,1354,1246
73,21,28,4744900,3888,1944,1944
74,21,28,4745000,575,280,295
75,21,28,4745100,813,410,403
76,21,28,4745200,2151,910,1241
77,21,28,4745300,814,440,374
78,21,28,4745400,1152,539,613
79,21,28,4745500,1290,636,654
80,21,28,4745600,838,399,439
81,21,28,4745700,842,418,424
82,21,28,4745800,393,198,195
83,21,28,4745900,1559,807,752
84,21,28,4746000,1510,780,730
85,21,28,4746100,2696,1396,1300
86,21,28,4746200,2047,1003,1044
87,21,28,4746300,657,330,327
88,21,28,4746400,2953,1537,1416
89,21,28,4746500,894,450,444
90,21,28,4746600,1674,869,805
91,21,28,4746700,1367,696,671
92,21,28,4746800,963,471,492
93,21,28,4746900,1766,892,874
94,21,28,4747000,1785,927,858
95,21,28,4747100,219,119,100
96,21,28,4747200,7090,3758,3332
97,21,28,4747300,766,377,389
98,21,28,4747400,410,204,206
99,21,28,4747500,4914,2556,2358
100,21,28,4747600,2181,1074,1107
101,21,28,4747700,936,513,423
102,21,28,4747800,3109,1631,1478
103,21,28,4747900,2527,1266,1261
104,21,28,4748000,3342,1642,1700
105,21,28,4748100,1774,986,788
106,21,28,4748200,1601,777,824
107,21,28,4748300,951,457,494
108,21,28,4748400,1943,972,971
109,21,28,4748500,4399,2219,2180
110,21,28,4748600,678,336,342
111,21,28,4748700,3128,1585,1543
112,21,28,4748800,3056,1545,1511
113,21,28,4748900,1798,910,888
114,21,28,4749000,4786,2387,2399
115,21,28,4749100,1032,508,524
116,21,28,4749200,5758,2922,2836
117,21,28,4749300,1333,665,668
118,21,28,4749400,2262,1157,1105
119,21,28,4749500,1850,945,905
120,21,28,4749600,1540,771,769
121,21,28,4749700,5604,2794,2810
122,21,28,4749800,1813,902,911
123,21,28,4749900,4471,2262,2209
124,21,28,4750000,9713,4885,4828
125,21,28,4750100,4397,2144,2253
126,21,28,4750200,964,471,493
127,21,28,4750300,1215,597,618
128,21,28,4750400,3660,1852,1808
129,21,28,4750500,4150,1997,2153
130,21,28,4750600,0,0,0
131,21,28,4750700,3267,1609,1658
132,21,28,4750800,3536,1748,1788
133,21,28,4750900,1919,971,948
134,21,28,4751000,1347,655,692
135,21,28,4751100,3800,1948,1852
136,21,28,4751200,4361,2198,2163
137,21,28,4751300,2507,1303,1204
138,21,28,4751400,2492,1303,1189
139,21,28,4751500,2345,1210,1135
140,21,28,4751600,453,225,228
141,21,28,4751700,1018,539,479
142,21,28,4751800,829,426,403
143,21,28,4751900,317,159,158
144,21,28,4752000,2479,1193,1286
145,21,28,4752100,1117,533,584
146,21,28,4752200,326,146,180
147,21,28,4752300,1095,525,570
148,21,28,4752400,892,433,459
149,21,28,4752500,2955,1511,1444
150,21,28,4752600,119,56,63
151,21,28,4752700,381,194,187
152,21,28,4752800,3234,1789,1445
153,21,28,4752900,826,399,427
154,21,28,4753000,309,163,146
155,21,28,4753100,490,232,258
156,21,28,4753200,398,206,192
157,21,28,4753300,1002,524,478
158,21,28,4753400,1871,937,934
159,21,28,4753500,1896,944,952
160,21,28,4753600,957,502,455
161,21,28,4753700,702,353,349
162,21,28,4753800,242,117,125
163,21,28,4753900,2166,1113,1053
164,21,28,4754000,785,385,400
165,21,28,4754100,2489,1215,1274
166,21,28,4754200,1149,586,563
167,21,28,4754300,1295,629,666
168,21,28,4754400,2054,1005,1049
169,21,28,4754500,2345,1160,1185
170,21,28,4754600,1929,973,956
171,21,28,4754700,2500,1268,1232
172,21,28,4754800,2953,1487,1466
173,21,28,4754900,1247,612,635
174,21,28,4755000,429,209,220
175,21,28,4755100,2402,1150,1252
176,21,28,4755200,189,104,85
177,21,28,4755300,1850,981,869
178,21,28,4755400,3351,1714,1637
179,21,28,4755500,2083,1000,1083
180,21,28,4755600,723,365,358
181,21,28,4755700,778,377,401
182,21,28,4755800,2259,1115,1144
183,21,28,4755900,720,355,365
184,21,28,4756000,3616,1803,1813
185,21,28,4756100,3578,1766,1812
186,21,28,4756200,2394,1207,1187
187,21,28,4756300,2105,1066,1039
188,21,28,4756400,471,261,210
189,21,28,4756500,3145,1647,1498
190,21,28,4756600,533,264,269
191,21,28,4756700,1494,743,751
192,21,28,4756800,253,124,129
193,21,28,4756900,1131,571,560
194,21,28,4757000,1631,852,779
195,21,28,4757100,1616,826,790
196,21,28,4757200,966,491,475
197,21,28,4757300,568,289,279
198,21,28,4757400,1229,615,614
199,21,28,4757500,3157,1596,1561
200,21,28,4757600,4435,2269,2166
201,21,28,4757700,3791,1899,1892
202,21,28,4757800,2479,1247,1232
203,21,28,4757900,1516,806,710
204,21,28,4758000,951,505,446
205,21,28,4758100,1915,992,923
206,21,28,4758200,1725,1018,707
207,21,28,4758300,1900,974,926
208,21,28,4758400,2772,1401,1371
209,21,28,4758500,1838,906,932
210,21,28,4758600,136,68,68
211,21,28,4758700,1139,562,577
212,21,28,4758800,426,211,215
213,21,28,4758900,2694,1315,1379
214,21,28,4759000,693,335,358
215,21,28,4759100,1876,963,913
216,21,28,4759200,1761,870,891
217,21,28,4759300,0,0,0
218,21,28,4759400,1071,531,540
219,21,28,4759500,3179,1612,1567
220,21,28,4759600,2190,1120,1070
221,21,28,4759700,1403,691,712
222,21,28,4759800,1767,878,889
223,21,28,4759900,958,477,481
224,21,28,4760000,842,413,429
225,21,28,4760100,967,479,488
226,21,28,4760200,535,282,253
227,21,28,4760300,584,300,284
228,21,28,4760400,311,141,170
229,21,28,4760500,367,176,191
230,21,28,4760600,747,382,365
231,21,28,4760700,191,95,96
232,21,28,4760800,1123,520,603
233,21,28,4760900,762,396,366
234,21,28,4761000,191,98,93
235,21,28,4761100,0,0,0
236,21,28,4761200,1867,920,947
237,21,28,4761300,1274,633,641
238,21,28,4761400,0,0,0
239,21,28,4761500,888,448,440
240,21,28,4761600,772,357,415
241,21,28,4761700,321,156,165
242,21,28,4761800,702,360,342
243,21,28,4761900,1210,608,602
244,21,28,4762000,1395,666,729
245,21,28,4762100,476,238,238
246,21,28,4762200,180,94,86
247,21,28,4762300,649,326,323
248,21,28,4762400,396,199,197
249,21,28,4762500,576,278,298
250,21,28,4762600,1011,519,492
251,21,28,4762700,733,369,364
252,21,28,4762800,1591,771,820
253,21,28,4762900,1886,978,908
254,21,28,4763000,666,318,348
255,21,28,4763100,1225,615,610
256,21,28,4763200,799,388,411
257,21,28,4763300,219,112,107
258,21,28,4763400,1295,628,667
259,21,28,4763500,331,171,160
260,21,28,4763600,2615,1290,1325
261,21,28,4763700,63,27,36
262,21,28,4763800,941,465,476
263,21,28,4763900,405,195,210
264,21,28,4764000,188,85,103
265,21,28,4764100,974,480,494
266,21,28,4764200,914,448,466
267,21,28,4764300,2198,1101,1097
268,21,28,4764400,1005,500,505
269,21,28,4764500,103,46,57
270,21,28,4764600,2767,1396,1371
271,21,28,4764700,450,209,241
272,21,28,4764800,576,300,276
273,21,28,4764900,880,417,463
274,21,28,4765000,1109,571,538
275,21,28,4765100,1124,549,575
276,21,28,4765200,1614,771,843
277,21,28,4765300,708,334,374
278,21,28,4765400,1315,657,658
279,21,28,4765500,3087,1537,1550
280,21,28,4765600,1161,578,583
281,21,28,4765700,1011,496,515
282,21,28,4765800,426,212,214
283,21,28,4765900,1656,813,843
284,21,28,4766000,233,126,107
285,21,28,4766100,1554,762,792
286,21,28,4766200,569,302,267
287,21,28,4766300,812,412,400
288,21,28,4766400,2215,1115,1100
289,21,28,4766500,513,262,251
290,21,28,4766600,701,341,360
291,21,28,4766700,862,422,440
292,21,28,4766800,1166,590,576
293,21,28,4766900,1861,982,879
294,21,28,4767000,733,342,391
295,21,28,4767100,601,295,306
296,21,28,4767200,3184,1554,1630
297,21,28,4767300,528,251,277
298,21,28,4767400,327,155,172
299,21,28,4767500,277,146,131
300,21,28,4767600,937,492,445
301,21,28,4767700,597,277,320
302,21,28,4767800,536,261,275
303,21,28,4767900,700,346,354
304,21,28,4768000,1374,679,695
305,21,28,4768100,355,174,181
306,21,28,4768200,1874,964,910
307,21,28,4768300,1649,833,816
308,21,28,4768400,743,376,367
309,21,28,4768500,92,40,52
310,21,28,4768600,1631,784,847
311,21,28,4768700,637,330,307
312,21,28,4768800,1733,880,853
313,21,28,4768900,986,537,449
314,21,28,4769000,2064,1010,1054
315,21,28,4769100,1998,1036,962
316,21,28,4769200,367,191,176
317,21,28,4769300,2774,1354,1420
318,21,28,4769400,901,457,444
319,21,28,4769500,4829,2492,2337
320,21,28,4769600,2543,1282,1261
321,21,28,4769700,1935,926,1009
322,21,28,4769800,346,170,176
323,21,28,4769900,2395,1174,1221
324,21,28,4770000,2542,1206,1336
325,21,28,4770100,1810,903,907
326,21,28,4770200,251,126,125
327,21,28,4770300,1614,837,777
328,21,28,4770400,932,476,456
329,21,28,4770500,560,280,280
330,21,28,4770600,273,136,137
331,21,28,4770700,44,22,22
332,21,28,4770800,1537,772,765
333,21,28,4770900,634,320,314
334,21,28,4771000,2057,1064,993
335,21,28,4771100,3974,1964,2010
336,21,28,4771200,633,305,328
337,21,28,4771300,1898,951,947
338,21,28,4771400,514,242,272
339,21,28,4771500,289,152,137
340,21,28,4771600,295,140,155
341,21,28,4771700,232,117,115
342,21,28,4771800,643,326,317
343,21,28,4771900,2781,1386,1395
344,21,28,4772000,562,285,277
345,21,28,4772100,808,403,405
346,21,28,4772200,955,469,486
347,21,28,4772300,706,349,357
348,21,28,4772400,2485,1236,1249
349,21,28,4772500,1159,554,605
350,21,28,4772600,1560,785,775
351,21,28,4772700,327,168,159
352,21,28,4772800,759,376,383
353,21,28,4772900,877,421,456
354,21,28,4773000,539,273,266
355,21,28,4773100,2170,1172,998
356,21,28,4773200,2441,1237,1204
357,21,28,4773300,2348,1152,1196
358,21,28,4773400,1250,612,638
359,21,28,4773500,820,442,378
360,21,28,4773600,398,199,199
361,21,28,4773700,2772,1309,1463
362,21,28,4773800,2174,1096,1078
363,21,28,4773900,864,434,430
364,21,28,4774000,1697,852,845
365,21,28,4774100,1258,584,674
366,21,28,4774200,2427,1168,1259
367,21,28,4774300,805,407,398
368,21,28,4774400,2653,1311,1342
369,21,28,4774500,1389,693,696
370,21,28,4774600,1300,633,667
371,21,28,4774700,3262,1604,1658
372,21,28,4774800,1682,801,881
373,21,28,4774900,2487,1218,1269
374,21,28,4775000,531,247,284
375,21,28,4775100,1681,822,859
376,21,28,4775200,572,306,266
377,21,28,4775300,1189,578,611
378,21,28,4775400,1292,620,672
379,21,28,4775500,476,235,241
380,21,28,4775600,1761,909,852
381,21,28,4775700,1503,763,740
382,21,28,4775800,457,234,223
383,21,28,4775900,349,168,181
384,21,28,4776000,376,190,186
385,21,28,4776100,758,346,412
386,21,28,4776200,1066,514,552
387,21,28,4776300,1143,555,588
388,21,28,4776400,1568,791,777
389,21,28,4776500,4600,2341,2259
390,21,28,4776600,1336,708,628
391,21,28,4776700,493,260,233
392,21,28,4776800,467,231,236
393,21,28,4776900,821,407,414
394,21,28,4777000,112,63,49
395,21,28,4777100,2596,1302,1294
396,21,28,4777200,3148,1577,1571
397,21,28,4777300,1154,591,563
398,21,28,4777400,894,451,443
399,21,28,4777500,1281,635,646
400,21,28,4777600,748,360,388
401,21,28,4777700,2165,1059,1106
402,21,28,4777800,1801,921,880
403,21,28,4777900,1588,816,772
404,21,28,4778000,1201,582,619
405,21,28,4778100,524,255,269
406,21,28,4778200,1117,569,548
407,21,28,4778300,519,242,277
408,21,28,4778400,266,123,143
409,21,28,4778500,593,304,289
410,21,28,4778600,1088,524,564
411,21,28,4778700,529,262,267
412,21,28,4778800,1130,553,577
413,21,28,4778900,1040,485,555
414,21,28,4779000,391,194,197
415,21,28,4779100,422,196,226
416,21,28,4779200,754,383,371
417,21,28,4779300,1139,556,583
418,21,28,4779400,750,357,393
419,21,28,4779500,630,323,307
420,21,28,4779600,476,246,230
421,21,28,4779700,155,82,73
422,21,28,4779800,1585,802,783
423,21,28,4779900,989,506,483
424,21,28,4780000,1611,837,774
425,21,28,4780100,662,326,336
426,21,28,4780200,1295,661,634
427,21,28,4780300,2000,1016,984
428,21,28,4780400,1151,560,591
429,21,28,4780500,2406,1167,1239
430,21,28,4780600,2145,1089,1056
431,21,28,4780700,668,325,343
432,21,28,4780800,2202,1088,1114
433,21,28,4780900,780,405,375
434,21,28,4781000,932,471,461
435,21,28,4781100,621,303,318
436,21,28,4781200,1971,1065,906
437,21,28,4781300,1673,822,851
438,21,28,4781400,393,189,204
439,21,28,4781500,1380,700,680
440,21,28,4781600,952,479,473
441,21,28,4781700,0,0,0
442,21,28,4781800,1527,757,770
443,21,28,4781900,955,483,472
444,21,28,4782000,1400,665,735
445,21,28,4782100,757,374,383
446,21,28,4782200,871,447,424
447,21,28,4782300,1813,881,932
448,21,28,4782400,2492,1254,1238
449,21,28,4782500,1036,546,490
450,21,28,4782600,576,273,303
451,21,28,4782700,1161,577,584
452,21,28,4782800,2191,1081,1110
453,21,28,4782900,655,311,344
454,21,28,4783000,1354,659,695
455,21,28,4783100,1228,623,605
456,21,28,4783200,820,407,413
457,21,28,4783300,1225,618,607
458,21,28,4783400,2258,1146,1112
459,21,28,4783500,1997,982,1015
460,21,28,4783600,432,220,212
461,21,28,4783700,831,412,419
462,21,28,4783800,0,0,0
463,21,28,4783900,965,489,476
464,21,28,4784000,582,296,286
465,21,28,4784100,870,429,441
466,21,28,4784200,2258,1113,1145
467,21,28,4784300,1746,900,846
468,21,28,4784400,352,165,187
469,21,28,4784500,328,175,153
470,21,28,4784600,2387,1149,1238
471,21,28,4784700,766,381,385
472,21,28,4784800,726,365,361
473,21,28,4784900,2227,1121,1106
474,21,28,4785000,1336,666,670
475,21,28,4785100,508,268,240
476,21,28,4785200,1199,583,616
477,21,28,4785300,942,471,471
478,21,28,4785400,1587,791,796
479,21,28,4785500,866,428,438
480,21,28,4785600,615,309,306
481,21,28,4785700,673,347,326
482,21,28,4785800,690,339,351
483,21,28,4785900,0,0,0
484,21,28,4786000,572,280,292
485,21,28,4786100,898,451,447
486,21,28,4786200,791,397,394
487,21,28,4786300,5095,2571,2524
488,21,28,4786400,4158,2072,2086
489,21,28,4786500,1365,701,664
490,21,28,4786600,1795,989,806
491,21,28,4786700,124,62,62
492,21,28,4786800,1367,659,708
493,21,28,4786900,1447,714,733
494,21,28,4787000,1884,958,926
495,21,28,4787100,2477,1256,1221
496,21,28,4787200,809,392,417
497,21,28,4787300,4217,1968,2249
498,21,28,4787400,6856,3346,3510
499,21,28,4787500,347,175,172
500,21,28,4787600,709,360,349
501,21,28,4787700,747,383,364
502,21,28,4787800,98,46,52
503,21,28,4787900,46,22,24
504,21,28,4788000,1441,714,727
505,21,28,4788100,1151,556,595
506,21,28,4788200,1203,585,618
507,21,28,4788300,886,436,450
508,21,28,4788400,2767,1435,1332
509,21,28,4788500,119,68,51
510,21,28,4788600,669,331,338
511,21,28,4788700,321,151,170
512,21,28,4788800,1109,568,541
513,21,28,4788900,3055,1504,1551
514,21,28,4789000,1386,678,708
515,21,28,4789100,3543,1735,1808
516,21,28,4789200,784,393,391
517,21,28,4789300,2106,1065,1041
518,21,28,4789400,2438,1203,1235
519,21,28,4789500,715,338,377
520,21,28,4789600,1132,584,548
521,21,28,4789700,824,410,414
522,21,28,4789800,758,390,368
523,21,28,4789900,678,335,343
524,21,28,4790000,1692,844,848
525,21,28,4790100,2336,1144,1192
526,21,28,4790200,2443,1212,1231
527,21,28,4790300,467,218,249
528,21,28,4790400,440,217,223
529,21,28,4790500,934,479,455
530,21,28,4790600,4734,2416,2318
531,21,28,4790700,1503,722,781
532,21,28,4790800,6980,3488,3492
533,21,28,4790900,2898,1496,1402
534,21,28,4791000,3989,2030,1959
535,21,28,4791100,657,334,323
536,21,28,4791200,2659,1307,1352
537,21,28,4791300,3360,1607,1753
538,21,28,4791400,1549,777,772
539,21,28,4791500,531,264,267
540,21,28,4791600,783,383,400
541,21,28,4791700,1666,809,857
542,21,28,4791800,1210,605,605
543,21,28,4791900,2682,1325,1357
544,21,28,4792000,1079,536,543
545,21,28,4792100,562,289,273
546,21,28,4792200,932,482,450
547,21,28,4792300,2518,1237,1281
548,21,28,4792400,561,274,287
549,21,28,4792500,2171,1025,1146
550,21,28,4792600,1673,814,859
551,21,28,4792700,1324,670,654
552,21,28,4792800,1285,620,665
553,21,28,4792900,2682,1316,1366
554,21,28,4793000,1754,873,881
555,21,28,4793100,278,142,136
556,21,28,4793200,1100,562,538
557,21,28,4793300,1027,536,491
558,21,28,4793400,1333,644,689
559,21,28,4793500,702,331,371
560,21,28,4793600,568,277,291
561,21,28,4793700,10226,5131,5095
562,21,28,4793800,1838,895,943
563,21,28,4793900,978,505,473
564,21,28,4794000,766,390,376
565,21,28,4794100,205,104,101
566,21,28,4794200,2122,1068,1054
567,21,28,4794300,665,333,332
568,21,28,4794400,1855,949,906
569,21,28,4794500,1326,662,664
570,21,28,4794600,1199,611,588
571,21,28,4794700,2226,1097,1129
572,21,28,4794800,801,398,403
573,21,28,4794900,363,165,198
574,21,28,4795000,2571,1281,1290
575,21,28,4795100,2276,1131,1145
576,21,28,4795200,1566,786,780
577,21,28,4795300,926,484,442
578,21,28,4795400,1040,512,528
579,21,28,4795500,433,219,214
580,21,28,4795600,1492,731,761
581,21,28,4795700,210,99,111
582,21,28,4795800,1574,747,827
583,21,28,4795900,570,298,272
584,21,28,4796000,1273,598,675
585,21,28,4796100,1365,674,691
586,21,28,4796200,1947,1050,897
587,21,28,4796300,420,218,202
588,21,28,4796400,2920,1413,1507
589,21,28,4796500,2316,1160,1156
590,21,28,4796600,1637,823,814
591,21,28,4796700,4302,2165,2137
592,21,28,4796800,5170,2571,2599
593,21,28,4796900,2790,1372,1418
594,21,28,4797000,643,321,322
595,21,28,4797100,1171,584,587
596,21,28,4797200,817,411,406
597,21,28,4797300,385,202,183
598,21,28,4797400,2833,1524,1309
599,21,28,4797500,1530,748,782
600,21,28,4797600,1412,681,731
601,21,28,4797700,4456,2249,2207
602,21,28,4797800,862,429,433
603,21,28,4797900,1152,565,587
604,21,28,4798000,1655,845,810
605,21,28,4798100,822,432,390
606,21,28,4798200,3476,1740,1736
607,21,28,4798300,3339,1663,1676
608,21,28,4798400,3764,1904,1860
609,21,28,4798500,4634,2374,2260
610,21,28,4798600,2106,1044,1062
611,21,28,4798700,2710,1338,1372
612,21,28,4798800,318,148,170
613,21,28,4798900,590,278,312
614,21,28,4799000,133,61,72
615,21,28,4799100,195,90,105
616,21,28,4799200,158,77,81
617,21,28,4799300,519,241,278
618,21,28,4799400,1230,571,659
619,21,28,4799500,2052,974,1078
620,21,28,4799600,1121,577,544
621,21,28,4799700,1088,549,539
622,21,28,4799800,328,159,169
623,21,28,4799900,1518,766,752
624,21,28,4800000,1695,850,845
625,21,28,4800100,792,397,395
626,21,28,4800200,785,399,386
627,21,28,4800300,2039,1005,1034
628,21,28,4800400,212,112,100
629,21,28,4800500,1818,886,932
630,21,28,4800600,1674,788,886
631,21,28,4800700,1352,636,716
632,21,28,4800800,1150,586,564
633,21,28,4800900,579,281,298
634,21,28,4801000,2406,1217,1189
635,21,28,4801100,704,362,342
636,21,28,4801200,1674,812,862
637,21,28,4801300,531,270,261
638,21,28,4801400,1314,635,679
639,21,28,4801500,0,0,0
640,21,28,4801600,755,371,384
641,21,28,4801700,346,163,183
642,21,28,4801800,96,46,50
643,21,28,4801900,276,130,146
644,21,28,4802000,0,0,0
645,21,28,4802100,465,231,234
646,21,28,4802200,948,463,485
647,21,28,4802300,508,251,257
648,21,28,4802400,1015,493,522
649,21,28,4802500,210,112,98
650,21,28,4802600,1035,517,518
651,21,28,4802700,901,435,466
652,21,28,4802800,696,343,353
653,21,28,4802900,1476,708,768
654,21,28,4803000,669,325,344
655,21,28,4803100,1063,517,546
656,21,28,4803200,522,254,268
657,21,28,4803300,0,0,0
658,21,28,4803400,0,0,0
659,21,28,4803500,0,0,0
660,21,28,4803600,0,0,0
661,21,28,4803700,0,0,0
662,21,28,4803800,0,0,0
663,21,28,4803900,0,0,0
664,21,28,4804000,0,0,0
665,21,28,4804100,507,247,260
666,21,28,4804200,443,205,238
667,21,28,4804300,0,0,0
668,21,28,4804400,176,88,88
669,21,28,4804500,963,457,506
670,21,28,4804600,2500,1226,1274
671,21,28,4804700,271,126,145
672,21,28,4804800,335,158,177
673,21,28,4804900,88,40,48
674,21,28,4805000,521,256,265
675,21,28,4805100,341,165,176
676,21,28,4805200,2413,1212,1201
677,21,28,4805300,469,217,252
678,21,28,4805400,483,235,248
679,21,28,4805500,318,148,170
680,21,28,4805600,1018,520,498
681,21,28,4805700,242,103,139
682,21,28,4805800,747,335,412
683,21,28,4805900,1310,646,664
684,21,28,4806000,0,0,0
685,21,28,4806100,0,0,0
686,21,28,4806200,1113,551,562
687,21,28,4806300,0,0,0
688,21,28,4806400,547,254,293
689,21,28,4806500,618,269,349
690,21,28,4806600,41,22,19
691,21,28,4806700,733,343,390
692,21,28,4806800,94,38,56
693,21,28,4806900,0,0,0
694,21,28,4807000,0,0,0
695,21,28,4807100,0,0,0
696,21,28,4807200,147,75,72
697,21,28,4807300,162,76,86
698,21,28,4807400,2092,1052,1040
699,21,28,4807500,1087,551,536
700,21,28,4807600,1129,576,553
701,21,28,4807700,846,428,418
702,21,28,4807800,1423,730,693
703,21,28,4807900,2309,1180,1129
704,21,28,4808000,140,68,72
705,21,28,4808100,1283,700,583
706,21,28,4808200,389,191,198
707,21,28,4808300,1823,908,915
708,21,28,4808400,1030,511,519
709,21,28,4808500,5562,2760,2802
710,21,28,4808600,938,449,489
711,21,28,4808700,2342,1231,1111
712,21,28,4808800,981,504,477
713,21,28,4808900,1670,842,828
714,21,28,4809000,1490,787,703
715,21,28,4809100,167,92,75
716,21,28,4809200,2165,1100,1065
717,21,28,4809300,1831,934,897
718,21,28,4809400,993,499,494
719,21,28,4809500,726,378,348
720,21,28,4809600,806,385,421
721,21,28,4809700,522,271,251
722,21,28,4809800,674,312,362
723,21,28,4809900,1223,615,608
724,21,28,4810000,1201,598,603
725,21,28,4810100,1195,575,620
726,21,28,4810200,2451,1228,1223
727,21,28,4810300,1448,728,720
728,21,28,4810400,2121,1067,1054
729,21,28,4810500,599,297,302
730,21,28,4810600,1495,727,768
731,21,28,4810700,1508,764,744
732,21,28,4810800,4735,2395,2340
733,21,28,4810900,2727,1338,1389
734,21,28,4811000,1539,820,719
735,21,28,4811100,670,325,345
736,21,28,4811200,816,420,396
737,21,28,4811300,79,41,38
738,21,28,4811400,959,449,510
739,21,28,4811500,2535,1259,1276
740,21,28,4811600,167,79,88
741,21,28,4811700,1860,935,925
742,21,28,4811800,1510,785,725
743,21,28,4811900,3616,1818,1798
744,21,28,4812000,2299,1174,1125
745,21,28,4812100,2136,1082,1054
746,21,28,4812200,1486,749,737
747,21,28,4812300,3930,1933,1997
748,21,28,4812400,1305,651,654
749,21,28,4812500,2306,1153,1153
750,21,28,4812600,655,326,329
751,21,28,4812700,1214,618,596
752,21,28,4812800,1861,920,941
753,21,28,4812900,750,345,405
754,21,28,4813000,389,166,223
755,21,28,4813100,4363,2167,2196
756,21,28,4813200,2080,1042,1038
757,21,28,4813300,3889,2086,1803
758,21,28,4813400,2248,1121,1127
759,21,28,4813500,2334,1196,1138
760,21,28,4813600,1578,770,808
761,21,28,4813700,1051,554,497
762,21,28,4813800,1644,856,788
763,21,28,4813900,630,314,316
764,21,28,4814000,6423,3189,3234
765,21,28,4814100,1413,702,711
766,21,28,4814200,666,333,333
767,21,28,4814300,1412,704,708
768,21,28,4814400,1855,982,873
769,21,28,4814500,2107,1092,1015
770,21,28,4814600,1386,701,685
771,21,28,4814700,3267,1626,1641
772,21,28,4814800,1150,540,610
773,21,28,4814900,1771,894,877
774,21,28,4815000,1560,806,754
775,21,28,4815100,1904,944,960
776,21,28,4815200,1157,533,624
777,21,28,4815300,487,253,234
778,21,28,4815400,938,453,485
779,21,28,4815500,687,345,342
780,21,28,4815600,2040,1052,988
781,21,28,4815700,1340,674,666
782,21,28,4815800,1174,599,575
783,21,28,4815900,2401,1235,1166
784,21,28,4816000,2410,1201,1209
785,21,28,4816100,878,427,451
786,21,28,4816200,1367,674,693
787,21,28,4816300,936,450,486
788,21,28,4816400,2805,1411,1394
789,21,28,4816500,1290,655,635
790,21,28,4816600,1828,921,907
791,21,28,4816700,1525,754,771
792,21,28,4816800,82,52,30
793,21,28,4816900,3379,1699,1680
794,21,28,4817000,591,303,288
795,21,28,4817100,971,489,482
796,21,28,4817200,892,457,435
797,21,28,4817300,1099,579,520
798,21,28,4817400,1602,776,826
799,21,28,4817500,5224,2645,2579
800,21,28,4817600,242,131,111
801,21,28,4817700,3421,1698,1723
802,21,28,4817800,2766,1386,1380
803,21,28,4817900,1532,742,790
804,21,28,4818000,1195,544,651
805,21,28,4818100,2539,1287,1252
806,21,28,4818200,4388,2179,2209
807,21,28,4818300,191,87,104
808,21,28,4818400,399,204,195
809,21,28,4818500,1128,578,550
810,21,28,4818600,1947,958,989
811,21,28,4818700,712,355,357
812,21,28,4818800,856,428,428
813,21,28,4818900,741,371,370
814,21,28,4819000,4420,2302,2118
815,21,28,4819100,3102,1627,1475
816,21,28,4819200,1351,685,666
817,21,28,4819300,1348,651,697
818,21,28,4819400,788,403,385
819,21,28,4819500,1652,822,830
820,21,28,4819600,5137,2562,2575
821,21,28,4819700,449,218,231
822,21,28,4819800,3192,1606,1586
823,21,28,4819900,912,442,470
824,21,28,4820000,1027,527,500
825,21,28,4820100,1623,823,800
826,21,28,4820200,8727,4347,4380
827,21,28,4820300,3156,1592,1564
828,21,28,4820400,1099,543,556
829,21,28,4820500,1838,893,945
830,21,28,4820600,678,349,329
831,21,28,4820700,492,264,228
832,21,28,4820800,173,84,89
833,21,28,4820900,928,468,460
834,21,28,4821000,175,90,85
835,21,28,4821100,1030,487,543
836,21,28,4821200,2271,1207,1064
837,21,28,4821300,474,232,242
838,21,28,4821400,881,464,417
839,21,28,4821500,3117,1530,1587
840,21,28,4821600,948,461,487
841,21,28,4821700,563,277,286
842,21,28,4821800,98,40,58
843,21,28,4821900,2104,1071,1033
844,21,28,4822000,1627,824,803
845,21,28,4822100,524,249,275
846,21,28,4822200,2292,1167,1125
847,21,28,4822300,3858,2063,1795
848,21,28,4822400,928,471,457
849,21,28,4822500,1416,694,722
850,21,28,4822600,1739,852,887
851,21,28,4822700,1480,751,729
852,21,28,4822800,1346,668,678
853,21,28,4822900,1331,683,648
854,21,28,4823000,1008,515,493
855,21,28,4823100,791,398,393
856,21,28,4823200,3247,1632,1615
857,21,28,4823300,1271,628,643
858,21,28,4823400,836,407,429
859,21,28,4823500,879,441,438
860,21,28,4823600,1315,641,674
861,21,28,4823700,464,234,230
862,21,28,4823800,0,0,0
863,21,28,4823900,943,487,456
864,21,28,4824000,1317,637,680
865,21,28,4824100,440,223,217
866,21,28,4824200,1447,733,714
867,21,28,4824300,794,411,383
868,21,28,4824400,1515,758,757
869,21,28,4824500,2406,1218,1188
870,21,28,4824600,62,34,28
871,21,28,4824700,687,343,344
872,21,28,4824800,734,363,371
873,21,28,4824900,1825,902,923
874,21,28,4825000,1450,734,716
875,21,28,4825100,1470,731,739
876,21,28,4825200,487,233,254
877,21,28,4825300,1596,846,750
878,21,28,4825400,555,276,279
879,21,28,4825500,834,426,408
880,21,28,4825600,433,219,214
881,21,28,4825700,712,339,373
882,21,28,4825800,831,417,414
883,21,28,4825900,393,188,205
884,21,28,4826000,2403,1218,1185
885,21,28,4826100,1087,513,574
886,21,28,4826200,4375,2114,2261
887,21,28,4826300,4660,2393,2267
888,21,28,4826400,3771,1868,1903
889,21,28,4826500,377,194,183
890,21,28,4826600,1165,586,579
891,21,28,4826700,1691,823,868
892,21,28,4826800,3026,1607,1419
893,21,28,4826900,3506,1699,1807
894,21,28,4827000,487,242,245
895,21,28,4827100,1131,556,575
896,21,28,4827200,467,251,216
897,21,28,4827300,3009,1515,1494
898,21,28,4827400,2334,1229,1105
899,21,28,4827500,1512,763,749
900,21,28,4827600,163,84,79
