,Statecode,Districtcode,VillageCode,Population,Males,Females
0,21,381,1868000,1277,657,620
1,21,381,1868100,1411,740,671
2,21,381,1868200,1182,619,563
3,21,381,1868300,1087,561,526
4,21,381,1868400,189,104,85
5,21,381,1868500,940,453,487
6,21,381,1868600,473,234,239
7,21,381,1868700,1076,524,552
8,21,381,1868800,1375,665,710
9,21,381,1868900,1586,786,800
10,21,381,1869000,3413,1730,1683
11,21,381,1869100,0,0,0
12,21,381,1869200,1611,794,817
13,21,381,1869300,557,274,283
14,21,381,1869400,591,296,295
15,21,381,1869500,68,45,23
16,21,381,1869600,209,103,106
17,21,381,1869700,269,137,132
18,21,381,1869800,2452,1210,1242
19,21,381,1869900,1072,542,530
20,21,381,1870000,1240,623,617
21,21,381,1870100,3251,1677,1574
22,21,381,1870200,2171,1086,1085
23,21,381,1870300,903,449,454
24,21,381,1870400,1136,565,571
25,21,381,1870500,528,265,263
26,21,381,1870600,1800,913,887
27,21,381,1870700,940,460,480
28,21,381,1870800,139,73,66
29,21,381,1870900,3076,1543,1533
30,21,381,1871000,483,260,223
31,21,381,1871100,524,275,249
32,21,381,1871200,742,378,364
33,21,381,1871300,1094,569,525
34,21,381,1871400,967,530,437
35,21,381,1871500,828,397,431
36,21,381,1871600,992,521,471
37,21,381,1871700,285,136,149
38,21,381,1871800,1333,661,672
39,21,381,1871900,1404,705,699
40,21,381,1872000,1874,953,921
41,21,381,1872100,467,227,240
42,21,381,1872200,851,433,418
43,21,381,1872300,1379,706,673
44,21,381,1872400,672,344,328
45,21,381,1872500,3221,1650,1571
46,21,381,1872600,150,87,63
47,21,381,1872700,578,310,268
48,21,381,1872800,504,253,251
49,21,381,1872900,1090,537,553
50,21,381,1873000,2620,1328,1292
51,21,381,1873100,477,239,238
52,21,381,1873200,470,235,235
53,21,381,1873300,202,107,95
54,21,381,1873400,1481,756,725
55,21,381,1873500,912,473,439
56,21,381,1873600,3798,1978,1820
57,21,381,1873700,483,253,230
58,21,381,1873800,2562,1362,1200
59,21,381,1873900,24,14,10
60,21,381,1874000,1904,995,909
61,21,381,1874100,820,412,408
62,21,381,1874200,1234,622,612
63,21,381,1874300,1043,517,526
64,21,381,1874400,1803,928,875
65,21,381,1874500,916,458,458
66,21,381,1874600,356,176,180
67,21,381,1874700,2719,1379,1340
68,21,381,1874800,641,351,290
69,21,381,1874900,1001,510,491
70,21,381,1875000,529,280,249
71,21,381,1875100,886,468,418
72,21,381,1875200,695,337,358
73,21,381,1875300,243,115,128
74,21,381,1875400,609,317,292
75,21,381,1875500,1701,867,834
76,21,381,1875600,1168,609,559
77,21,381,1875700,547,271,276
78,21,381,1875800,781,385,396
79,21,381,1875900,585,299,286
80,21,381,1876000,311,155,156
81,21,381,1876100,737,373,364
82,21,381,1876200,257,135,122
83,21,381,1876300,957,463,494
84,21,381,1876400,317,167,150
85,21,381,1876500,1055,531,524
86,21,381,1876600,291,148,143
87,21,381,1876700,588,296,292
88,21,381,1876800,332,160,172
89,21,381,1876900,1108,568,540
90,21,381,1877000,0,0,0
91,21,381,1877100,632,322,310
92,21,381,1877200,1754,898,856
93,21,381,1877300,1339,681,658
94,21,381,1877400,1639,817,822
95,21,381,1877500,1944,992,952
96,21,381,1877600,1574,796,778
97,21,381,1877700,763,385,378
98,21,381,1877800,681,344,337
99,21,381,1877900,886,450,436
100,21,381,1878000,528,283,245
101,21,381,1878100,599,308,291
102,21,381,1878200,1271,672,599
103,21,381,1878300,1675,857,818
104,21,381,1878400,792,391,401
105,21,381,1878500,1917,987,930
106,21,381,1878600,1120,571,549
107,21,381,1878700,802,396,406
108,21,381,1878800,957,489,468
109,21,381,1878900,859,432,427
110,21,381,1879000,609,289,320
111,21,381,1879100,795,398,397
112,21,381,1879200,808,417,391
113,21,381,1879300,363,180,183
114,21,381,1879400,969,509,460
115,21,381,1879500,733,378,355
116,21,381,1879600,454,243,211
117,21,381,1879700,573,279,294
118,21,381,1879800,3331,1649,1682
119,21,381,1879900,2506,1280,1226
120,21,381,1880000,2819,1372,1447
121,21,381,1880100,1143,573,570
122,21,381,1880200,672,345,327
123,21,381,1880300,1759,901,858
124,21,381,1880400,696,351,345
125,21,381,1880500,1104,549,555
126,21,381,1880600,4033,2066,1967
127,21,381,1880700,458,216,242
128,21,381,1880800,217,107,110
129,21,381,1880900,427,234,193
130,21,381,1881000,192,89,103
131,21,381,1881100,224,111,113
132,21,381,1881200,1867,921,946
133,21,381,1881300,317,169,148
134,21,381,1881400,1038,525,513
135,21,381,1881500,504,247,257
136,21,381,1881600,484,240,244
137,21,381,1881700,942,499,443
138,21,381,1881800,159,70,89
139,21,381,1881900,206,99,107
140,21,381,1882000,159,83,76
141,21,381,1882100,1372,708,664
142,21,381,1882200,417,217,200
143,21,381,1882300,682,370,312
144,21,381,1882400,578,284,294
145,21,381,1882500,1464,727,737
146,21,381,1882600,76,38,38
147,21,381,1882700,568,285,283
148,21,381,1882800,1630,845,785
149,21,381,1882900,434,221,213
150,21,381,1883000,115,65,50
151,21,381,1883100,928,476,452
152,21,381,1883200,204,93,111
153,21,381,1883300,792,413,379
154,21,381,1883400,459,240,219
155,21,381,1883500,806,422,384
156,21,381,1883600,248,126,122
157,21,381,1883700,241,121,120
158,21,381,1883800,380,192,188
159,21,381,1883900,1290,644,646
160,21,381,1884000,1912,935,977
161,21,381,1884100,1168,567,601
162,21,381,1884200,550,269,281
163,21,381,1884300,415,202,213
164,21,381,1884400,352,167,185
165,21,381,1884500,2078,1026,1052
166,21,381,1884600,1739,806,933
167,21,381,1884700,1918,963,955
168,21,381,1884800,589,302,287
169,21,381,1884900,1414,722,692
170,21,381,1885000,642,325,317
171,21,381,1885100,339,167,172
172,21,381,1885200,1723,889,834
173,21,381,1885300,346,180,166
174,21,381,1885400,685,356,329
175,21,381,1885500,302,144,158
176,21,381,1885600,612,314,298
177,21,381,1885700,1617,796,821
178,21,381,1885800,1880,943,937
179,21,381,1885900,3295,1644,1651
180,21,381,1886000,2678,1394,1284
181,21,381,1886100,2620,1308,1312
182,21,381,1886200,207,105,102
183,21,381,1886300,1867,952,915
184,21,381,1886400,983,491,492
185,21,381,1886500,1547,788,759
186,21,381,1886600,2202,1135,1067
187,21,381,1886700,3374,1627,1747
188,21,381,1886800,787,391,396
189,21,381,1886900,616,316,300
190,21,381,1887000,919,464,455
191,21,381,1887100,1482,725,757
192,21,381,1887200,460,234,226
193,21,381,1887300,2548,1254,1294
194,21,381,1887400,1467,735,732
195,21,381,1887500,742,357,385
196,21,381,1887600,365,185,180
197,21,381,1887700,623,326,297
198,21,381,1887800,188,103,85
199,21,381,1887900,1470,755,715
200,21,381,1888000,2409,1223,1186
201,21,381,1888100,0,0,0
202,21,381,1888200,692,357,335
203,21,381,1888300,3137,1569,1568
204,21,381,1888400,827,409,418
205,21,381,1888500,2296,1128,1168
206,21,381,1888600,1629,810,819
207,21,381,1888700,345,157,188
208,21,381,1888800,802,386,416
209,21,381,1888900,291,144,147
210,21,381,1889000,476,254,222
211,21,381,1889100,953,474,479
212,21,381,1889200,795,385,410
213,21,381,1889300,638,335,303
214,21,381,1889400,884,453,431
215,21,381,1889500,264,116,148
216,21,381,1889600,776,381,395
217,21,381,1889700,1000,535,465
218,21,381,1889800,1338,654,684
219,21,381,1889900,1257,640,617
220,21,381,1890000,1285,643,642
221,21,381,1890100,2995,1516,1479
222,21,381,1890200,978,503,475
223,21,381,1890300,589,312,277
224,21,381,1890400,3164,1588,1576
225,21,381,1890500,1122,550,572
226,21,381,1890600,1552,802,750
227,21,381,1890700,518,264,254
228,21,381,1890800,1080,527,553
229,21,381,1890900,817,401,416
230,21,381,1891000,863,431,432
231,21,381,1891100,388,197,191
232,21,381,1891200,652,317,335
233,21,381,1891300,308,165,143
234,21,381,1891400,2067,1077,990
235,21,381,1891500,1309,640,669
236,21,381,1891600,897,478,419
237,21,381,1891700,1415,724,691
238,21,381,1891800,529,261,268
239,21,381,1891900,568,268,300
240,21,381,1892000,798,402,396
241,21,381,1892100,766,390,376
242,21,381,1892200,871,443,428
243,21,381,1892300,195,97,98
244,21,381,1892400,1111,585,526
245,21,381,1892500,552,288,264
246,21,381,1892600,1034,494,540
247,21,381,1892700,700,373,327
248,21,381,1892800,1031,518,513
249,21,381,1892900,1102,563,539
250,21,381,1893000,1476,726,750
251,21,381,1893100,1670,813,857
252,21,381,1893200,1105,561,544
253,21,381,1893300,2316,1178,1138
254,21,381,1893400,1075,527,548
255,21,381,1893500,111,50,61
256,21,381,1893600,795,373,422
257,21,381,1893700,782,421,361
258,21,381,1893800,1156,616,540
259,21,381,1893900,644,331,313
260,21,381,1894000,759,396,363
261,21,381,1894100,3771,1894,1877
262,21,381,1894200,968,483,485
263,21,381,1894300,984,501,483
264,21,381,1894400,3691,1819,1872
265,21,381,1894500,1933,1015,918
266,21,381,1894600,208,104,104
267,21,381,1894700,936,494,442
268,21,381,1894800,3113,1657,1456
269,21,381,1894900,1203,620,583
270,21,381,1895000,1544,806,738
271,21,381,1895100,1388,663,725
272,21,381,1895200,3281,1682,1599
273,21,381,1895300,2889,1425,1464
274,21,381,1895400,2759,1433,1326
275,21,381,1895500,3207,1655,1552
276,21,381,1895600,1370,692,678
277,21,381,1895700,2771,1471,1300
278,21,381,1895800,1169,576,593
279,21,381,1895900,2128,1050,1078
280,21,381,1896000,2646,1298,1348
281,21,381,1896100,244,117,127
282,21,381,1896200,2776,1401,1375
283,21,381,1896300,1381,725,656
284,21,381,1896400,1658,857,801
285,21,381,1896500,340,160,180
286,21,381,1896600,805,399,406
287,21,381,1896700,3181,1580,1601
288,21,381,1896800,2078,1043,1035
289,21,381,1896900,1517,776,741
290,21,381,1897000,976,500,476
291,21,381,1897100,675,342,333
292,21,381,1897200,1362,681,681
293,21,381,1897300,1126,539,587
294,21,381,1897400,520,270,250
295,21,381,1897500,366,197,169
296,21,381,1897600,1141,561,580
297,21,381,1897700,4972,2543,2429
298,21,381,1897800,2594,1329,1265
299,21,381,1897900,2237,1146,1091
300,21,381,1898000,628,320,308
301,21,381,1898100,3242,1628,1614
302,21,381,1898200,1543,797,746
303,21,381,1898300,1082,548,534
304,21,381,1898400,671,346,325
305,21,381,1898500,805,415,390
306,21,381,1898600,928,469,459
307,21,381,1898700,4873,2575,2298
308,21,381,1898800,5309,2771,2538
309,21,381,1898900,847,401,446
310,21,381,1899000,357,183,174
311,21,381,1899100,713,344,369
312,21,381,1899200,1095,548,547
313,21,381,1899300,838,417,421
314,21,381,1899400,2147,1128,1019
315,21,381,1899500,243,126,117
316,21,381,1899600,622,311,311
317,21,381,1899700,233,127,106
318,21,381,1899800,1590,817,773
319,21,381,1899900,346,177,169
320,21,381,1900000,585,294,291
321,21,381,1900100,1167,572,595
322,21,381,1900200,2311,1180,1131
323,21,381,1900300,1005,515,490
324,21,381,1900400,268,138,130
325,21,381,1900500,723,358,365
326,21,381,1900600,1814,922,892
327,21,381,1900700,1125,548,577
328,21,381,1900800,1208,585,623
329,21,381,1900900,508,264,244
330,21,381,1901000,740,375,365
331,21,381,1901100,288,156,132
332,21,381,1901200,995,505,490
333,21,381,1901300,534,295,239
334,21,381,1901400,336,168,168
335,21,381,1901500,775,408,367
336,21,381,1901600,1013,530,483
337,21,381,1901700,717,358,359
338,21,381,1901800,1046,537,509
339,21,381,1901900,590,314,276
340,21,381,1902000,3492,1698,1794
341,21,381,1902100,1759,876,883
342,21,381,1902200,449,230,219
343,21,381,1902300,1748,896,852
344,21,381,1902400,398,223,175
345,21,381,1902500,469,237,232
346,21,381,1902600,1151,618,533
347,21,381,1902700,804,417,387
348,21,381,1902800,1026,509,517
349,21,381,1902900,480,254,226
350,21,381,1903000,761,392,369
351,21,381,1903100,1163,635,528
352,21,381,1903200,3889,1955,1934
353,21,381,1903300,642,340,302
354,21,381,1903400,55,34,21
355,21,381,1903500,198,98,100
356,21,381,1903600,294,159,135
357,21,381,1903700,913,468,445
358,21,381,1903800,763,399,364
359,21,381,1903900,555,281,274
360,21,381,1904000,1277,672,605
361,21,381,1904100,406,207,199
362,21,381,1904200,2565,1335,1230
363,21,381,1904300,497,259,238
364,21,381,1904400,841,422,419
365,21,381,1904500,1217,609,608
366,21,381,1904600,308,144,164
367,21,381,1904700,527,267,260
368,21,381,1904800,644,329,315
369,21,381,1904900,1195,604,591
370,21,381,1905000,703,360,343
371,21,381,1905100,897,437,460
372,21,381,1905200,894,437,457
373,21,381,1905300,290,139,151
374,21,381,1905400,850,422,428
375,21,381,1905500,299,155,144
376,21,381,1905600,3550,1799,1751
377,21,381,1905700,103,52,51
378,21,381,1905800,657,324,333
379,21,381,1905900,189,97,92
380,21,381,1906000,314,147,167
381,21,381,1906100,416,206,210
382,21,381,1906200,816,427,389
383,21,381,1906300,535,275,260
384,21,381,1906400,34,23,11
385,21,381,1906500,960,487,473
386,21,381,1906600,0,0,0
387,21,381,1906700,2461,1267,1194
388,21,381,1906800,168,87,81
389,21,381,1906900,415,203,212
390,21,381,1907000,2059,1060,999
391,21,381,1907100,1361,695,666
392,21,381,1907200,655,327,328
393,21,381,1907300,544,264,280
394,21,381,1907400,324,160,164
395,21,381,1907500,418,214,204
396,21,381,1907600,1203,616,587
397,21,381,1907700,0,0,0
398,21,381,1907800,195,93,102
399,21,381,1907900,1680,841,839
400,21,381,1908000,1001,503,498
401,21,381,1908100,949,501,448
402,21,381,1908200,766,385,381
403,21,381,1908300,197,104,93
404,21,381,1908400,345,185,160
405,21,381,1908500,851,457,394
406,21,381,1908600,2299,1179,1120
407,21,381,1908700,0,0,0
408,21,381,1908800,0,0,0
409,21,381,1908900,1282,670,612
410,21,381,1909000,479,243,236
411,21,381,1909100,457,239,218
412,21,381,1909200,321,173,148
413,21,381,1909300,1968,1007,961
414,21,381,1909400,137,70,67
415,21,381,1909500,1278,612,666
416,21,381,1909600,309,149,160
417,21,381,1909700,915,456,459
418,21,381,1909800,292,155,137
419,21,381,1909900,306,149,157
420,21,381,1910000,412,216,196
421,21,381,1910100,2294,1125,1169
422,21,381,1910200,1019,529,490
423,21,381,1910300,285,144,141
424,21,381,1910400,411,206,205
425,21,381,1910500,500,247,253
426,21,381,1910600,902,468,434
427,21,381,1910700,654,335,319
428,21,381,1910800,159,72,87
429,21,381,1910900,1476,731,745
430,21,381,1911000,956,471,485
431,21,381,1911100,1142,580,562
432,21,381,1911200,1441,734,707
433,21,381,1911300,783,412,371
434,21,381,1911400,89,48,41
435,21,381,1911500,204,106,98
436,21,381,1911600,289,138,151
437,21,381,1911700,136,65,71
438,21,381,1911800,398,210,188
439,21,381,1911900,126,70,56
440,21,381,1912000,319,170,149
441,21,381,1912100,1004,530,474
442,21,381,1912200,712,362,350
443,21,381,1912300,250,116,134
444,21,381,1912400,2109,1025,1084
445,21,381,1912500,386,192,194
446,21,381,1912600,2626,1317,1309
447,21,381,1912700,1322,654,668
448,21,381,1912800,154,79,75
449,21,381,1912900,432,212,220
450,21,381,1913000,1221,624,597
451,21,381,1913100,401,202,199
452,21,381,1913200,741,387,354
453,21,381,1913300,0,0,0
454,21,381,1913400,2096,1086,1010
455,21,381,1913500,368,188,180
456,21,381,1913600,230,118,112
457,21,381,1913700,549,285,264
458,21,381,1913800,1131,491,640
459,21,381,1913900,1065,522,543
460,21,381,1914000,1460,689,771
461,21,381,1914100,604,308,296
462,21,381,1914200,682,337,345
463,21,381,1914300,463,224,239
464,21,381,1914400,466,233,233
465,21,381,1914500,1279,589,690
466,21,381,1914600,1172,551,621
467,21,381,1914700,1548,740,808
468,21,381,1914800,1687,826,861
469,21,381,1914900,624,290,334
470,21,381,1915000,1310,683,627
471,21,381,1915100,508,276,232
472,21,381,1915200,2231,1137,1094
473,21,381,1915300,163,84,79
474,21,381,1915400,1934,957,977
475,21,381,1915500,2685,1384,1301
476,21,381,1915600,1462,734,728
477,21,381,1915700,245,132,113
478,21,381,1915800,609,311,298
479,21,381,1915900,319,146,173
480,21,381,1916000,665,344,321
481,21,381,1916100,583,299,284
482,21,381,1916200,2549,1297,1252
483,21,381,1916300,512,264,248
484,21,381,1916400,1487,769,718
485,21,381,1916500,3165,1626,1539
486,21,381,1916600,386,207,179
487,21,381,1916700,1333,682,651
488,21,381,1916800,2395,1202,1193
489,21,381,1916900,2681,1381,1300
490,21,381,1917000,2406,1224,1182
491,21,381,1917100,831,439,392
492,21,381,1917200,1723,881,842
493,21,381,1917300,3497,1801,1696
494,21,381,1917400,3398,1730,1668
495,21,381,1917500,1799,922,877
496,21,381,1917600,2626,1319,1307
497,21,381,1917700,1091,604,487
498,21,381,1917800,3380,1701,1679
499,21,381,1917900,2349,1197,1152
500,21,381,1918000,4583,2314,2269
501,21,381,1918100,2141,1115,1026
502,21,381,1918200,1967,1010,957
503,21,381,1918300,3497,1805,1692
504,21,381,1918400,2582,1301,1281
505,21,381,1918500,2473,1284,1189
506,21,381,1918600,645,335,310
507,21,381,1918700,1819,935,884
508,21,381,1918800,1661,865,796
509,21,381,1918900,1886,959,927
510,21,381,1919000,378,198,180
511,21,381,1919100,499,234,265
512,21,381,1919200,1202,612,590
513,21,381,1919300,537,271,266
514,21,381,1919400,468,257,211
515,21,381,1919500,1315,680,635
516,21,381,1919600,1593,793,800
517,21,381,1919700,835,408,427
518,21,381,1919800,89,50,39
519,21,381,1919900,884,446,438
520,21,381,1920000,613,289,324
521,21,381,1920100,681,329,352
522,21,381,1920200,0,0,0
523,21,381,1920300,720,375,345
524,21,381,1920400,402,202,200
525,21,381,1920500,737,370,367
526,21,381,1920600,911,452,459
527,21,381,1920700,529,273,256
528,21,381,1920800,210,104,106
529,21,381,1920900,385,177,208
530,21,381,1921000,723,356,367
531,21,381,1921100,345,167,178
532,21,381,1921200,319,163,156
533,21,381,1921300,618,325,293
534,21,381,1921400,1253,603,650
535,21,381,1921500,1226,612,614
536,21,381,1921600,309,156,153
537,21,381,1921700,259,144,115
538,21,381,1921800,503,257,246
539,21,381,1921900,427,216,211
540,21,381,1922000,1241,642,599
541,21,381,1922100,4667,2336,2331
542,21,381,1922200,1404,743,661
543,21,381,1922300,957,473,484
544,21,381,1922400,366,188,178
545,21,381,1922500,1624,820,804
546,21,381,1922600,558,281,277
547,21,381,1922700,68,34,34
548,21,381,1922800,469,243,226
549,21,381,1922900,2522,1288,1234
550,21,381,1923000,690,345,345
551,21,381,1923100,1508,814,694
552,21,381,1923200,1023,525,498
553,21,381,1923300,2270,1135,1135
554,21,381,1923400,1020,511,509
555,21,381,1923500,943,478,465
556,21,381,1923600,2739,1435,1304
557,21,381,1923700,976,509,467
558,21,381,1923800,434,228,206
559,21,381,1923900,848,432,416
560,21,381,1924000,606,311,295
561,21,381,1924100,706,375,331
562,21,381,1924200,2438,1240,1198
563,21,381,1924300,2508,1317,1191
564,21,381,1924400,1863,954,909
565,21,381,1924500,1007,522,485
566,21,381,1924600,598,308,290
567,21,381,1924700,97,47,50
568,21,381,1924800,1481,746,735
569,21,381,1924900,1167,581,586
570,21,381,1925000,1064,548,516
571,21,381,1925100,2058,1005,1053
572,21,381,1925200,958,489,469
573,21,381,1925300,299,148,151
574,21,381,1925400,401,214,187
575,21,381,1925500,206,99,107
576,21,381,1925600,897,489,408
577,21,381,1925700,365,179,186
578,21,381,1925800,2428,1219,1209
579,21,381,1925900,1079,559,520
580,21,381,1926000,816,411,405
581,21,381,1926100,2519,1256,1263
582,21,381,1926200,107,44,63
583,21,381,1926300,144,74,70
584,21,381,1926400,284,149,135
585,21,381,1926500,614,334,280
586,21,381,1926600,1678,868,810
587,21,381,1926700,375,195,180
588,21,381,1926800,1071,569,502
589,21,381,1926900,378,176,202
590,21,381,1927000,499,259,240
591,21,381,1927100,913,474,439
592,21,381,1927200,576,270,306
593,21,381,1927300,1634,820,814
594,21,381,1927400,1260,619,641
595,21,381,1927500,2622,1337,1285
596,21,381,1927600,545,267,278
597,21,381,1927700,341,180,161
598,21,381,1927800,917,462,455
599,21,381,1927900,0,0,0
600,21,381,1928000,2951,1444,1507
601,21,381,1928100,72,28,44
602,21,381,1928200,1482,747,735
603,21,381,1928300,44,22,22
604,21,381,1928400,1269,639,630
605,21,381,1928500,422,207,215
606,21,381,1928600,580,286,294
607,21,381,1928700,1085,553,532
608,21,381,1928800,1127,603,524
609,21,381,1928900,438,229,209
610,21,381,1929000,708,368,340
611,21,381,1929100,209,107,102
612,21,381,1929200,828,393,435
613,21,381,1929300,583,279,304
614,21,381,1929400,699,305,394
615,21,381,1929500,3003,1537,1466
616,21,381,1929600,4377,2289,2088
617,21,381,1929700,1200,603,597
618,21,381,1929800,188,104,84
619,21,381,1929900,1067,510,557
620,21,381,1930000,3418,1668,1750
621,21,381,1930100,2936,1441,1495
622,21,381,1930200,2328,1162,1166
623,21,381,1930300,1504,747,757
624,21,381,1930400,1005,499,506
625,21,381,1930500,0,0,0
626,21,381,1930600,3196,1624,1572
627,21,381,1930700,2257,1121,1136
628,21,381,1930800,1431,705,726
629,21,381,1930900,1495,735,760
630,21,381,1931000,3201,1627,1574
631,21,381,1931100,964,456,508
632,21,381,1931200,803,412,391
633,21,381,1931300,0,0,0
634,21,381,1931400,858,429,429
635,21,381,1931500,743,380,363
636,21,381,1931600,2488,1210,1278
637,21,381,1931700,968,477,491
638,21,381,1931800,1007,490,517
639,21,381,1931900,899,454,445
640,21,381,1932000,680,336,344
641,21,381,1932100,1553,792,761
642,21,381,1932200,423,197,226
643,21,381,1932300,1412,702,710
644,21,381,1932400,555,284,271
645,21,381,1932500,3191,1665,1526
646,21,381,1932600,1558,792,766
647,21,381,1932700,929,503,426
648,21,381,1932800,401,196,205
649,21,381,1932900,1136,557,579
650,21,381,1933000,907,488,419
651,21,381,1933100,693,342,351
652,21,381,1933200,968,500,468
653,21,381,1933300,939,488,451
654,21,381,1933400,781,380,401
655,21,381,1933500,922,463,459
656,21,381,1933600,352,185,167
657,21,381,1933700,1739,863,876
658,21,381,1933800,1317,664,653
659,21,381,1933900,2807,1454,1353
660,21,381,1934000,522,250,272
661,21,381,1934100,976,473,503
662,21,381,1934200,681,346,335
663,21,381,1934300,429,208,221
664,21,381,1934400,1253,624,629
665,21,381,1934500,1213,613,600
666,21,381,1934600,957,466,491
667,21,381,1934700,2003,1003,1000
668,21,381,1934800,803,399,404
669,21,381,1934900,382,199,183
670,21,381,1935000,2450,1238,1212
671,21,381,1935100,1141,572,569
672,21,381,1935200,498,250,248
673,21,381,1935300,952,484,468
674,21,381,1935400,458,233,225
675,21,381,1935500,37,22,15
676,21,381,1935600,4414,2235,2179
677,21,381,1935700,576,279,297
678,21,381,1935800,295,137,158
679,21,381,1935900,50,24,26
680,21,381,1936000,270,145,125
681,21,381,1936100,803,423,380
682,21,381,1936200,317,146,171
683,21,381,1936300,176,79,97
684,21,381,1936400,974,483,491
685,21,381,1936500,3051,1518,1533
686,21,381,1936600,655,340,315
687,21,381,1936700,1053,545,508
688,21,381,1936800,3568,1806,1762
689,21,381,1936900,769,383,386
690,21,381,1937000,517,265,252
691,21,381,1937100,2037,1024,1013
692,21,381,1937200,427,203,224
693,21,381,1937300,1850,902,948
694,21,381,1937400,247,117,130
695,21,381,1937500,557,290,267
696,21,381,1937600,845,433,412
697,21,381,1937700,1865,950,915
698,21,381,1937800,128,74,54
699,21,381,1937900,1272,630,642
700,21,381,1938000,3269,1651,1618
701,21,381,1938100,518,243,275
702,21,381,1938200,6516,3312,3204
703,21,381,1938300,713,360,353
704,21,381,1938400,3248,1661,1587
705,21,381,1938500,547,275,272
706,21,381,1938600,196,97,99
707,21,381,1938700,703,362,341
708,21,381,1938800,990,517,473
709,21,381,1938900,2889,1465,1424
710,21,381,1939000,2182,1089,1093
711,21,381,1939100,2457,1274,1183
712,21,381,1939200,1349,679,670
713,21,381,1939300,2425,1280,1145
714,21,381,1939400,1342,670,672
715,21,381,1939500,963,494,469
716,21,381,1939600,1067,541,526
717,21,381,1939700,1439,741,698
718,21,381,1939800,1710,859,851
719,21,381,1939900,2119,1072,1047
720,21,381,1940000,0,0,0
721,21,381,1940100,2508,1287,1221
722,21,381,1940200,2267,1138,1129
723,21,381,1940300,3935,2019,1916
724,21,381,1940400,1319,649,670
725,21,381,1940500,1936,987,949
726,21,381,1940600,538,275,263
727,21,381,1940700,0,0,0
728,21,381,1940800,209,99,110
729,21,381,1940900,745,370,375
730,21,381,1941000,573,279,294
731,21,381,1941100,1331,647,684
732,21,381,1941200,289,152,137
733,21,381,1941300,997,483,514
734,21,381,1941400,72,44,28
735,21,381,1941500,224,119,105
736,21,381,1941600,432,221,211
737,21,381,1941700,1732,908,824
738,21,381,1941800,1351,696,655
739,21,381,1941900,376,197,179
740,21,381,1942000,1772,888,884
741,21,381,1942100,131,56,75
742,21,381,1942200,4052,2000,2052
743,21,381,1942300,1312,674,638
744,21,381,1942400,1722,861,861
745,21,381,1942500,188,88,100
746,21,381,1942600,830,418,412
747,21,381,1942700,432,208,224
748,21,381,1942800,1210,598,612
749,21,381,1942900,267,134,133
750,21,381,1943000,866,440,426
751,21,381,1943100,97,50,47
752,21,381,1943200,299,150,149
753,21,381,1943300,490,258,232
754,21,381,1943400,2180,1106,1074
755,21,381,1943500,563,267,296
756,21,381,1943600,911,434,477
757,21,381,1943700,2111,1076,1035
758,21,381,1943800,1833,909,924
759,21,381,1943900,199,83,116
760,21,381,1944000,1187,606,581
761,21,381,1944100,1128,567,561
762,21,381,1944200,391,195,196
763,21,381,1944300,1539,802,737
764,21,381,1944400,1020,510,510
765,21,381,1944500,325,173,152
766,21,381,1944600,1135,588,547
767,21,381,1944700,2766,1391,1375
768,21,381,1944800,169,84,85
769,21,381,1944900,429,221,208
770,21,381,1945000,1546,762,784
771,21,381,1945100,830,397,433
772,21,381,1945200,208,106,102
773,21,381,1945300,944,471,473
774,21,381,1945400,342,169,173
775,21,381,1945500,258,134,124
776,21,381,1945600,3508,1773,1735
777,21,381,1945700,1473,731,742
778,21,381,1945800,0,0,0
779,21,381,1945900,270,134,136
780,21,381,1946000,905,444,461
781,21,381,1946100,628,326,302
782,21,381,1946200,939,468,471
783,21,381,1946300,1310,653,657
784,21,381,1946400,2099,1069,1030
785,21,381,1946500,611,311,300
786,21,381,1946600,1269,643,626
787,21,381,1946700,312,149,163
788,21,381,1946800,591,279,312
789,21,381,1946900,744,360,384
790,21,381,1947000,2181,1104,1077
791,21,381,1947100,742,371,371
792,21,381,1947200,628,320,308
793,21,381,1947300,1364,690,674
794,21,381,1947400,1033,535,498
795,21,381,1947500,1317,629,688
796,21,381,1947600,2758,1379,1379
797,21,381,1947700,2597,1321,1276
798,21,381,1947800,878,443,435
799,21,381,1947900,50,24,26
800,21,381,1948000,1343,675,668
801,21,381,1948100,2008,1025,983
802,21,381,1948200,1411,715,696
803,21,381,1948300,1658,844,814
804,21,381,1948400,663,322,341
805,21,381,1948500,1477,714,763
806,21,381,1948600,897,468,429
807,21,381,1948700,3879,2015,1864
808,21,381,1948800,1335,674,661
809,21,381,1948900,1679,889,790
810,21,381,1949000,233,124,109
811,21,381,1949100,2578,1307,1271
812,21,381,1949200,7,4,3
813,21,381,1949300,0,0,0
814,21,381,1949400,212,108,104
815,21,381,1949500,197,84,113
816,21,381,1949600,917,476,441
817,21,381,1949700,1270,626,644
818,21,381,1949800,3958,2016,1942
819,21,381,1949900,1563,776,787
820,21,381,1950000,320,150,170
821,21,381,1950100,1189,602,587
822,21,381,1950200,555,284,271
823,21,381,1950300,2437,1256,1181
824,21,381,1950400,1605,841,764
825,21,381,1950500,583,281,302
826,21,381,1950600,638,317,321
827,21,381,1950700,186,103,83
828,21,381,1950800,1065,540,525
829,21,381,1950900,4469,2344,2125
830,21,381,1951000,2154,1141,1013
831,21,381,1951100,23,7,16
832,21,381,1951200,1165,598,567
833,21,381,1951300,1082,552,530
834,21,381,1951400,1137,583,554
835,21,381,1951500,490,258,232
836,21,381,1951600,1061,527,534
837,21,381,1951700,17,8,9
838,21,381,1951800,3925,2041,1884
839,21,381,1951900,1404,704,700
840,21,381,1952000,2181,1122,1059
841,21,381,1952100,2636,1349,1287
842,21,381,1952200,352,178,174
843,21,381,1952300,3312,1699,1613
844,21,381,1952400,418,219,199
845,21,381,1952500,684,351,333
846,21,381,1952600,149,83,66
847,21,381,1952700,363,186,177
848,21,381,1952800,752,390,362
849,21,381,1952900,788,403,385
850,21,381,1953000,1634,845,789
851,21,381,1953100,4909,2684,2225
852,21,381,1953200,639,315,324
853,21,381,1953300,2645,1384,1261
854,21,381,1953400,1049,547,502
855,21,381,1953500,1750,908,842
856,21,381,1953600,1398,700,698
857,21,381,1953700,1527,792,735
858,21,381,1953800,759,387,372
859,21,381,1953900,1080,549,531
860,21,381,1954000,308,156,152
861,21,381,1954100,1095,570,525
862,21,381,1954200,987,524,463
863,21,381,1954300,1017,530,487
864,21,381,1954400,1547,759,788
865,21,381,1954500,1426,703,723
866,21,381,1954600,645,341,304
867,21,381,1954700,1337,663,674
868,21,381,1954800,3469,1758,1711
869,21,381,1954900,2430,1196,1234
870,21,381,1955000,2882,1482,1400
871,21,381,1955100,1691,858,833
872,21,381,1955200,21,13,8
873,21,381,1955300,895,444,451
874,21,381,1955400,2572,1292,1280
875,21,381,1955500,254,129,125
876,21,381,1955600,2200,1065,1135
877,21,381,1955700,1048,505,543
878,21,381,1955800,1866,974,892
879,21,381,1955900,1221,628,593
880,21,381,1956000,1944,969,975
881,21,381,1956100,2411,1257,1154
882,21,381,1956200,1209,632,577
883,21,381,1956300,1152,590,562
884,21,381,1956400,2205,1152,1053
885,21,381,1956500,1876,944,932
886,21,381,1956600,2616,1354,1262
887,21,381,1956700,2149,1115,1034
888,21,381,1956800,1318,686,632
889,21,381,1956900,0,0,0
890,21,381,1957000,2103,1094,1009
891,21,381,1957100,783,398,385
892,21,381,1957200,515,259,256
893,21,381,1957300,725,367,358
894,21,381,1957400,233,128,105
895,21,381,1957500,583,283,300
896,21,381,1957600,918,494,424
897,21,381,1957700,2914,1467,1447
898,21,381,1957800,1533,776,757
899,21,381,1957900,1342,699,643
900,21,381,1958000,864,426,438
901,21,381,1958100,2638,1337,1301
902,21,381,1958200,453,233,220
903,21,381,1958300,1441,686,755
904,21,381,1958400,2602,1267,1335
905,21,381,1958500,2203,1102,1101
906,21,381,1958600,1058,512,546
907,21,381,1958700,2309,1128,1181
908,21,381,1958800,701,332,369
909,21,381,1958900,2939,1474,1465
910,21,381,1959000,162,86,76
911,21,381,1959100,4379,2200,2179
912,21,381,1959200,1547,792,755
913,21,381,1959300,301,142,159
914,21,381,1959400,300,158,142
915,21,381,1959500,1507,746,761
916,21,381,1959600,390,189,201
917,21,381,1959700,1067,557,510
918,21,381,1959800,1374,693,681
919,21,381,1959900,1173,601,572
920,21,381,1960000,3603,1805,1798
921,21,381,1960100,712,357,355
922,21,381,1960200,471,228,243
923,21,381,1960300,1782,902,880
924,21,381,1960400,1568,786,782
925,21,381,1960500,221,107,114
926,21,381,1960600,741,360,381
927,21,381,1960700,188,95,93
928,21,381,1960800,877,452,425
929,21,381,1960900,824,415,409
930,21,381,1961000,2897,1460,1437
931,21,381,1961100,2110,1085,1025
932,21,381,1961200,1717,859,858
933,21,381,1961300,1238,630,608
934,21,381,1961400,1108,535,573
935,21,381,1961500,872,442,430
936,21,381,1961600,733,356,377
937,21,381,1961700,596,295,301
938,21,381,1961800,589,294,295
939,21,381,1961900,590,288,302
940,21,381,1962000,1300,650,650
941,21,381,1962100,1105,555,550
942,21,381,1962200,265,126,139
943,21,381,1962300,373,190,183
944,21,381,1962400,137,76,61
945,21,381,1962500,753,361,392
946,21,381,1962600,224,119,105
947,21,381,1962700,487,249,238
948,21,381,1962800,2862,1364,1498
949,21,381,1962900,702,372,330
950,21,381,1963000,192,94,98
951,21,381,1963100,2445,1238,1207
952,21,381,1963200,1362,699,663
953,21,381,1963300,1924,1009,915
954,21,381,1963400,306,163,143
955,21,381,1963500,436,214,222
956,21,381,1963600,2751,1409,1342
957,21,381,1963700,407,207,200
958,21,381,1963800,310,149,161
959,21,381,1963900,1,1,0
960,21,381,1964000,867,452,415
961,21,381,1964100,1727,868,859
962,21,381,1964200,2614,1338,1276
963,21,381,1964300,298,154,144
964,21,381,1964400,129,72,57
965,21,381,1964500,477,233,244
966,21,381,1964600,1180,575,605
967,21,381,1964700,294,139,155
968,21,381,1964800,163,79,84
969,21,381,1964900,816,415,401
970,21,381,1965000,684,341,343
971,21,381,1965100,909,444,465
972,21,381,1965200,3672,1835,1837
973,21,381,1965300,534,271,263
974,21,381,1965400,1233,640,593
975,21,381,1965500,638,325,313
976,21,381,1965600,270,126,144
977,21,381,1965700,464,240,224
978,21,381,1965800,1425,681,744
979,21,381,1965900,655,335,320
980,21,381,1966000,355,176,179
981,21,381,1966100,1176,675,501
982,21,381,1966200,1464,757,707
983,21,381,1966300,530,324,206
984,21,381,1966400,679,319,360
985,21,381,1966500,382,188,194
986,21,381,1966600,0,0,0
987,21,381,1966700,378,206,172
988,21,381,1966800,0,0,0
989,21,381,1966900,867,446,421
990,21,381,1967000,501,257,244
991,21,381,1967100,448,231,217
992,21,381,1967200,905,439,466
993,21,381,1967300,0,0,0
994,21,381,1967400,550,285,265
995,21,381,1967500,573,279,294
996,21,381,1967600,200,99,101
997,21,381,1967700,0,0,0
998,21,381,1967800,5205,2643,2562
999,21,381,1967900,381,195,186
1000,21,381,1968000,228,136,92
1001,21,381,1968100,1149,594,555
1002,21,381,1968200,489,263,226
1003,21,381,1968300,578,300,278
1004,21,381,1968400,0,0,0
1005,21,381,1968500,67,33,34
1006,21,381,1968600,260,135,125
1007,21,381,1968700,2193,1112,1081
1008,21,381,1968800,1536,786,750
1009,21,381,1968900,15,8,7
1010,21,381,1969000,291,154,137
1011,21,381,1969100,2795,1405,1390
1012,21,381,1969200,1594,815,779
1013,21,381,1969300,425,207,218
1014,21,381,1969400,1723,887,836
1015,21,381,1969500,604,310,294
1016,21,381,1969600,1603,774,829
1017,21,381,1969700,887,459,428
1018,21,381,1969800,159,83,76
1019,21,381,1969900,2789,1413,1376
1020,21,381,1970000,2570,1315,1255
1021,21,381,1970100,180,96,84
1022,21,381,1970200,520,274,246
1023,21,381,1970300,1120,561,559
1024,21,381,1970400,179,95,84
1025,21,381,1970500,540,278,262
1026,21,381,1970600,1353,690,663
1027,21,381,1970700,569,279,290
1028,21,381,1970800,296,160,136
1029,21,381,1970900,773,401,372
1030,21,381,1971000,919,470,449
1031,21,381,1971100,0,0,0
1032,21,381,1971200,797,398,399
1033,21,381,1971300,58,40,18
1034,21,381,1971400,1187,614,573
1035,21,381,1971500,0,0,0
1036,21,381,1971600,1058,555,503
1037,21,381,1971700,995,496,499
1038,21,381,1971800,1800,922,878
1039,21,381,1971900,500,259,241
1040,21,381,1972000,5133,2548,2585
1041,21,381,1972100,1000,521,479
1042,21,381,1972200,142,67,75
1043,21,381,1972300,1045,572,473
1044,21,381,1972400,407,217,190
1045,21,381,1972500,163,73,90
1046,21,381,1972600,356,173,183
1047,21,381,1972700,182,96,86
1048,21,381,1972800,0,0,0
1049,21,381,1972900,812,422,390
1050,21,381,1973000,32,15,17
1051,21,381,1973100,1410,721,689
1052,21,381,1973200,623,321,302
1053,21,381,1973300,851,439,412
1054,21,381,1973400,885,418,467
1055,21,381,1973500,337,176,161
1056,21,381,1973600,853,432,421
1057,21,381,1973700,619,322,297
1058,21,381,1973800,154,73,81
1059,21,381,1973900,579,305,274
1060,21,381,1974000,1514,764,750
1061,21,381,1974100,928,493,435
1062,21,381,1974200,649,326,323
1063,21,381,1974300,1569,766,803
1064,21,381,1974400,0,0,0
1065,21,381,1974500,1402,726,676
1066,21,381,1974600,2201,1128,1073
1067,21,381,1974700,3692,1885,1807
1068,21,381,1974800,943,483,460
1069,21,381,1974900,634,327,307
1070,21,381,1975000,231,129,102
1071,21,381,1975100,1531,740,791
1072,21,381,1975200,796,429,367
1073,21,381,1975300,642,315,327
1074,21,381,1975400,426,212,214
1075,21,381,1975500,2451,1239,1212
1076,21,381,1975600,3416,1726,1690
1077,21,381,1975700,1135,576,559
1078,21,381,1975800,2578,1308,1270
1079,21,381,1975900,268,132,136
1080,21,381,1976000,301,156,145
1081,21,381,1976100,309,134,175
1082,21,381,1976200,1272,650,622
1083,21,381,1976300,1246,632,614
1084,21,381,1976400,0,0,0
1085,21,381,1976500,0,0,0
1086,21,381,1976600,4701,2432,2269
1087,21,381,1976700,1739,882,857
1088,21,381,1976800,168,78,90
1089,21,381,1976900,206,106,100
1090,21,381,1977000,0,0,0
1091,21,381,1977100,0,0,0
1092,21,381,1977200,2766,1394,1372
1093,21,381,1977300,0,0,0
1094,21,381,1977400,690,336,354
1095,21,381,1977500,2205,1117,1088
1096,21,381,1977600,0,0,0
1097,21,381,1977700,210,107,103
1098,21,381,1977800,4842,2521,2321
1099,21,381,1977900,500,253,247
1100,21,381,1978000,44,22,22
1101,21,381,1978100,119,58,61
1102,21,381,1978200,344,182,162
1103,21,381,1978300,650,309,341
1104,21,381,1978400,159,83,76
1105,21,381,1978500,724,354,370
1106,21,381,1978600,421,206,215
1107,21,381,1978700,2868,1490,1378
1108,21,381,1978800,354,177,177
1109,21,381,1978900,275,125,150
1110,21,381,1979000,1257,651,606
1111,21,381,1979100,1199,621,578
1112,21,381,1979200,1917,970,947
1113,21,381,1979300,1205,604,601
1114,21,381,1979400,807,419,388
1115,21,381,1979500,1840,967,873
1116,21,381,1979600,2361,1198,1163
1117,21,381,1979700,0,0,0
1118,21,381,1979800,0,0,0
1119,21,381,1979900,0,0,0
1120,21,381,1980000,48,26,22
1121,21,381,1980100,0,0,0
1122,21,381,1980200,247,138,109
1123,21,381,1980300,1740,888,852
1124,21,381,1980400,1460,745,715
1125,21,381,1980500,3924,2025,1899
1126,21,381,1980600,221,116,105
1127,21,381,1980700,2294,1145,1149
1128,21,381,1980800,2913,1452,1461
1129,21,381,1980900,0,0,0
1130,21,381,1981000,1474,744,730
1131,21,381,1981100,992,515,477
1132,21,381,1981200,356,175,181
1133,21,381,1981300,954,479,475
1134,21,381,1981400,290,148,142
1135,21,381,1981500,1451,761,690
1136,21,381,1981600,962,589,373
1137,21,381,1981700,1024,520,504
1138,21,381,1981800,235,127,108
1139,21,381,1981900,2089,1061,1028
1140,21,381,1982000,1281,645,636
1141,21,381,1982100,990,487,503
1142,21,381,1982200,1373,692,681
1143,21,381,1982300,459,218,241
1144,21,381,1982400,481,259,222
1145,21,381,1982500,316,168,148
1146,21,381,1982600,173,89,84
1147,21,381,1982700,119,57,62
1148,21,381,1982800,4314,2171,2143
1149,21,381,1982900,813,406,407
1150,21,381,1983000,346,182,164
1151,21,381,1983100,591,286,305
1152,21,381,1983200,0,0,0
1153,21,381,1983300,91,46,45
1154,21,381,1983400,2291,1151,1140
1155,21,381,1983500,2179,1116,1063
1156,21,381,1983600,1362,700,662
1157,21,381,1983700,520,264,256
1158,21,381,1983800,496,250,246
1159,21,381,1983900,1332,671,661
1160,21,381,1984000,802,421,381
1161,21,381,1984100,221,116,105
1162,21,381,1984200,0,0,0
1163,21,381,1984300,339,169,170
1164,21,381,1984400,458,237,221
1165,21,381,1984500,1443,765,678
1166,21,381,1984600,1700,816,884
1167,21,381,1984700,1384,683,701
1168,21,381,1984800,467,235,232
1169,21,381,1984900,0,0,0
1170,21,381,1985000,58,26,32
1171,21,381,1985100,324,172,152
1172,21,381,1985200,2301,1173,1128
1173,21,381,1985300,276,138,138
1174,21,381,1985400,894,463,431
1175,21,381,1985500,1100,592,508
1176,21,381,1985600,209,103,106
1177,21,381,1985700,88,48,40
1178,21,381,1985800,383,189,194
1179,21,381,1985900,284,149,135
1180,21,381,1986000,147,78,69
1181,21,381,1986100,816,421,395
1182,21,381,1986200,1405,737,668
1183,21,381,1986300,145,75,70
1184,21,381,1986400,0,0,0
1185,21,381,1986500,109,56,53
1186,21,381,1986600,1368,690,678
1187,21,381,1986700,923,470,453
1188,21,381,1986800,1094,572,522
1189,21,381,1986900,673,330,343
1190,21,381,1987000,1711,885,826
1191,21,381,1987100,227,109,118
1192,21,381,1987200,412,220,192
1193,21,381,1987300,1141,562,579
1194,21,381,1987400,4144,2133,2011
1195,21,381,1987500,1453,726,727
1196,21,381,1987600,567,290,277
1197,21,381,1987700,365,169,196
1198,21,381,1987800,1118,575,543
1199,21,381,1987900,528,249,279
1200,21,381,1988000,1264,647,617
1201,21,381,1988100,518,270,248
1202,21,381,1988200,481,255,226
1203,21,381,1988300,23,13,10
1204,21,381,1988400,1382,684,698
1205,21,381,1988500,238,115,123
1206,21,381,1988600,198,101,97
1207,21,381,1988700,1243,643,600
1208,21,381,1988800,652,337,315
1209,21,381,1988900,227,116,111
1210,21,381,1989000,327,169,158
1211,21,381,1989100,0,0,0
1212,21,381,1989200,497,253,244
1213,21,381,1989300,2059,1049,1010
1214,21,381,1989400,245,131,114
1215,21,381,1989500,187,95,92
1216,21,381,1989600,21,7,14
1217,21,381,1989700,1513,767,746
1218,21,381,1989800,1136,561,575
1219,21,381,1989900,1481,756,725
1220,21,381,1990000,1309,661,648
1221,21,381,1990100,4725,2393,2332
1222,21,381,1990200,1220,619,601
1223,21,381,1990300,0,0,0
1224,21,381,1990400,4764,2474,2290
1225,21,381,1990500,596,302,294
1226,21,381,1990600,2768,1443,1325
1227,21,381,1990700,177,95,82
1228,21,381,1990800,2234,1108,1126
1229,21,381,1990900,835,413,422
1230,21,381,1991000,1005,537,468
1231,21,381,1991100,1388,743,645
1232,21,381,1991200,766,390,376
1233,21,381,1991300,2198,1071,1127
1234,21,381,1991400,895,486,409
1235,21,381,1991500,363,178,185
1236,21,381,1991600,869,438,431
1237,21,381,1991700,1241,634,607
1238,21,381,1991800,2371,1217,1154
1239,21,381,1991900,1605,831,774
1240,21,381,1992000,3302,1656,1646
1241,21,381,1992100,792,396,396
1242,21,381,1992200,1506,743,763
1243,21,381,1992300,426,218,208
1244,21,381,1992400,956,498,458
1245,21,381,1992500,1074,551,523
1246,21,381,1992600,822,433,389
1247,21,381,1992700,629,315,314
1248,21,381,1992800,121,63,58
1249,21,381,1992900,562,298,264
1250,21,381,1993000,2607,1342,1265
1251,21,381,1993100,1691,885,806
1252,21,381,1993200,1092,542,550
1253,21,381,1993300,1146,608,538
1254,21,381,1993400,239,134,105
1255,21,381,1993500,665,360,305
1256,21,381,1993600,415,219,196
1257,21,381,1993700,2873,1483,1390
1258,21,381,1993800,933,453,480
1259,21,381,1993900,521,263,258
1260,21,381,1994000,2904,1496,1408
1261,21,381,1994100,397,213,184
1262,21,381,1994200,1675,869,806
1263,21,381,1994300,334,170,164
1264,21,381,1994400,2441,1243,1198
1265,21,381,1994500,1595,840,755
1266,21,381,1994600,0,0,0
1267,21,381,1994700,1923,953,970
1268,21,381,1994800,1114,558,556
1269,21,381,1994900,1347,684,663
1270,21,381,1995000,1075,544,531
1271,21,381,1995100,918,433,485
1272,21,381,1995200,254,134,120
1273,21,381,1995300,0,0,0
1274,21,381,1995400,724,376,348
1275,21,381,1995500,462,240,222
1276,21,381,1995600,5,3,2
1277,21,381,1995700,129,68,61
1278,21,381,1995800,548,288,260
1279,21,381,1995900,347,182,165
1280,21,381,1996000,865,458,407
1281,21,381,1996100,2477,1240,1237
1282,21,381,1996200,354,189,165
1283,21,381,1996300,149,70,79
1284,21,381,1996400,433,226,207
1285,21,381,1996500,1576,797,779
1286,21,381,1996600,0,0,0
1287,21,381,1996700,558,288,270
1288,21,381,1996800,0,0,0
1289,21,381,1996900,0,0,0
1290,21,381,1997000,294,156,138
1291,21,381,1997100,245,124,121
1292,21,381,1997200,2204,1114,1090
1293,21,381,1997300,258,126,132
1294,21,381,1997400,962,483,479
1295,21,381,1997500,1213,626,587
1296,21,381,1997600,1404,708,696
1297,21,381,1997700,248,121,127
1298,21,381,1997800,641,332,309
1299,21,381,1997900,787,401,386
1300,21,381,1998000,601,298,303
1301,21,381,1998100,1294,654,640
1302,21,381,1998200,392,207,185
1303,21,381,1998300,489,240,249
1304,21,381,1998400,726,365,361
1305,21,381,1998500,315,170,145
1306,21,381,1998600,268,144,124
1307,21,381,1998700,387,208,179
1308,21,381,1998800,278,155,123
1309,21,381,1998900,187,88,99
1310,21,381,1999000,1082,558,524
1311,21,381,1999100,1634,814,820
1312,21,381,1999200,800,409,391
1313,21,381,1999300,585,279,306
1314,21,381,1999400,229,116,113
1315,21,381,1999500,470,235,235
1316,21,381,1999600,381,195,186
1317,21,381,1999700,196,108,88
1318,21,381,1999800,363,192,171
1319,21,381,1999900,274,139,135
1320,21,381,2000000,173,88,85
1321,21,381,2000100,11,4,7
1322,21,381,2000200,0,0,0
1323,21,381,2000300,233,118,115
1324,21,381,2000400,817,428,389
1325,21,381,2000500,1686,830,856
1326,21,381,2000600,466,244,222
1327,21,381,2000700,360,186,174
1328,21,381,2000800,1136,575,561
1329,21,381,2000900,1190,612,578
1330,21,381,2001000,1084,466,618
1331,21,381,2001100,434,219,215
1332,21,381,2001200,0,0,0
1333,21,381,2001300,0,0,0
1334,21,381,2001400,345,168,177
1335,21,381,2001500,416,206,210
1336,21,381,2001600,2504,1294,1210
1337,21,381,2001700,298,159,139
1338,21,381,2001800,202,103,99
1339,21,381,2001900,0,0,0
1340,21,381,2002000,0,0,0
1341,21,381,2002100,1379,696,683
1342,21,381,2002200,67,42,25
1343,21,381,2002300,0,0,0
1344,21,381,2002400,358,186,172
1345,21,381,2002500,1136,571,565
1346,21,381,2002600,774,398,376
1347,21,381,2002700,1697,846,851
1348,21,381,2002800,692,363,329
1349,21,381,2002900,1135,561,574
1350,21,381,2003000,1656,843,813
1351,21,381,2003100,2809,1408,1401
1352,21,381,2003200,408,224,184
1353,21,381,2003300,312,172,140
1354,21,381,2003400,88,47,41
1355,21,381,2003500,1604,820,784
1356,21,381,2003600,2607,1308,1299
1357,21,381,2003700,3971,2067,1904
1358,21,381,2003800,2655,1356,1299
1359,21,381,2003900,2539,1307,1232
1360,21,381,2004000,0,0,0
1361,21,381,2004100,0,0,0
1362,21,381,2004200,217,106,111
1363,21,381,2004300,5676,2942,2734
1364,21,381,2004400,439,234,205
1365,21,381,2004500,881,450,431
1366,21,381,2004600,885,454,431
1367,21,381,2004700,3793,1986,1807
1368,21,381,2004800,1131,544,587
1369,21,381,2004900,401,197,204
1370,21,381,2005000,1198,622,576
1371,21,381,2005100,773,412,361
1372,21,381,2005200,1710,838,872
1373,21,381,2005300,3506,1769,1737
1374,21,381,2005400,1729,885,844
1375,21,381,2005500,1069,545,524
1376,21,381,2005600,594,311,283
1377,21,381,2005700,600,319,281
1378,21,381,2005800,2473,1250,1223
1379,21,381,2005900,947,466,481
1380,21,381,2006000,2152,1099,1053
1381,21,381,2006100,4140,2127,2013
1382,21,381,2006200,494,250,244
1383,21,381,2006300,745,396,349
1384,21,381,2006400,596,316,280
1385,21,381,2006500,1927,947,980
1386,21,381,2006600,6051,3074,2977
1387,21,381,2006700,2164,1138,1026
1388,21,381,2006800,1311,696,615
1389,21,381,2006900,1055,548,507
1390,21,381,2007000,1128,560,568
1391,21,381,2007100,859,444,415
1392,21,381,2007200,798,418,380
1393,21,381,2007300,866,448,418
1394,21,381,2007400,1476,742,734
1395,21,381,2007500,411,210,201
1396,21,381,2007600,1374,735,639
1397,21,381,2007700,1535,784,751
1398,21,381,2007800,1412,737,675
1399,21,381,2007900,550,286,264
1400,21,381,2008000,188,103,85
1401,21,381,2008100,1352,701,651
1402,21,381,2008200,572,281,291
1403,21,381,2008300,1230,626,604
1404,21,381,2008400,1023,519,504
1405,21,381,2008500,875,447,428
1406,21,381,2008600,3414,1703,1711
1407,21,381,2008700,2446,1243,1203
1408,21,381,2008800,158,70,88
1409,21,381,2008900,5147,2612,2535
1410,21,381,2009000,1993,1045,948
1411,21,381,2009100,1060,547,513
1412,21,381,2009200,0,0,0
1413,21,381,2009300,1399,727,672
1414,21,381,2009400,874,454,420
1415,21,381,2009500,512,270,242
1416,21,381,2009600,2687,1375,1312
1417,21,381,2009700,46,23,23
1418,21,381,2009800,1946,982,964
1419,21,381,2009900,308,147,161
1420,21,381,2010000,398,206,192
1421,21,381,2010100,398,198,200
1422,21,381,2010200,2506,1223,1283
1423,21,381,2010300,2000,1001,999
1424,21,381,2010400,1743,881,862
1425,21,381,2010500,4247,2213,2034
1426,21,381,2010600,4705,2553,2152
1427,21,381,2010700,1441,754,687
1428,21,381,2010800,0,0,0
1429,21,381,2010900,5483,2737,2746
1430,21,381,2011000,1682,841,841
1431,21,381,2011100,3056,1564,1492
1432,21,381,2011200,6263,3234,3029
1433,21,381,2011300,3152,1595,1557
1434,21,381,2011400,1036,562,474
1435,21,381,2011500,1649,837,812
1436,21,381,2011600,2024,1054,970
1437,21,381,2011700,1228,618,610
1438,21,381,2011800,0,0,0
1439,21,381,2011900,2224,1132,1092
1440,21,381,2012000,2149,1130,1019
1441,21,381,2012100,573,305,268
1442,21,381,2012200,500,269,231
1443,21,381,2012300,241,118,123
1444,21,381,2012400,4451,2338,2113
1445,21,381,2012500,125,64,61
1446,21,381,2012600,5175,2674,2501
1447,21,381,2012700,730,366,364
1448,21,381,2012800,508,263,245
1449,21,381,2012900,3668,1908,1760
1450,21,381,2013000,3011,1558,1453
1451,21,381,2013100,1226,626,600
1452,21,381,2013200,2578,1331,1247
1453,21,381,2013300,484,257,227
1454,21,381,2013400,207,116,91
1455,21,381,2013500,218,129,89
1456,21,381,2013600,3244,1614,1630
1457,21,381,2013700,254,125,129
1458,21,381,2013800,4361,2231,2130
1459,21,381,2013900,3973,1973,2000
1460,21,381,2014000,651,336,315
1461,21,381,2014100,1876,967,909
1462,21,381,2014200,3074,1574,1500
1463,21,381,2014300,0,0,0
1464,21,381,2014400,3505,1741,1764
1465,21,381,2014500,0,0,0
1466,21,381,2014600,0,0,0
1467,21,381,2014700,0,0,0
1468,21,381,2014800,1127,565,562
1469,21,381,2014900,453,243,210
1470,21,381,2015000,349,168,181
1471,21,381,2015100,0,0,0
1472,21,381,2015200,440,206,234
1473,21,381,2015300,1554,803,751
1474,21,381,2015400,331,163,168
1475,21,381,2015500,411,213,198
1476,21,381,2015600,1137,585,552
1477,21,381,2015700,889,459,430
1478,21,381,2015800,877,462,415
1479,21,381,2015900,2491,1294,1197
1480,21,381,2016000,281,128,153
1481,21,381,2016100,2645,1335,1310
1482,21,381,2016200,2411,1254,1157
1483,21,381,2016300,1563,807,756
1484,21,381,2016400,565,284,281
1485,21,381,2016500,1740,881,859
1486,21,381,2016600,769,407,362
1487,21,381,2016700,581,285,296
1488,21,381,2016800,4028,2059,1969
1489,21,381,2016900,1491,753,738
1490,21,381,2017000,1535,808,727
1491,21,381,2017100,5536,2902,2634
1492,21,381,2017200,2528,1259,1269
1493,21,381,2017300,377,200,177
1494,21,381,2017400,1261,662,599
1495,21,381,2017500,1915,966,949
1496,21,381,2017600,638,316,322
1497,21,381,2017700,1876,947,929
1498,21,381,2017800,1353,717,636
1499,21,381,2017900,898,439,459
1500,21,381,2018000,0,0,0
1501,21,381,2018100,1620,817,803
1502,21,381,2018200,12051,6108,5943
1503,21,381,2018300,3278,1652,1626
1504,21,381,2018400,635,330,305
1505,21,381,2018500,1744,886,858
1506,21,381,2018600,480,235,245
1507,21,381,2018700,2,2,0
1508,21,381,2018800,2118,1114,1004
1509,21,381,2018900,247,122,125
1510,21,381,2019000,448,224,224
1511,21,381,2019100,568,264,304
1512,21,381,2019200,1106,569,537
1513,21,381,2019300,1015,508,507
1514,21,381,2019400,759,373,386
1515,21,381,2019500,474,249,225
1516,21,381,2019600,508,237,271
1517,21,381,2019700,357,173,184
1518,21,381,2019800,3877,1857,2020
1519,21,381,2019900,0,0,0
1520,21,381,2020000,468,233,235
1521,21,381,2020100,23,11,12
1522,21,381,2020200,351,172,179
1523,21,381,2020300,922,481,441
1524,21,381,2020400,664,332,332
1525,21,381,2020500,476,217,259
1526,21,381,2020600,1719,827,892
1527,21,381,2020700,0,0,0
1528,21,381,2020800,1298,622,676
1529,21,381,2020900,1815,903,912
1530,21,381,2021000,1877,973,904
1531,21,381,2021100,360,169,191
1532,21,381,2021200,322,170,152
1533,21,381,2021300,545,254,291
1534,21,381,2021400,659,302,357
1535,21,381,2021500,1586,827,759
1536,21,381,2021600,682,330,352
1537,21,381,2021700,2109,1074,1035
1538,21,381,2021800,854,429,425
1539,21,381,2021900,206,105,101
1540,21,381,2022000,1277,654,623
1541,21,381,2022100,1152,603,549
1542,21,381,2022200,524,273,251
1543,21,381,2022300,562,279,283
1544,21,381,2022400,2918,1502,1416
1545,21,381,2022500,199,94,105
1546,21,381,2022600,0,0,0
1547,21,381,2022700,1554,792,762
1548,21,381,2022800,747,368,379
1549,21,381,2022900,779,377,402
1550,21,381,2023000,2607,1361,1246
1551,21,381,2023100,0,0,0
1552,21,381,2023200,268,139,129
1553,21,381,2023300,405,209,196
1554,21,381,2023400,411,214,197
1555,21,381,2023500,96,53,43
1556,21,381,2023600,2875,1482,1393
1557,21,381,2023700,3,2,1
1558,21,381,2023800,1461,762,699
1559,21,381,2023900,1690,871,819
1560,21,381,2024000,288,154,134
1561,21,381,2024100,911,464,447
1562,21,381,2024200,525,289,236
1563,21,381,2024300,2106,1033,1073
1564,21,381,2024400,498,234,264
1565,21,381,2024500,42,17,25
1566,21,381,2024600,44,22,22
1567,21,381,2024700,456,230,226
1568,21,381,2024800,510,250,260
1569,21,381,2024900,188,85,103
1570,21,381,2025000,17,7,10
1571,21,381,2025100,35,15,20
1572,21,381,2025200,578,291,287
1573,21,381,2025300,127,64,63
1574,21,381,2025400,155,68,87
1575,21,381,2025500,989,512,477
1576,21,381,2025600,713,361,352
1577,21,381,2025700,380,206,174
1578,21,381,2025800,816,427,389
1579,21,381,2025900,1132,555,577
1580,21,381,2026000,2068,1053,1015
1581,21,381,2026100,1435,747,688
1582,21,381,2026200,447,216,231
1583,21,381,2026300,4954,2563,2391
1584,21,381,2026400,765,378,387
1585,21,381,2026500,3365,1751,1614
1586,21,381,2026600,0,0,0
1587,21,381,2026700,421,226,195
1588,21,381,2026800,37,21,16
1589,21,381,2026900,0,0,0
1590,21,381,2027000,826,413,413
1591,21,381,2027100,626,319,307
1592,21,381,2027200,193,97,96
1593,21,381,2027300,18,7,11
1594,21,381,2027400,45,21,24
1595,21,381,2027500,223,116,107
1596,21,381,2027600,136,62,74
1597,21,381,2027700,216,116,100
1598,21,381,2027800,446,241,205
1599,21,381,2027900,179,98,81
1600,21,381,2028000,24,14,10
1601,21,381,2028100,270,139,131
1602,21,381,2028200,136,74,62
1603,21,381,2028300,0,0,0
1604,21,381,2028400,2028,1090,938
1605,21,381,2028500,197,101,96
1606,21,381,2028600,254,136,118
1607,21,381,2028700,879,462,417
1608,21,381,2028800,765,382,383
1609,21,381,2028900,146,68,78
1610,21,381,2029000,749,416,333
1611,21,381,2029100,633,339,294
1612,21,381,2029200,124,64,60
1613,21,381,2029300,46,23,23
1614,21,381,2029400,1604,813,791
1615,21,381,2029500,1691,888,803
1616,21,381,2029600,0,0,0
1617,21,381,2029700,361,188,173
1618,21,381,2029800,969,490,479
1619,21,381,2029900,609,317,292
1620,21,381,2030000,999,524,475
1621,21,381,2030100,331,165,166
1622,21,381,2030200,106,57,49
1623,21,381,2030300,227,107,120
1624,21,381,2030400,7281,3827,3454
1625,21,381,2030500,278,147,131
1626,21,381,2030600,295,146,149
1627,21,381,2030700,449,239,210
1628,21,381,2030800,317,168,149
1629,21,381,2030900,1932,1010,922
1630,21,381,2031000,1394,731,663
1631,21,381,2031100,766,393,373
1632,21,381,2031200,366,189,177
1633,21,381,2031300,953,491,462
1634,21,381,2031400,792,413,379
1635,21,381,2031500,3774,1943,1831
1636,21,381,2031600,740,371,369
1637,21,381,2031700,2394,1239,1155
1638,21,381,2031800,3359,1788,1571
1639,21,381,2031900,1762,879,883
1640,21,381,2032000,1188,630,558
1641,21,381,2032100,2846,1449,1397
1642,21,381,2032200,4389,2250,2139
1643,21,381,2032300,1698,864,834
1644,21,381,2032400,771,395,376
1645,21,381,2032500,2554,1257,1297
1646,21,381,2032600,928,483,445
1647,21,381,2032700,183,88,95
1648,21,381,2032800,620,298,322
1649,21,381,2032900,1384,717,667
1650,21,381,2033000,1751,899,852
1651,21,381,2033100,4264,2204,2060
1652,21,381,2033200,1208,586,622
1653,21,381,2033300,1299,682,617
1654,21,381,2033400,919,483,436
1655,21,381,2033500,686,341,345
1656,21,381,2033600,304,170,134
1657,21,381,2033700,902,496,406
1658,21,381,2033800,953,508,445
1659,21,381,2033900,1895,1023,872
1660,21,381,2034000,1320,672,648
1661,21,381,2034100,567,304,263
1662,21,381,2034200,966,504,462
1663,21,381,2034300,1157,592,565
1664,21,381,2034400,1404,755,649
1665,21,381,2034500,1114,579,535
1666,21,381,2034600,503,249,254
1667,21,381,2034700,1608,837,771
1668,21,381,2034800,1138,601,537
1669,21,381,2034900,1650,872,778
1670,21,381,2035000,447,208,239
1671,21,381,2035100,1162,611,551
1672,21,381,2035200,1492,779,713
1673,21,381,2035300,1198,626,572
1674,21,381,2035400,589,334,255
1675,21,381,2035500,2204,1121,1083
1676,21,381,2035600,406,206,200
1677,21,381,2035700,682,341,341
1678,21,381,2035800,6885,3586,3299
1679,21,381,2035900,798,421,377
1680,21,381,2036000,716,388,328
1681,21,381,2036100,1934,1011,923
1682,21,381,2036200,1358,705,653
1683,21,381,2036300,2770,1425,1345
1684,21,381,2036400,701,368,333
1685,21,381,2036500,2916,1527,1389
1686,21,381,2036600,255,146,109
1687,21,381,2036700,4120,2191,1929
1688,21,381,2036800,2240,1125,1115
1689,21,381,2036900,1045,540,505
1690,21,381,2037000,2671,1399,1272
1691,21,381,2037100,3383,1741,1642
1692,21,381,2037200,2285,1195,1090
1693,21,381,2037300,6449,3211,3238
1694,21,381,2037400,280,141,139
1695,21,381,2037500,2213,1072,1141
1696,21,381,2037600,1799,916,883
1697,21,381,2037700,1686,887,799
1698,21,381,2037800,591,288,303
1699,21,381,2037900,810,419,391
1700,21,381,2038000,3857,1978,1879
1701,21,381,2038100,1650,872,778
1702,21,381,2038200,274,127,147
1703,21,381,2038300,380,200,180
1704,21,381,2038400,91,44,47
1705,21,381,2038500,147,79,68
1706,21,381,2038600,440,219,221
1707,21,381,2038700,271,121,150
1708,21,381,2038800,73,35,38
1709,21,381,2038900,111,53,58
1710,21,381,2039000,38,15,23
1711,21,381,2039100,251,137,114
1712,21,381,2039200,47,25,22
1713,21,381,2039300,1577,798,779
1714,21,381,2039400,1035,539,496
1715,21,381,2039500,1034,530,504
1716,21,381,2039600,1178,600,578
1717,21,381,2039700,657,335,322
1718,21,381,2039800,352,175,177
1719,21,381,2039900,1139,592,547
1720,21,381,2040000,0,0,0
1721,21,381,2040100,453,251,202
1722,21,381,2040200,544,260,284
1723,21,381,2040300,2339,1216,1123
1724,21,381,2040400,798,442,356
1725,21,381,2040500,56,35,21
1726,21,381,2040600,94,47,47
1727,21,381,2040700,0,0,0
1728,21,381,2040800,560,270,290
1729,21,381,2040900,1008,539,469
1730,21,381,2041000,470,229,241
1731,21,381,2041100,1980,1028,952
1732,21,381,2041200,1533,813,720
1733,21,381,2041300,0,0,0
1734,21,381,2041400,1270,657,613
1735,21,381,2041500,618,315,303
1736,21,381,2041600,2780,1466,1314
1737,21,381,2041700,562,302,260
1738,21,381,2041800,868,443,425
1739,21,381,2041900,1414,716,698
1740,21,381,2042000,644,340,304
1741,21,381,2042100,908,463,445
1742,21,381,2042200,172,79,93
1743,21,381,2042300,1472,745,727
1744,21,381,2042400,306,159,147
1745,21,381,2042500,411,223,188
1746,21,381,2042600,2980,1567,1413
1747,21,381,2042700,1350,700,650
1748,21,381,2042800,192,97,95
1749,21,381,2042900,1846,968,878
1750,21,381,2043000,0,0,0
1751,21,381,2043100,464,238,226
1752,21,381,2043200,897,468,429
1753,21,381,2043300,219,105,114
1754,21,381,2043400,868,447,421
1755,21,381,2043500,258,137,121
1756,21,381,2043600,679,342,337
1757,21,381,2043700,2018,1040,978
1758,21,381,2043800,1234,644,590
1759,21,381,2043900,327,220,107
1760,21,381,2044000,0,0,0
1761,21,381,2044100,887,469,418
1762,21,381,2044200,892,480,412
1763,21,381,2044300,3149,1588,1561
1764,21,381,2044400,0,0,0
1765,21,381,2044500,3084,1608,1476
1766,21,381,2044600,1009,532,477
1767,21,381,2044700,1744,932,812
1768,21,381,2044800,1074,544,530
1769,21,381,2044900,0,0,0
1770,21,381,2045000,129,67,62
1771,21,381,2045100,383,192,191
1772,21,381,2045200,1141,588,553
1773,21,381,2045300,407,203,204
1774,21,381,2045400,2458,1219,1239
1775,21,381,2045500,1075,545,530
1776,21,381,2045600,2720,1390,1330
1777,21,381,2045700,635,311,324
1778,21,381,2045800,0,0,0
1779,21,381,2045900,0,0,0
1780,21,381,2046000,267,136,131
1781,21,381,2046100,329,159,170
1782,21,381,2046200,519,245,274
1783,21,381,2046300,659,345,314
1784,21,381,2046400,511,248,263
1785,21,381,2046500,0,0,0
1786,21,381,2046600,238,116,122
1787,21,381,2046700,1880,843,1037
1788,21,381,2046800,886,449,437
1789,21,381,2046900,2710,1383,1327
1790,21,381,2047000,352,177,175
1791,21,381,2047100,634,332,302
1792,21,381,2047200,695,356,339
1793,21,381,2047300,977,458,519
1794,21,381,2047400,859,434,425
1795,21,381,2047500,503,243,260
1796,21,381,2047600,1429,744,685
1797,21,381,2047700,0,0,0
1798,21,381,2047800,160,88,72
1799,21,381,2047900,679,336,343
1800,21,381,2048000,1577,840,737
1801,21,381,2048100,88,52,36
1802,21,381,2048200,255,127,128
1803,21,381,2048300,567,271,296
1804,21,381,2048400,663,334,329
1805,21,381,2048500,450,228,222
1806,21,381,2048600,1231,635,596
1807,21,381,2048700,0,0,0
1808,21,381,2048800,1785,888,897
1809,21,381,2048900,0,0,0
1810,21,381,2049000,879,429,450
1811,21,381,2049100,2336,1153,1183
1812,21,381,2049200,693,352,341
1813,21,381,2049300,0,0,0
1814,21,381,2049400,0,0,0
1815,21,381,2049500,0,0,0
1816,21,381,2049600,257,139,118
1817,21,381,2049700,221,119,102
1818,21,381,2049800,514,248,266
1819,21,381,2049900,11,6,5
1820,21,381,2050000,361,170,191
1821,21,381,2050100,1819,940,879
1822,21,381,2050200,630,308,322
1823,21,381,2050300,1238,639,599
1824,21,381,2050400,471,237,234
1825,21,381,2050500,2027,977,1050
1826,21,381,2050600,1298,626,672
1827,21,381,2050700,294,144,150
1828,21,381,2050800,2394,1203,1191
1829,21,381,2050900,702,380,322
1830,21,381,2051000,202,103,99
1831,21,381,2051100,1455,745,710
1832,21,381,2051200,366,180,186
1833,21,381,2051300,530,285,245
1834,21,381,2051400,922,471,451
1835,21,381,2051500,101,47,54
1836,21,381,2051600,344,178,166
1837,21,381,2051700,159,65,94
1838,21,381,2051800,1708,896,812
1839,21,381,2051900,1261,630,631
1840,21,381,2052000,2284,1120,1164
1841,21,381,2052100,253,119,134
1842,21,381,2052200,528,267,261
1843,21,381,2052300,1620,836,784
1844,21,381,2052400,1645,841,804
1845,21,381,2052500,1341,654,687
1846,21,381,2052600,107,54,53
1847,21,381,2052700,124,68,56
1848,21,381,2052800,515,286,229
1849,21,381,2052900,874,454,420
1850,21,381,2053000,642,309,333
1851,21,381,2053100,1179,592,587
1852,21,381,2053200,192,99,93
1853,21,381,2053300,754,382,372
1854,21,381,2053400,306,146,160
1855,21,381,2053500,129,66,63
1856,21,381,2053600,286,148,138
1857,21,381,2053700,245,132,113
1858,21,381,2053800,264,134,130
1859,21,381,2053900,376,196,180
1860,21,381,2054000,121,57,64
1861,21,381,2054100,88,33,55
1862,21,381,2054200,358,185,173
1863,21,381,2054300,1501,764,737
1864,21,381,2054400,0,0,0
1865,21,381,2054500,0,0,0
1866,21,381,2054600,129,64,65
1867,21,381,2054700,237,118,119
1868,21,381,2054800,185,93,92
1869,21,381,2054900,746,367,379
1870,21,381,2055000,14,7,7
1871,21,381,2055100,322,170,152
1872,21,381,2055200,800,367,433
1873,21,381,2055300,1213,634,579
1874,21,381,2055400,159,74,85
1875,21,381,2055500,319,169,150
1876,21,381,2055600,259,138,121
1877,21,381,2055700,388,207,181
1878,21,381,2055800,518,270,248
1879,21,381,2055900,1970,1009,961
1880,21,381,2056000,88,52,36
1881,21,381,2056100,288,142,146
1882,21,381,2056200,103,54,49
1883,21,381,2056300,4609,2397,2212
1884,21,381,2056400,956,511,445
1885,21,381,2056500,253,131,122
1886,21,381,2056600,514,264,250
1887,21,381,2056700,440,244,196
1888,21,381,2056800,355,204,151
1889,21,381,2056900,1563,785,778
1890,21,381,2057000,40,17,23
1891,21,381,2057100,0,0,0
1892,21,381,2057200,234,128,106
1893,21,381,2057300,422,223,199
1894,21,381,2057400,0,0,0
1895,21,381,2057500,25,13,12
1896,21,381,2057600,195,86,109
1897,21,381,2057700,302,170,132
1898,21,381,2057800,73,36,37
1899,21,381,2057900,104,54,50
1900,21,381,2058000,305,159,146
1901,21,381,2058100,23,12,11
1902,21,381,2058200,35,17,18
1903,21,381,2058300,298,152,146
1904,21,381,2058400,105,54,51
1905,21,381,2058500,134,72,62
1906,21,381,2058600,744,373,371
1907,21,381,2058700,922,453,469
1908,21,381,2058800,207,106,101
1909,21,381,2058900,269,138,131
1910,21,381,2059000,7,4,3
1911,21,381,2059100,28,15,13
1912,21,381,2059200,1533,785,748
1913,21,381,2059300,178,88,90
1914,21,381,2059400,64,32,32
1915,21,381,2059500,108,64,44
1916,21,381,2059600,125,62,63
1917,21,381,2059700,86,43,43
1918,21,381,2059800,704,347,357
1919,21,381,2059900,3715,1922,1793
1920,21,381,2060000,302,176,126
1921,21,381,2060100,255,139,116
1922,21,381,2060200,298,149,149
1923,21,381,2060300,814,427,387
1924,21,381,2060400,578,284,294
1925,21,381,2060500,3123,1645,1478
1926,21,381,2060600,67,35,32
1927,21,381,2060700,77,37,40
1928,21,381,2060800,1388,727,661
1929,21,381,2060900,326,168,158
1930,21,381,2061000,1247,634,613
1931,21,381,2061100,535,270,265
1932,21,381,2061200,35,18,17
1933,21,381,2061300,527,279,248
1934,21,381,2061400,0,0,0
1935,21,381,2061500,1135,588,547
1936,21,381,2061600,370,190,180
1937,21,381,2061700,111,67,44
1938,21,381,2061800,393,209,184
1939,21,381,2061900,311,169,142
1940,21,381,2062000,1371,731,640
1941,21,381,2062100,457,241,216
1942,21,381,2062200,1616,836,780
1943,21,381,2062300,602,329,273
1944,21,381,2062400,518,261,257
1945,21,381,2062500,1142,569,573
1946,21,381,2062600,851,442,409
1947,21,381,2062700,248,129,119
1948,21,381,2062800,466,230,236
1949,21,381,2062900,902,432,470
