,Statecode,Districtcode,VillageCode,Population,Males,Females
0,21,383,2240800,4384,2183,2201
1,21,383,2240900,1671,852,819
2,21,383,2241000,1655,862,793
3,21,383,2241100,267,120,147
4,21,383,2241200,872,470,402
5,21,383,2241300,618,307,311
6,21,383,2241400,914,454,460
7,21,383,2241500,1904,949,955
8,21,383,2241600,0,0,0
9,21,383,2241700,69,35,34
10,21,383,2241800,219,118,101
11,21,383,2241900,446,238,208
12,21,383,2242000,215,111,104
13,21,383,2242100,1490,697,793
14,21,383,2242200,1007,504,503
15,21,383,2242300,556,263,293
16,21,383,2242400,113,60,53
17,21,383,2242500,2118,1071,1047
18,21,383,2242600,0,0,0
19,21,383,2242700,0,0,0
20,21,383,2242800,185,105,80
21,21,383,2242900,905,464,441
22,21,383,2243000,1036,548,488
23,21,383,2243100,921,460,461
24,21,383,2243200,958,489,469
25,21,383,2243300,176,90,86
26,21,383,2243400,11,6,5
27,21,383,2243500,1506,738,768
28,21,383,2243600,655,342,313
29,21,383,2243700,827,428,399
30,21,383,2243800,1434,718,716
31,21,383,2243900,1219,643,576
32,21,383,2244000,704,347,357
33,21,383,2244100,554,278,276
34,21,383,2244200,972,491,481
35,21,383,2244300,306,159,147
36,21,383,2244400,42,21,21
37,21,383,2244500,949,491,458
38,21,383,2244600,7,4,3
39,21,383,2244700,0,0,0
40,21,383,2244800,101,46,55
41,21,383,2244900,807,424,383
42,21,383,2245000,254,132,122
43,21,383,2245100,91,47,44
44,21,383,2245200,0,0,0
45,21,383,2245300,2838,1414,1424
46,21,383,2245400,359,202,157
47,21,383,2245500,1046,533,513
48,21,383,2245600,1651,835,816
49,21,383,2245700,1279,683,596
50,21,383,2245800,0,0,0
51,21,383,2245900,478,234,244
52,21,383,2246000,1176,564,612
53,21,383,2246100,2446,1216,1230
54,21,383,2246200,91,53,38
55,21,383,2246300,0,0,0
56,21,383,2246400,0,0,0
57,21,383,2246500,1088,537,551
58,21,383,2246600,92,48,44
59,21,383,2246700,1263,641,622
60,21,383,2246800,0,0,0
61,21,383,2246900,0,0,0
62,21,383,2247000,0,0,0
63,21,383,2247100,0,0,0
64,21,383,2247200,0,0,0
65,21,383,2247300,262,129,133
66,21,383,2247400,1153,602,551
67,21,383,2247500,833,398,435
68,21,383,2247600,194,101,93
69,21,383,2247700,0,0,0
70,21,383,2247800,0,0,0
71,21,383,2247900,1945,1005,940
72,21,383,2248000,6430,3287,3143
73,21,383,2248100,0,0,0
74,21,383,2248200,59,28,31
75,21,383,2248300,513,268,245
76,21,383,2248400,0,0,0
77,21,383,2248500,3428,1684,1744
78,21,383,2248600,0,0,0
79,21,383,2248700,0,0,0
80,21,383,2248800,0,0,0
81,21,383,2248900,1948,983,965
82,21,383,2249000,324,163,161
83,21,383,2249100,39,21,18
84,21,383,2249200,1164,565,599
85,21,383,2249300,359,172,187
86,21,383,2249400,2762,1394,1368
87,21,383,2249500,1102,556,546
88,21,383,2249600,88,42,46
89,21,383,2249700,0,0,0
90,21,383,2249800,154,81,73
91,21,383,2249900,0,0,0
92,21,383,2250000,497,267,230
93,21,383,2250100,1587,804,783
94,21,383,2250200,780,401,379
95,21,383,2250300,1315,673,642
96,21,383,2250400,2361,1218,1143
97,21,383,2250500,106,48,58
98,21,383,2250600,1358,672,686
99,21,383,2250700,0,0,0
100,21,383,2250800,1119,580,539
101,21,383,2250900,108,56,52
102,21,383,2251000,126,70,56
103,21,383,2251100,3899,1962,1937
104,21,383,2251200,439,215,224
105,21,383,2251300,44,24,20
106,21,383,2251400,2957,1530,1427
107,21,383,2251500,0,0,0
108,21,383,2251600,223,122,101
109,21,383,2251700,2168,1083,1085
110,21,383,2251800,503,240,263
111,21,383,2251900,368,180,188
112,21,383,2252000,741,373,368
113,21,383,2252100,434,241,193
114,21,383,2252200,110,56,54
115,21,383,2252300,0,0,0
116,21,383,2252400,912,447,465
117,21,383,2252500,817,413,404
118,21,383,2252600,26,13,13
119,21,383,2252700,311,168,143
120,21,383,2252800,0,0,0
121,21,383,2252900,848,436,412
122,21,383,2253000,1850,928,922
123,21,383,2253100,326,165,161
124,21,383,2253200,1033,508,525
125,21,383,2253300,5940,2974,2966
126,21,383,2253400,639,309,330
127,21,383,2253500,780,408,372
128,21,383,2253600,2356,1213,1143
129,21,383,2253700,559,276,283
130,21,383,2253800,639,319,320
131,21,383,2253900,1506,748,758
132,21,383,2254000,601,316,285
133,21,383,2254100,378,183,195
134,21,383,2254200,1127,577,550
135,21,383,2254300,1058,549,509
136,21,383,2254400,2110,1099,1011
137,21,383,2254500,263,128,135
138,21,383,2254600,1039,539,500
139,21,383,2254700,290,143,147
140,21,383,2254800,1426,762,664
141,21,383,2254900,409,214,195
142,21,383,2255000,1139,592,547
143,21,383,2255100,1769,905,864
144,21,383,2255200,588,294,294
145,21,383,2255300,986,514,472
146,21,383,2255400,481,235,246
147,21,383,2255500,628,298,330
148,21,383,2255600,649,326,323
149,21,383,2255700,644,331,313
150,21,383,2255800,1591,829,762
151,21,383,2255900,549,275,274
152,21,383,2256000,482,236,246
153,21,383,2256100,574,272,302
154,21,383,2256200,734,379,355
155,21,383,2256300,251,128,123
156,21,383,2256400,540,257,283
157,21,383,2256500,1706,924,782
158,21,383,2256600,1545,769,776
159,21,383,2256700,812,411,401
160,21,383,2256800,2932,1505,1427
161,21,383,2256900,571,282,289
162,21,383,2257000,249,126,123
163,21,383,2257100,165,77,88
164,21,383,2257200,129,64,65
165,21,383,2257300,150,77,73
166,21,383,2257400,352,173,179
167,21,383,2257500,817,392,425
168,21,383,2257600,908,470,438
169,21,383,2257700,341,175,166
170,21,383,2257800,1142,577,565
171,21,383,2257900,2225,1152,1073
172,21,383,2258000,661,341,320
173,21,383,2258100,112,58,54
174,21,383,2258200,2473,1287,1186
175,21,383,2258300,1253,634,619
176,21,383,2258400,670,342,328
177,21,383,2258500,1621,818,803
178,21,383,2258600,389,201,188
179,21,383,2258700,160,87,73
180,21,383,2258800,1350,690,660
181,21,383,2258900,6,4,2
182,21,383,2259000,904,446,458
183,21,383,2259100,353,180,173
184,21,383,2259200,268,142,126
185,21,383,2259300,2280,1228,1052
186,21,383,2259400,784,376,408
187,21,383,2259500,159,81,78
188,21,383,2259600,804,425,379
189,21,383,2259700,276,158,118
190,21,383,2259800,1862,950,912
191,21,383,2259900,280,134,146
192,21,383,2260000,308,155,153
193,21,383,2260100,702,351,351
194,21,383,2260200,784,381,403
195,21,383,2260300,150,69,81
196,21,383,2260400,170,89,81
197,21,383,2260500,336,159,177
198,21,383,2260600,134,75,59
199,21,383,2260700,1066,530,536
200,21,383,2260800,2050,1057,993
201,21,383,2260900,3729,1884,1845
202,21,383,2261000,158,80,78
203,21,383,2261100,2249,1129,1120
204,21,383,2261200,70,32,38
205,21,383,2261300,876,422,454
206,21,383,2261400,1895,983,912
207,21,383,2261500,209,116,93
208,21,383,2261600,2464,1325,1139
209,21,383,2261700,171,88,83
210,21,383,2261800,2310,1177,1133
211,21,383,2261900,303,154,149
212,21,383,2262000,240,123,117
213,21,383,2262100,529,284,245
214,21,383,2262200,418,209,209
215,21,383,2262300,1943,1025,918
216,21,383,2262400,778,443,335
217,21,383,2262500,212,107,105
218,21,383,2262600,519,262,257
219,21,383,2262700,276,142,134
220,21,383,2262800,926,461,465
221,21,383,2262900,465,249,216
222,21,383,2263000,35,14,21
223,21,383,2263100,419,216,203
224,21,383,2263200,0,0,0
225,21,383,2263300,4186,2110,2076
226,21,383,2263400,902,463,439
227,21,383,2263500,814,432,382
228,21,383,2263600,275,131,144
229,21,383,2263700,795,400,395
230,21,383,2263800,841,442,399
231,21,383,2263900,0,0,0
232,21,383,2264000,425,219,206
233,21,383,2264100,630,345,285
234,21,383,2264200,2481,1292,1189
235,21,383,2264300,702,353,349
236,21,383,2264400,206,105,101
237,21,383,2264500,726,347,379
238,21,383,2264600,71,39,32
239,21,383,2264700,538,279,259
240,21,383,2264800,2394,1194,1200
241,21,383,2264900,3054,1552,1502
242,21,383,2265000,616,306,310
243,21,383,2265100,453,226,227
244,21,383,2265200,0,0,0
245,21,383,2265300,0,0,0
246,21,383,2265400,122,54,68
247,21,383,2265500,199,98,101
248,21,383,2265600,78,38,40
249,21,383,2265700,2483,1270,1213
250,21,383,2265800,2192,1079,1113
251,21,383,2265900,1260,622,638
252,21,383,2266000,1670,862,808
253,21,383,2266100,0,0,0
254,21,383,2266200,294,144,150
255,21,383,2266300,0,0,0
256,21,383,2266400,0,0,0
257,21,383,2266500,706,367,339
258,21,383,2266600,1714,872,842
259,21,383,2266700,1896,983,913
260,21,383,2266800,253,107,146
261,21,383,2266900,1162,612,550
262,21,383,2267000,2088,1067,1021
263,21,383,2267100,389,206,183
264,21,383,2267200,2293,1151,1142
265,21,383,2267300,289,154,135
266,21,383,2267400,389,202,187
267,21,383,2267500,1279,642,637
268,21,383,2267600,1484,764,720
269,21,383,2267700,950,442,508
270,21,383,2267800,1713,846,867
271,21,383,2267900,983,505,478
272,21,383,2268000,1134,571,563
273,21,383,2268100,0,0,0
274,21,383,2268200,1602,841,761
275,21,383,2268300,101,43,58
276,21,383,2268400,169,91,78
277,21,383,2268500,1059,525,534
278,21,383,2268600,565,280,285
279,21,383,2268700,322,169,153
280,21,383,2268800,193,119,74
281,21,383,2268900,452,248,204
282,21,383,2269000,149,69,80
283,21,383,2269100,1593,797,796
284,21,383,2269200,669,370,299
285,21,383,2269300,0,0,0
286,21,383,2269400,193,91,102
287,21,383,2269500,0,0,0
288,21,383,2269600,0,0,0
289,21,383,2269700,1685,809,876
290,21,383,2269800,1214,629,585
291,21,383,2269900,1885,1004,881
292,21,383,2270000,1275,628,647
293,21,383,2270100,0,0,0
294,21,383,2270200,381,186,195
295,21,383,2270300,0,0,0
296,21,383,2270400,587,306,281
297,21,383,2270500,6229,3283,2946
298,21,383,2270600,0,0,0
299,21,383,2270700,379,198,181
300,21,383,2270800,811,417,394
301,21,383,2270900,0,0,0
302,21,383,2271000,322,155,167
303,21,383,2271100,1750,891,859
304,21,383,2271200,1763,906,857
305,21,383,2271300,0,0,0
306,21,383,2271400,1562,812,750
307,21,383,2271500,1223,587,636
308,21,383,2271600,0,0,0
309,21,383,2271700,1124,631,493
310,21,383,2271800,180,87,93
311,21,383,2271900,164,81,83
312,21,383,2272000,29,21,8
313,21,383,2272100,345,181,164
314,21,383,2272200,185,84,101
315,21,383,2272300,352,171,181
316,21,383,2272400,90,47,43
317,21,383,2272500,230,128,102
318,21,383,2272600,26,15,11
319,21,383,2272700,943,450,493
320,21,383,2272800,620,325,295
321,21,383,2272900,356,192,164
322,21,383,2273000,419,219,200
323,21,383,2273100,3412,1684,1728
324,21,383,2273200,352,171,181
325,21,383,2273300,181,90,91
326,21,383,2273400,249,120,129
327,21,383,2273500,119,60,59
328,21,383,2273600,926,462,464
329,21,383,2273700,1075,525,550
330,21,383,2273800,297,131,166
331,21,383,2273900,653,320,333
332,21,383,2274000,566,268,298
333,21,383,2274100,2101,1058,1043
334,21,383,2274200,4727,2340,2387
335,21,383,2274300,1888,912,976
336,21,383,2274400,1472,694,778
337,21,383,2274500,2253,1166,1087
338,21,383,2274600,651,326,325
339,21,383,2274700,1653,837,816
340,21,383,2274800,1279,622,657
341,21,383,2274900,1029,501,528
342,21,383,2275000,808,425,383
343,21,383,2275100,0,0,0
344,21,383,2275200,224,117,107
345,21,383,2275300,739,363,376
346,21,383,2275400,1452,747,705
347,21,383,2275500,1097,530,567
348,21,383,2275600,519,253,266
349,21,383,2275700,2797,1387,1410
350,21,383,2275800,4086,2061,2025
351,21,383,2275900,586,286,300
352,21,383,2276000,864,446,418
353,21,383,2276100,530,253,277
354,21,383,2276200,21,11,10
355,21,383,2276300,651,345,306
356,21,383,2276400,236,120,116
357,21,383,2276500,435,231,204
358,21,383,2276600,0,0,0
359,21,383,2276700,0,0,0
360,21,383,2276800,1374,710,664
361,21,383,2276900,227,127,100
362,21,383,2277000,1526,756,770
363,21,383,2277100,1967,982,985
364,21,383,2277200,1201,599,602
365,21,383,2277300,5331,2703,2628
366,21,383,2277400,159,100,59
367,21,383,2277500,2283,1170,1113
368,21,383,2277600,0,0,0
369,21,383,2277700,578,305,273
370,21,383,2277800,1494,735,759
371,21,383,2277900,402,202,200
372,21,383,2278000,1442,739,703
373,21,383,2278100,632,291,341
374,21,383,2278200,3448,1765,1683
375,21,383,2278300,112,50,62
376,21,383,2278400,3326,1684,1642
377,21,383,2278500,0,0,0
378,21,383,2278600,1765,866,899
379,21,383,2278700,1069,504,565
380,21,383,2278800,3057,1519,1538
381,21,383,2278900,530,261,269
382,21,383,2279000,590,298,292
383,21,383,2279100,693,333,360
384,21,383,2279200,2706,1380,1326
385,21,383,2279300,4853,2403,2450
386,21,383,2279400,1308,701,607
387,21,383,2279500,380,193,187
388,21,383,2279600,6577,3677,2900
389,21,383,2279700,2207,1128,1079
390,21,383,2279800,2539,1278,1261
391,21,383,2279900,5,3,2
392,21,383,2280000,396,198,198
393,21,383,2280100,0,0,0
394,21,383,2280200,1535,759,776
395,21,383,2280300,1228,581,647
396,21,383,2280400,1100,567,533
397,21,383,2280500,232,111,121
398,21,383,2280600,684,352,332
399,21,383,2280700,183,95,88
400,21,383,2280800,204,96,108
401,21,383,2280900,1363,683,680
402,21,383,2281000,203,129,74
403,21,383,2281100,1520,776,744
404,21,383,2281200,48,29,19
405,21,383,2281300,2904,1485,1419
406,21,383,2281400,1534,747,787
407,21,383,2281500,3919,1943,1976
408,21,383,2281600,70,38,32
409,21,383,2281700,565,304,261
410,21,383,2281800,4944,2383,2561
411,21,383,2281900,0,0,0
412,21,383,2282000,5894,2882,3012
413,21,383,2282100,4448,2334,2114
414,21,383,2282200,1203,612,591
415,21,383,2282300,4148,2071,2077
416,21,383,2282400,50,26,24
417,21,383,2282500,1445,751,694
418,21,383,2282600,154,84,70
419,21,383,2282700,950,456,494
420,21,383,2282800,643,336,307
421,21,383,2282900,3521,1651,1870
422,21,383,2283000,1597,790,807
423,21,383,2283100,339,182,157
424,21,383,2283200,3886,1935,1951
425,21,383,2283300,630,325,305
426,21,383,2283400,769,376,393
427,21,383,2283500,790,393,397
428,21,383,2283600,1195,622,573
429,21,383,2283700,574,294,280
430,21,383,2283800,2533,1269,1264
431,21,383,2283900,1278,641,637
432,21,383,2284000,796,397,399
433,21,383,2284100,811,394,417
434,21,383,2284200,540,238,302
435,21,383,2284300,2760,1334,1426
436,21,383,2284400,91,45,46
437,21,383,2284500,3543,1717,1826
438,21,383,2284600,422,230,192
439,21,383,2284700,7508,3701,3807
440,21,383,2284800,1513,735,778
441,21,383,2284900,2494,1234,1260
442,21,383,2285000,348,172,176
443,21,383,2285100,231,109,122
444,21,383,2285200,826,423,403
445,21,383,2285300,0,0,0
446,21,383,2285400,1919,909,1010
447,21,383,2285500,422,185,237
448,21,383,2285600,1801,870,931
449,21,383,2285700,105,53,52
450,21,383,2285800,158,78,80
451,21,383,2285900,90,46,44
452,21,383,2286000,203,107,96
453,21,383,2286100,175,87,88
454,21,383,2286200,567,314,253
455,21,383,2286300,0,0,0
456,21,383,2286400,3273,1583,1690
457,21,383,2286500,2692,1373,1319
458,21,383,2286600,1913,970,943
459,21,383,2286700,1070,503,567
460,21,383,2286800,767,379,388
461,21,383,2286900,3604,1784,1820
462,21,383,2287000,4909,2404,2505
463,21,383,2287100,695,357,338
464,21,383,2287200,2460,1253,1207
465,21,383,2287300,2005,1015,990
466,21,383,2287400,201,102,99
467,21,383,2287500,384,194,190
468,21,383,2287600,84,36,48
469,21,383,2287700,1555,823,732
470,21,383,2287800,3111,1547,1564
471,21,383,2287900,1004,534,470
472,21,383,2288000,1972,1024,948
473,21,383,2288100,2129,1078,1051
474,21,383,2288200,276,139,137
475,21,383,2288300,88,44,44
476,21,383,2288400,282,155,127
477,21,383,2288500,63,32,31
478,21,383,2288600,613,291,322
479,21,383,2288700,1236,644,592
480,21,383,2288800,708,358,350
481,21,383,2288900,4634,2299,2335
482,21,383,2289000,543,270,273
483,21,383,2289100,642,308,334
484,21,383,2289200,39,18,21
485,21,383,2289300,349,173,176
486,21,383,2289400,5,2,3
487,21,383,2289500,717,368,349
488,21,383,2289600,245,126,119
489,21,383,2289700,1919,972,947
490,21,383,2289800,751,382,369
491,21,383,2289900,192,81,111
492,21,383,2290000,185,88,97
493,21,383,2290100,289,147,142
494,21,383,2290200,3405,1698,1707
495,21,383,2290300,0,0,0
496,21,383,2290400,380,192,188
497,21,383,2290500,849,430,419
498,21,383,2290600,622,324,298
499,21,383,2290700,1249,642,607
500,21,383,2290800,0,0,0
501,21,383,2290900,0,0,0
502,21,383,2291000,0,0,0
503,21,383,2291100,240,112,128
504,21,383,2291200,0,0,0
505,21,383,2291300,1673,871,802
506,21,383,2291400,0,0,0
507,21,383,2291500,0,0,0
508,21,383,2291600,0,0,0
509,21,383,2291700,1296,648,648
510,21,383,2291800,0,0,0
511,21,383,2291900,609,303,306
512,21,383,2292000,0,0,0
513,21,383,2292100,262,140,122
514,21,383,2292200,0,0,0
515,21,383,2292300,90,47,43
516,21,383,2292400,225,121,104
517,21,383,2292500,706,367,339
518,21,383,2292600,0,0,0
519,21,383,2292700,142,69,73
520,21,383,2292800,4148,2125,2023
521,21,383,2292900,0,0,0
522,21,383,2293000,0,0,0
523,21,383,2293100,4795,2417,2378
524,21,383,2293200,2101,1067,1034
525,21,383,2293300,2258,1143,1115
526,21,383,2293400,326,163,163
527,21,383,2293500,611,314,297
528,21,383,2293600,23,7,16
529,21,383,2293700,1565,785,780
530,21,383,2293800,1130,616,514
531,21,383,2293900,0,0,0
532,21,383,2294000,729,383,346
533,21,383,2294100,0,0,0
534,21,383,2294200,0,0,0
535,21,383,2294300,0,0,0
536,21,383,2294400,2167,1114,1053
537,21,383,2294500,5197,2692,2505
538,21,383,2294600,1775,930,845
539,21,383,2294700,735,361,374
540,21,383,2294800,1738,888,850
541,21,383,2294900,476,217,259
542,21,383,2295000,1372,685,687
543,21,383,2295100,0,0,0
544,21,383,2295200,1148,577,571
545,21,383,2295300,122,66,56
546,21,383,2295400,807,413,394
547,21,383,2295500,882,465,417
548,21,383,2295600,778,413,365
549,21,383,2295700,728,378,350
550,21,383,2295800,254,131,123
551,21,383,2295900,91,53,38
552,21,383,2296000,0,0,0
553,21,383,2296100,554,279,275
554,21,383,2296200,0,0,0
555,21,383,2296300,2178,1156,1022
556,21,383,2296400,1165,633,532
557,21,383,2296500,3277,1657,1620
558,21,383,2296600,582,285,297
559,21,383,2296700,26,15,11
560,21,383,2296800,998,529,469
561,21,383,2296900,1018,546,472
562,21,383,2297000,1243,612,631
563,21,383,2297100,1320,681,639
564,21,383,2297200,860,431,429
565,21,383,2297300,1472,741,731
566,21,383,2297400,247,132,115
567,21,383,2297500,445,225,220
568,21,383,2297600,1505,765,740
569,21,383,2297700,3353,1714,1639
570,21,383,2297800,785,389,396
571,21,383,2297900,1760,894,866
572,21,383,2298000,0,0,0
573,21,383,2298100,1366,691,675
574,21,383,2298200,1180,595,585
575,21,383,2298300,3727,1984,1743
576,21,383,2298400,0,0,0
577,21,383,2298500,728,384,344
578,21,383,2298600,1440,729,711
579,21,383,2298700,283,133,150
580,21,383,2298800,913,484,429
581,21,383,2298900,585,307,278
582,21,383,2299000,275,131,144
583,21,383,2299100,1263,653,610
584,21,383,2299200,3302,1744,1558
585,21,383,2299300,46,25,21
586,21,383,2299400,6,4,2
587,21,383,2299500,2232,1083,1149
588,21,383,2299600,1748,860,888
589,21,383,2299700,0,0,0
590,21,383,2299800,0,0,0
591,21,383,2299900,1248,611,637
592,21,383,2300000,1135,585,550
593,21,383,2300100,319,144,175
594,21,383,2300200,655,327,328
595,21,383,2300300,381,165,216
596,21,383,2300400,1566,785,781
597,21,383,2300500,2232,1128,1104
598,21,383,2300600,543,267,276
599,21,383,2300700,838,430,408
600,21,383,2300800,558,279,279
601,21,383,2300900,780,384,396
602,21,383,2301000,236,121,115
603,21,383,2301100,90,49,41
604,21,383,2301200,1247,620,627
605,21,383,2301300,0,0,0
606,21,383,2301400,74,35,39
607,21,383,2301500,432,215,217
608,21,383,2301600,945,476,469
609,21,383,2301700,984,496,488
610,21,383,2301800,80,39,41
611,21,383,2301900,1315,651,664
612,21,383,2302000,203,106,97
613,21,383,2302100,1353,676,677
614,21,383,2302200,361,182,179
615,21,383,2302300,247,150,97
616,21,383,2302400,992,524,468
617,21,383,2302500,381,193,188
618,21,383,2302600,1869,931,938
619,21,383,2302700,147,74,73
620,21,383,2302800,2830,1450,1380
621,21,383,2302900,2203,1110,1093
622,21,383,2303000,2880,1516,1364
623,21,383,2303100,1246,610,636
624,21,383,2303200,2304,1166,1138
625,21,383,2303300,185,99,86
626,21,383,2303400,643,306,337
627,21,383,2303500,1560,775,785
628,21,383,2303600,880,425,455
629,21,383,2303700,0,0,0
630,21,383,2303800,1473,734,739
631,21,383,2303900,1,1,0
632,21,383,2304000,482,223,259
633,21,383,2304100,914,484,430
634,21,383,2304200,737,378,359
635,21,383,2304300,2314,1153,1161
636,21,383,2304400,1166,561,605
637,21,383,2304500,472,246,226
638,21,383,2304600,369,176,193
639,21,383,2304700,96,38,58
640,21,383,2304800,380,194,186
641,21,383,2304900,191,97,94
642,21,383,2305000,213,111,102
643,21,383,2305100,128,66,62
644,21,383,2305200,431,210,221
645,21,383,2305300,0,0,0
646,21,383,2305400,1776,926,850
647,21,383,2305500,148,74,74
648,21,383,2305600,405,212,193
649,21,383,2305700,670,341,329
650,21,383,2305800,1894,897,997
651,21,383,2305900,5774,2924,2850
652,21,383,2306000,995,508,487
653,21,383,2306100,1557,757,800
654,21,383,2306200,3046,1555,1491
655,21,383,2306300,1058,515,543
656,21,383,2306400,941,463,478
657,21,383,2306500,3326,1576,1750
658,21,383,2306600,866,442,424
659,21,383,2306700,869,434,435
660,21,383,2306800,699,360,339
661,21,383,2306900,2287,1133,1154
662,21,383,2307000,39,18,21
663,21,383,2307100,279,141,138
664,21,383,2307200,217,101,116
665,21,383,2307300,353,163,190
666,21,383,2307400,1287,622,665
667,21,383,2307500,1210,608,602
668,21,383,2307600,412,214,198
669,21,383,2307700,606,316,290
670,21,383,2307800,485,224,261
671,21,383,2307900,2480,1214,1266
672,21,383,2308000,1577,770,807
673,21,383,2308100,1284,641,643
674,21,383,2308200,610,306,304
675,21,383,2308300,1871,943,928
676,21,383,2308400,21,13,8
677,21,383,2308500,1831,915,916
678,21,383,2308600,248,138,110
679,21,383,2308700,812,417,395
680,21,383,2308800,1291,676,615
681,21,383,2308900,818,422,396
682,21,383,2309000,272,120,152
683,21,383,2309100,236,117,119
684,21,383,2309200,1714,847,867
685,21,383,2309300,710,348,362
686,21,383,2309400,25,8,17
687,21,383,2309500,505,269,236
688,21,383,2309600,301,154,147
689,21,383,2309700,324,172,152
690,21,383,2309800,8492,4418,4074
691,21,383,2309900,316,171,145
692,21,383,2310000,1352,680,672
693,21,383,2310100,741,398,343
694,21,383,2310200,12,7,5
695,21,383,2310300,301,153,148
696,21,383,2310400,1096,518,578
697,21,383,2310500,1346,696,650
698,21,383,2310600,1337,638,699
699,21,383,2310700,252,122,130
700,21,383,2310800,1143,557,586
701,21,383,2310900,402,193,209
702,21,383,2311000,228,118,110
703,21,383,2311100,1281,586,695
704,21,383,2311200,322,170,152
705,21,383,2311300,378,199,179
706,21,383,2311400,703,348,355
707,21,383,2311500,220,122,98
708,21,383,2311600,426,224,202
709,21,383,2311700,1447,776,671
710,21,383,2311800,1111,549,562
711,21,383,2311900,147,67,80
712,21,383,2312000,182,88,94
713,21,383,2312100,620,336,284
714,21,383,2312200,171,86,85
715,21,383,2312300,66,29,37
716,21,383,2312400,2806,1382,1424
717,21,383,2312500,1628,809,819
718,21,383,2312600,297,147,150
719,21,383,2312700,791,390,401
720,21,383,2312800,2470,1235,1235
721,21,383,2312900,6948,3304,3644
722,21,383,2313000,2042,915,1127
723,21,383,2313100,1962,975,987
724,21,383,2313200,3935,1959,1976
725,21,383,2313300,3718,1910,1808
726,21,383,2313400,1130,589,541
727,21,383,2313500,152,71,81
728,21,383,2313600,496,248,248
729,21,383,2313700,975,464,511
730,21,383,2313800,1420,658,762
731,21,383,2313900,1531,749,782
732,21,383,2314000,957,461,496
733,21,383,2314100,246,130,116
734,21,383,2314200,28,17,11
735,21,383,2314300,251,113,138
736,21,383,2314400,8,4,4
737,21,383,2314500,1652,807,845
738,21,383,2314600,695,338,357
739,21,383,2314700,462,226,236
740,21,383,2314800,0,0,0
741,21,383,2314900,117,55,62
742,21,383,2315000,1437,692,745
743,21,383,2315100,1653,787,866
744,21,383,2315200,367,193,174
745,21,383,2315300,2132,1013,1119
746,21,383,2315400,0,0,0
747,21,383,2315500,493,256,237
748,21,383,2315600,2358,1165,1193
749,21,383,2315700,327,165,162
750,21,383,2315800,1025,528,497
751,21,383,2315900,2494,1174,1320
752,21,383,2316000,265,126,139
753,21,383,2316100,27,14,13
754,21,383,2316200,356,171,185
755,21,383,2316300,454,249,205
756,21,383,2316400,84,37,47
757,21,383,2316500,335,173,162
758,21,383,2316600,8794,4531,4263
759,21,383,2316700,2838,1468,1370
760,21,383,2316800,3115,1508,1607
761,21,383,2316900,2244,1079,1165
762,21,383,2317000,1518,752,766
763,21,383,2317100,736,417,319
764,21,383,2317200,491,256,235
765,21,383,2317300,995,504,491
766,21,383,2317400,692,370,322
767,21,383,2317500,322,153,169
768,21,383,2317600,815,394,421
769,21,383,2317700,1515,731,784
770,21,383,2317800,352,162,190
771,21,383,2317900,345,165,180
772,21,383,2318000,398,173,225
773,21,383,2318100,1077,519,558
774,21,383,2318200,2478,1232,1246
775,21,383,2318300,1210,587,623
776,21,383,2318400,320,160,160
777,21,383,2318500,530,248,282
778,21,383,2318600,15,6,9
779,21,383,2318700,1258,674,584
780,21,383,2318800,592,303,289
781,21,383,2318900,798,424,374
782,21,383,2319000,1201,623,578
783,21,383,2319100,0,0,0
784,21,383,2319200,1259,644,615
785,21,383,2319300,1959,1059,900
786,21,383,2319400,1604,833,771
787,21,383,2319500,644,345,299
788,21,383,2319600,2174,1124,1050
789,21,383,2319700,610,311,299
790,21,383,2319800,3350,1851,1499
791,21,383,2319900,2887,1538,1349
792,21,383,2320000,91,50,41
793,21,383,2320100,778,418,360
794,21,383,2320200,219,122,97
795,21,383,2320300,1788,936,852
796,21,383,2320400,130,65,65
797,21,383,2320500,65,32,33
798,21,383,2320600,2152,1160,992
799,21,383,2320700,474,246,228
800,21,383,2320800,1066,549,517
801,21,383,2320900,283,151,132
802,21,383,2321000,0,0,0
803,21,383,2321100,324,172,152
804,21,383,2321200,0,0,0
805,21,383,2321300,585,306,279
806,21,383,2321400,666,348,318
807,21,383,2321500,439,221,218
808,21,383,2321600,280,152,128
809,21,383,2321700,1438,721,717
810,21,383,2321800,703,356,347
811,21,383,2321900,0,0,0
812,21,383,2322000,1764,870,894
813,21,383,2322100,5586,2910,2676
814,21,383,2322200,1541,757,784
815,21,383,2322300,528,276,252
816,21,383,2322400,1746,876,870
817,21,383,2322500,1683,846,837
818,21,383,2322600,2747,1447,1300
819,21,383,2322700,1881,978,903
820,21,383,2322800,1934,996,938
821,21,383,2322900,3408,1751,1657
822,21,383,2323000,655,339,316
823,21,383,2323100,88,47,41
824,21,383,2323200,0,0,0
825,21,383,2323300,403,212,191
826,21,383,2323400,423,223,200
827,21,383,2323500,579,295,284
828,21,383,2323600,286,149,137
829,21,383,2323700,126,67,59
830,21,383,2323800,780,402,378
831,21,383,2323900,18,13,5
832,21,383,2324000,0,0,0
833,21,383,2324100,0,0,0
834,21,383,2324200,300,164,136
835,21,383,2324300,317,161,156
836,21,383,2324400,0,0,0
837,21,383,2324500,0,0,0
838,21,383,2324600,0,0,0
839,21,383,2324700,267,139,128
840,21,383,2324800,2,2,0
841,21,383,2324900,830,450,380
842,21,383,2325000,971,525,446
843,21,383,2325100,369,180,189
844,21,383,2325200,701,358,343
845,21,383,2325300,0,0,0
846,21,383,2325400,518,273,245
847,21,383,2325500,1296,674,622
848,21,383,2325600,1724,894,830
849,21,383,2325700,634,330,304
850,21,383,2325800,3460,1757,1703
851,21,383,2325900,262,139,123
852,21,383,2326000,0,0,0
853,21,383,2326100,2529,1308,1221
854,21,383,2326200,3239,1645,1594
855,21,383,2326300,1592,849,743
856,21,383,2326400,0,0,0
857,21,383,2326500,872,442,430
858,21,383,2326600,1066,525,541
859,21,383,2326700,2157,1150,1007
860,21,383,2326800,483,243,240
861,21,383,2326900,648,346,302
862,21,383,2327000,16,8,8
863,21,383,2327100,276,148,128
864,21,383,2327200,214,158,56
865,21,383,2327300,0,0,0
866,21,383,2327400,2216,1204,1012
867,21,383,2327500,0,0,0
868,21,383,2327600,441,227,214
869,21,383,2327700,1091,548,543
870,21,383,2327800,2453,1258,1195
871,21,383,2327900,219,117,102
872,21,383,2328000,0,0,0
873,21,383,2328100,0,0,0
874,21,383,2328200,1171,613,558
875,21,383,2328300,8,5,3
876,21,383,2328400,1331,704,627
877,21,383,2328500,1234,631,603
878,21,383,2328600,180,92,88
879,21,383,2328700,770,391,379
880,21,383,2328800,42,16,26
881,21,383,2328900,415,234,181
882,21,383,2329000,1197,628,569
883,21,383,2329100,961,498,463
884,21,383,2329200,1829,956,873
885,21,383,2329300,123,67,56
886,21,383,2329400,2320,1216,1104
887,21,383,2329500,454,227,227
888,21,383,2329600,633,324,309
889,21,383,2329700,871,445,426
890,21,383,2329800,192,101,91
891,21,383,2329900,727,367,360
892,21,383,2330000,431,230,201
893,21,383,2330100,1885,1006,879
894,21,383,2330200,66,44,22
895,21,383,2330300,721,389,332
896,21,383,2330400,264,130,134
897,21,383,2330500,0,0,0
898,21,383,2330600,198,105,93
899,21,383,2330700,169,80,89
900,21,383,2330800,78,45,33
901,21,383,2330900,0,0,0
902,21,383,2331000,315,153,162
903,21,383,2331100,270,137,133
904,21,383,2331200,712,365,347
905,21,383,2331300,523,273,250
906,21,383,2331400,5495,2882,2613
907,21,383,2331500,192,90,102
908,21,383,2331600,254,116,138
909,21,383,2331700,738,379,359
910,21,383,2331800,0,0,0
911,21,383,2331900,152,84,68
912,21,383,2332000,1108,546,562
913,21,383,2332100,339,160,179
914,21,383,2332200,697,376,321
915,21,383,2332300,2793,1513,1280
916,21,383,2332400,192,91,101
917,21,383,2332500,18,8,10
918,21,383,2332600,1177,681,496
919,21,383,2332700,284,155,129
920,21,383,2332800,346,182,164
921,21,383,2332900,827,422,405
922,21,383,2333000,492,243,249
923,21,383,2333100,494,257,237
924,21,383,2333200,1370,713,657
925,21,383,2333300,5337,2785,2552
926,21,383,2333400,110,60,50
927,21,383,2333500,283,152,131
928,21,383,2333600,1447,721,726
929,21,383,2333700,215,102,113
930,21,383,2333800,970,508,462
931,21,383,2333900,0,0,0
932,21,383,2334000,4241,2254,1987
933,21,383,2334100,422,230,192
934,21,383,2334200,7,5,2
935,21,383,2334300,0,0,0
936,21,383,2334400,160,86,74
937,21,383,2334500,213,116,97
938,21,383,2334600,1571,793,778
939,21,383,2334700,3362,1744,1618
940,21,383,2334800,87,47,40
941,21,383,2334900,2495,1340,1155
942,21,383,2335000,913,471,442
943,21,383,2335100,739,348,391
944,21,383,2335200,523,276,247
945,21,383,2335300,1051,522,529
946,21,383,2335400,435,220,215
947,21,383,2335500,0,0,0
948,21,383,2335600,1119,580,539
949,21,383,2335700,0,0,0
950,21,383,2335800,91,44,47
951,21,383,2335900,760,389,371
952,21,383,2336000,348,188,160
953,21,383,2336100,3412,1781,1631
954,21,383,2336200,1620,817,803
955,21,383,2336300,654,358,296
956,21,383,2336400,3217,1651,1566
957,21,383,2336500,1173,596,577
958,21,383,2336600,116,59,57
959,21,383,2336700,1145,611,534
960,21,383,2336800,2441,1213,1228
961,21,383,2336900,642,331,311
962,21,383,2337000,1869,950,919
963,21,383,2337100,279,143,136
964,21,383,2337200,286,147,139
965,21,383,2337300,1003,505,498
966,21,383,2337400,887,445,442
967,21,383,2337500,2060,1072,988
968,21,383,2337600,1795,920,875
969,21,383,2337700,5655,2925,2730
970,21,383,2337800,727,387,340
971,21,383,2337900,712,348,364
972,21,383,2338000,365,195,170
973,21,383,2338100,439,235,204
974,21,383,2338200,1885,985,900
975,21,383,2338300,4545,2255,2290
976,21,383,2338400,661,358,303
977,21,383,2338500,1198,617,581
978,21,383,2338600,425,227,198
979,21,383,2338700,0,0,0
980,21,383,2338800,79,42,37
981,21,383,2338900,0,0,0
982,21,383,2339000,141,70,71
983,21,383,2339100,805,408,397
984,21,383,2339200,518,268,250
985,21,383,2339300,2802,1459,1343
986,21,383,2339400,2508,1336,1172
987,21,383,2339500,6104,3136,2968
988,21,383,2339600,2320,1193,1127
989,21,383,2339700,81,67,14
990,21,383,2339800,1832,970,862
991,21,383,2339900,595,318,277
992,21,383,2340000,1081,536,545
993,21,383,2340100,2260,1187,1073
994,21,383,2340200,643,337,306
995,21,383,2340300,1114,557,557
996,21,383,2340400,4940,2556,2384
997,21,383,2340500,210,108,102
998,21,383,2340600,2063,1075,988
999,21,383,2340700,1121,567,554
1000,21,383,2340800,710,391,319
1001,21,383,2340900,1547,776,771
1002,21,383,2341000,2122,1111,1011
1003,21,383,2341100,5789,2960,2829
1004,21,383,2341200,1685,863,822
1005,21,383,2341300,154,85,69
1006,21,383,2341400,121,55,66
1007,21,383,2341500,101,53,48
1008,21,383,2341600,2421,1193,1228
1009,21,383,2341700,724,353,371
1010,21,383,2341800,1098,544,554
1011,21,383,2341900,242,120,122
1012,21,383,2342000,0,0,0
1013,21,383,2342100,498,253,245
1014,21,383,2342200,0,0,0
1015,21,383,2342300,642,337,305
1016,21,383,2342400,0,0,0
1017,21,383,2342500,1528,793,735
1018,21,383,2342600,603,300,303
1019,21,383,2342700,1641,857,784
1020,21,383,2342800,337,180,157
1021,21,383,2342900,494,253,241
1022,21,383,2343000,2546,1338,1208
1023,21,383,2343100,151,87,64
1024,21,383,2343200,0,0,0
1025,21,383,2343300,349,182,167
1026,21,383,2343400,0,0,0
1027,21,383,2343500,0,0,0
1028,21,383,2343600,516,280,236
1029,21,383,2343700,1122,566,556
1030,21,383,2343800,539,272,267
1031,21,383,2343900,0,0,0
1032,21,383,2344000,348,182,166
1033,21,383,2344100,1150,580,570
1034,21,383,2344200,380,195,185
1035,21,383,2344300,1445,737,708
1036,21,383,2344400,1343,691,652
1037,21,383,2344500,764,401,363
1038,21,383,2344600,112,55,57
1039,21,383,2344700,369,191,178
1040,21,383,2344800,0,0,0
1041,21,383,2344900,192,102,90
1042,21,383,2345000,1297,631,666
1043,21,383,2345100,0,0,0
1044,21,383,2345200,446,234,212
1045,21,383,2345300,0,0,0
1046,21,383,2345400,0,0,0
1047,21,383,2345500,1036,529,507
1048,21,383,2345600,877,445,432
1049,21,383,2345700,0,0,0
1050,21,383,2345800,0,0,0
1051,21,383,2345900,951,502,449
1052,21,383,2346000,1185,620,565
1053,21,383,2346100,101,50,51
1054,21,383,2346200,1351,649,702
1055,21,383,2346300,6080,3069,3011
1056,21,383,2346400,401,214,187
1057,21,383,2346500,1920,956,964
1058,21,383,2346600,0,0,0
1059,21,383,2346700,1473,758,715
1060,21,383,2346800,1191,592,599
1061,21,383,2346900,1958,991,967
1062,21,383,2347000,1312,662,650
1063,21,383,2347100,96,55,41
1064,21,383,2347200,248,118,130
1065,21,383,2347300,86,48,38
1066,21,383,2347400,4364,2222,2142
1067,21,383,2347500,1037,545,492
1068,21,383,2347600,1049,558,491
1069,21,383,2347700,160,79,81
1070,21,383,2347800,924,468,456
1071,21,383,2347900,110,54,56
1072,21,383,2348000,202,101,101
1073,21,383,2348100,439,217,222
1074,21,383,2348200,597,285,312
1075,21,383,2348300,1091,569,522
1076,21,383,2348400,0,0,0
1077,21,383,2348500,320,164,156
1078,21,383,2348600,240,116,124
1079,21,383,2348700,487,256,231
1080,21,383,2348800,210,116,94
1081,21,383,2348900,253,132,121
1082,21,383,2349000,0,0,0
1083,21,383,2349100,165,85,80
1084,21,383,2349200,1747,861,886
1085,21,383,2349300,291,144,147
1086,21,383,2349400,0,0,0
1087,21,383,2349500,25,13,12
1088,21,383,2349600,1708,873,835
1089,21,383,2349700,2373,1259,1114
1090,21,383,2349800,877,443,434
1091,21,383,2349900,0,0,0
1092,21,383,2350000,0,0,0
1093,21,383,2350100,1169,603,566
1094,21,383,2350200,1431,734,697
1095,21,383,2350300,0,0,0
1096,21,383,2350400,0,0,0
1097,21,383,2350500,1798,923,875
1098,21,383,2350600,1321,683,638
1099,21,383,2350700,2076,1080,996
1100,21,383,2350800,648,342,306
1101,21,383,2350900,2283,1155,1128
1102,21,383,2351000,934,494,440
1103,21,383,2351100,1604,806,798
1104,21,383,2351200,1159,586,573
1105,21,383,2351300,0,0,0
1106,21,383,2351400,0,0,0
1107,21,383,2351500,508,258,250
1108,21,383,2351600,84,39,45
1109,21,383,2351700,152,68,84
1110,21,383,2351800,494,264,230
1111,21,383,2351900,0,0,0
1112,21,383,2352000,1912,954,958
1113,21,383,2352100,0,0,0
1114,21,383,2352200,576,298,278
1115,21,383,2352300,3203,1687,1516
1116,21,383,2352400,2544,1341,1203
1117,21,383,2352500,0,0,0
1118,21,383,2352600,742,372,370
1119,21,383,2352700,1829,951,878
1120,21,383,2352800,877,461,416
1121,21,383,2352900,348,174,174
1122,21,383,2353000,0,0,0
1123,21,383,2353100,0,0,0
1124,21,383,2353200,1479,765,714
1125,21,383,2353300,899,462,437
1126,21,383,2353400,306,153,153
1127,21,383,2353500,783,413,370
1128,21,383,2353600,0,0,0
1129,21,383,2353700,0,0,0
1130,21,383,2353800,418,221,197
1131,21,383,2353900,2803,1399,1404
1132,21,383,2354000,634,312,322
1133,21,383,2354100,2479,1231,1248
1134,21,383,2354200,0,0,0
1135,21,383,2354300,1599,789,810
1136,21,383,2354400,450,210,240
1137,21,383,2354500,6637,3372,3265
1138,21,383,2354600,1892,953,939
1139,21,383,2354700,45,22,23
1140,21,383,2354800,1166,628,538
1141,21,383,2354900,2919,1440,1479
1142,21,383,2355000,937,484,453
1143,21,383,2355100,963,481,482
1144,21,383,2355200,1639,837,802
1145,21,383,2355300,682,365,317
1146,21,383,2355400,2547,1341,1206
1147,21,383,2355500,1873,968,905
1148,21,383,2355600,1363,695,668
1149,21,383,2355700,17,11,6
1150,21,383,2355800,1206,607,599
1151,21,383,2355900,169,79,90
1152,21,383,2356000,84,39,45
1153,21,383,2356100,1592,831,761
1154,21,383,2356200,754,405,349
1155,21,383,2356300,340,190,150
1156,21,383,2356400,981,535,446
1157,21,383,2356500,1329,691,638
1158,21,383,2356600,1108,580,528
1159,21,383,2356700,13,7,6
1160,21,383,2356800,234,112,122
1161,21,383,2356900,3424,1765,1659
1162,21,383,2357000,1024,516,508
1163,21,383,2357100,1161,597,564
1164,21,383,2357200,401,202,199
1165,21,383,2357300,1527,785,742
1166,21,383,2357400,207,108,99
1167,21,383,2357500,1624,839,785
1168,21,383,2357600,731,370,361
1169,21,383,2357700,203,113,90
1170,21,383,2357800,247,126,121
1171,21,383,2357900,449,234,215
1172,21,383,2358000,436,224,212
1173,21,383,2358100,90,43,47
1174,21,383,2358200,723,369,354
1175,21,383,2358300,2976,1526,1450
1176,21,383,2358400,590,303,287
1177,21,383,2358500,1056,533,523
1178,21,383,2358600,1942,996,946
1179,21,383,2358700,296,142,154
1180,21,383,2358800,882,432,450
1181,21,383,2358900,425,212,213
1182,21,383,2359000,262,126,136
1183,21,383,2359100,1018,496,522
1184,21,383,2359200,544,274,270
1185,21,383,2359300,454,228,226
1186,21,383,2359400,203,97,106
1187,21,383,2359500,60,32,28
1188,21,383,2359600,312,140,172
1189,21,383,2359700,324,153,171
1190,21,383,2359800,5,2,3
1191,21,383,2359900,550,267,283
1192,21,383,2360000,308,163,145
1193,21,383,2360100,14,7,7
1194,21,383,2360200,1901,958,943
1195,21,383,2360300,273,144,129
1196,21,383,2360400,375,196,179
1197,21,383,2360500,2238,1118,1120
1198,21,383,2360600,3813,1914,1899
1199,21,383,2360700,2897,1467,1430
1200,21,383,2360800,247,129,118
1201,21,383,2360900,915,481,434
1202,21,383,2361000,1315,686,629
1203,21,383,2361100,565,273,292
1204,21,383,2361200,815,414,401
1205,21,383,2361300,2788,1383,1405
1206,21,383,2361400,926,475,451
1207,21,383,2361500,2694,1261,1433
1208,21,383,2361600,540,273,267
1209,21,383,2361700,690,409,281
1210,21,383,2361800,368,192,176
1211,21,383,2361900,655,307,348
1212,21,383,2362000,249,113,136
1213,21,383,2362100,232,118,114
1214,21,383,2362200,35,17,18
