,Statecode,Districtcode,VillageCode,Population,Males,Females
0,21,15,2362300,356,169,187
1,21,15,2362400,384,206,178
2,21,15,2362500,194,91,103
3,21,15,2362600,293,154,139
4,21,15,2362700,329,187,142
5,21,15,2362800,166,91,75
6,21,15,2362900,510,251,259
7,21,15,2363000,423,216,207
8,21,15,2363100,188,83,105
9,21,15,2363200,396,196,200
10,21,15,2363300,211,100,111
11,21,15,2363400,57,34,23
12,21,15,2363500,0,0,0
13,21,15,2363600,670,362,308
14,21,15,2363700,235,122,113
15,21,15,2363800,348,176,172
16,21,15,2363900,512,256,256
17,21,15,2364000,131,62,69
18,21,15,2364100,178,97,81
19,21,15,2364200,52,27,25
20,21,15,2364300,505,155,350
21,21,15,2364400,542,282,260
22,21,15,2364500,893,545,348
23,21,15,2364600,239,130,109
24,21,15,2364700,185,99,86
25,21,15,2364800,199,99,100
26,21,15,2364900,485,222,263
27,21,15,2365000,251,106,145
28,21,15,2365100,855,411,444
29,21,15,2365200,735,371,364
30,21,15,2365300,132,66,66
31,21,15,2365400,307,157,150
32,21,15,2365500,562,271,291
33,21,15,2365600,248,116,132
34,21,15,2365700,44,17,27
35,21,15,2365800,711,332,379
36,21,15,2365900,62,25,37
37,21,15,2366000,800,372,428
38,21,15,2366100,154,70,84
39,21,15,2366200,786,398,388
40,21,15,2366300,271,122,149
41,21,15,2366400,427,222,205
42,21,15,2366500,244,132,112
43,21,15,2366600,207,98,109
44,21,15,2366700,453,226,227
45,21,15,2366800,206,92,114
46,21,15,2366900,537,264,273
47,21,15,2367000,106,55,51
48,21,15,2367100,731,358,373
49,21,15,2367200,400,282,118
50,21,15,2367300,635,302,333
51,21,15,2367400,1596,756,840
52,21,15,2367500,470,244,226
53,21,15,2367600,434,238,196
54,21,15,2367700,398,212,186
55,21,15,2367800,93,47,46
56,21,15,2367900,695,401,294
57,21,15,2368000,67,40,27
58,21,15,2368100,194,108,86
59,21,15,2368200,358,174,184
60,21,15,2368300,166,87,79
61,21,15,2368400,242,125,117
62,21,15,2368500,100,49,51
63,21,15,2368600,713,363,350
64,21,15,2368700,1455,746,709
65,21,15,2368800,235,111,124
66,21,15,2368900,47,26,21
67,21,15,2369000,973,496,477
68,21,15,2369100,2593,1285,1308
69,21,15,2369200,256,130,126
70,21,15,2369300,653,328,325
71,21,15,2369400,345,183,162
72,21,15,2369500,328,170,158
73,21,15,2369600,280,140,140
74,21,15,2369700,119,67,52
75,21,15,2369800,1486,756,730
76,21,15,2369900,0,0,0
77,21,15,2370000,819,409,410
78,21,15,2370100,2,2,0
79,21,15,2370200,0,0,0
80,21,15,2370300,0,0,0
81,21,15,2370400,778,368,410
82,21,15,2370500,148,76,72
83,21,15,2370600,260,130,130
84,21,15,2370700,0,0,0
85,21,15,2370800,574,304,270
86,21,15,2370900,130,69,61
87,21,15,2371000,19,12,7
88,21,15,2371100,0,0,0
89,21,15,2371200,0,0,0
90,21,15,2371300,69,35,34
91,21,15,2371400,207,102,105
92,21,15,2371500,113,59,54
93,21,15,2371600,175,90,85
94,21,15,2371700,135,57,78
95,21,15,2371800,98,46,52
96,21,15,2371900,93,46,47
97,21,15,2372000,570,270,300
98,21,15,2372100,144,68,76
99,21,15,2372200,6797,3649,3148
100,21,15,2372300,348,184,164
101,21,15,2372400,351,178,173
102,21,15,2372500,235,122,113
103,21,15,2372600,954,491,463
104,21,15,2372700,673,377,296
105,21,15,2372800,69,35,34
106,21,15,2372900,632,307,325
107,21,15,2373000,510,259,251
108,21,15,2373100,453,216,237
109,21,15,2373200,481,244,237
110,21,15,2373300,185,90,95
111,21,15,2373400,142,70,72
112,21,15,2373500,204,102,102
113,21,15,2373600,431,222,209
114,21,15,2373700,312,154,158
115,21,15,2373800,239,121,118
116,21,15,2373900,578,292,286
117,21,15,2374000,244,113,131
118,21,15,2374100,522,249,273
119,21,15,2374200,392,190,202
120,21,15,2374300,269,126,143
121,21,15,2374400,94,46,48
122,21,15,2374500,690,353,337
123,21,15,2374600,626,320,306
124,21,15,2374700,242,113,129
125,21,15,2374800,277,132,145
126,21,15,2374900,412,213,199
127,21,15,2375000,256,122,134
128,21,15,2375100,875,433,442
129,21,15,2375200,325,155,170
130,21,15,2375300,248,131,117
131,21,15,2375400,850,411,439
132,21,15,2375500,263,123,140
133,21,15,2375600,989,498,491
134,21,15,2375700,487,244,243
135,21,15,2375800,2153,1119,1034
136,21,15,2375900,0,0,0
137,21,15,2376000,357,195,162
138,21,15,2376100,1136,573,563
139,21,15,2376200,0,0,0
140,21,15,2376300,1392,720,672
141,21,15,2376400,121,57,64
142,21,15,2376500,149,87,62
143,21,15,2376600,0,0,0
144,21,15,2376700,0,0,0
145,21,15,2376800,0,0,0
146,21,15,2376900,0,0,0
147,21,15,2377000,0,0,0
148,21,15,2377100,0,0,0
149,21,15,2377200,61,28,33
150,21,15,2377300,0,0,0
151,21,15,2377400,0,0,0
152,21,15,2377500,0,0,0
153,21,15,2377600,0,0,0
154,21,15,2377700,0,0,0
155,21,15,2377800,0,0,0
156,21,15,2377900,0,0,0
157,21,15,2378000,180,83,97
158,21,15,2378100,2560,1290,1270
159,21,15,2378200,210,98,112
160,21,15,2378300,463,226,237
161,21,15,2378400,468,255,213
162,21,15,2378500,2326,1175,1151
163,21,15,2378600,491,253,238
164,21,15,2378700,444,212,232
165,21,15,2378800,110,58,52
166,21,15,2378900,491,235,256
167,21,15,2379000,197,99,98
168,21,15,2379100,0,0,0
169,21,15,2379200,0,0,0
170,21,15,2379300,0,0,0
171,21,15,2379400,0,0,0
172,21,15,2379500,0,0,0
173,21,15,2379600,0,0,0
174,21,15,2379700,0,0,0
175,21,15,2379800,534,262,272
176,21,15,2379900,555,271,284
177,21,15,2380000,583,291,292
178,21,15,2380100,301,156,145
179,21,15,2380200,500,254,246
180,21,15,2380300,45,28,17
181,21,15,2380400,567,272,295
182,21,15,2380500,49,22,27
183,21,15,2380600,570,276,294
184,21,15,2380700,0,0,0
185,21,15,2380800,884,437,447
186,21,15,2380900,374,191,183
187,21,15,2381000,511,277,234
188,21,15,2381100,381,194,187
189,21,15,2381200,292,127,165
190,21,15,2381300,0,0,0
191,21,15,2381400,25,11,14
192,21,15,2381500,686,342,344
193,21,15,2381600,0,0,0
194,21,15,2381700,215,111,104
195,21,15,2381800,834,423,411
196,21,15,2381900,946,477,469
197,21,15,2382000,695,334,361
198,21,15,2382100,134,71,63
199,21,15,2382200,281,152,129
200,21,15,2382300,25,13,12
201,21,15,2382400,247,113,134
202,21,15,2382500,137,71,66
203,21,15,2382600,1,1,0
204,21,15,2382700,1174,597,577
205,21,15,2382800,57,34,23
206,21,15,2382900,243,115,128
207,21,15,2383000,1005,495,510
208,21,15,2383100,304,154,150
209,21,15,2383200,1107,552,555
210,21,15,2383300,0,0,0
211,21,15,2383400,70,37,33
212,21,15,2383500,2447,1166,1281
213,21,15,2383600,1832,905,927
214,21,15,2383700,362,180,182
215,21,15,2383800,326,149,177
216,21,15,2383900,562,286,276
217,21,15,2384000,158,72,86
218,21,15,2384100,409,213,196
219,21,15,2384200,835,404,431
220,21,15,2384300,953,475,478
221,21,15,2384400,135,76,59
222,21,15,2384500,205,99,106
223,21,15,2384600,252,130,122
224,21,15,2384700,1025,503,522
225,21,15,2384800,0,0,0
226,21,15,2384900,280,137,143
227,21,15,2385000,425,207,218
228,21,15,2385100,497,244,253
229,21,15,2385200,2505,1278,1227
230,21,15,2385300,146,70,76
231,21,15,2385400,723,362,361
232,21,15,2385500,868,477,391
233,21,15,2385600,191,97,94
234,21,15,2385700,342,170,172
235,21,15,2385800,0,0,0
236,21,15,2385900,71,37,34
237,21,15,2386000,439,221,218
238,21,15,2386100,14,6,8
239,21,15,2386200,975,486,489
240,21,15,2386300,0,0,0
241,21,15,2386400,299,142,157
242,21,15,2386500,19,12,7
243,21,15,2386600,0,0,0
244,21,15,2386700,463,274,189
245,21,15,2386800,103,59,44
246,21,15,2386900,1792,939,853
247,21,15,2387000,0,0,0
248,21,15,2387100,600,318,282
249,21,15,2387200,2576,1306,1270
250,21,15,2387300,198,105,93
251,21,15,2387400,742,383,359
252,21,15,2387500,2642,1343,1299
253,21,15,2387600,11,2,9
254,21,15,2387700,342,169,173
255,21,15,2387800,0,0,0
256,21,15,2387900,254,127,127
257,21,15,2388000,743,382,361
258,21,15,2388100,296,146,150
259,21,15,2388200,769,395,374
260,21,15,2388300,78,30,48
261,21,15,2388400,597,299,298
262,21,15,2388500,423,231,192
263,21,15,2388600,0,0,0
264,21,15,2388700,197,108,89
265,21,15,2388800,845,393,452
266,21,15,2388900,391,187,204
267,21,15,2389000,149,77,72
268,21,15,2389100,1541,790,751
269,21,15,2389200,651,326,325
270,21,15,2389300,1473,764,709
271,21,15,2389400,238,123,115
272,21,15,2389500,415,210,205
273,21,15,2389600,851,417,434
274,21,15,2389700,436,230,206
275,21,15,2389800,382,180,202
276,21,15,2389900,1287,658,629
277,21,15,2390000,581,303,278
278,21,15,2390100,0,0,0
279,21,15,2390200,0,0,0
280,21,15,2390300,598,301,297
281,21,15,2390400,101,60,41
282,21,15,2390500,0,0,0
283,21,15,2390600,0,0,0
284,21,15,2390700,647,326,321
285,21,15,2390800,71,36,35
286,21,15,2390900,358,199,159
287,21,15,2391000,530,265,265
288,21,15,2391100,1,0,1
289,21,15,2391200,513,259,254
290,21,15,2391300,0,0,0
291,21,15,2391400,23,14,9
292,21,15,2391500,372,195,177
293,21,15,2391600,0,0,0
294,21,15,2391700,717,369,348
295,21,15,2391800,17,8,9
296,21,15,2391900,164,76,88
297,21,15,2392000,0,0,0
298,21,15,2392100,570,284,286
299,21,15,2392200,189,105,84
300,21,15,2392300,439,206,233
301,21,15,2392400,130,63,67
302,21,15,2392500,202,99,103
303,21,15,2392600,1919,961,958
304,21,15,2392700,9,5,4
305,21,15,2392800,8,3,5
306,21,15,2392900,449,215,234
307,21,15,2393000,299,158,141
308,21,15,2393100,0,0,0
309,21,15,2393200,1261,646,615
310,21,15,2393300,784,399,385
311,21,15,2393400,283,147,136
312,21,15,2393500,577,285,292
313,21,15,2393600,261,137,124
314,21,15,2393700,273,141,132
315,21,15,2393800,378,206,172
316,21,15,2393900,0,0,0
317,21,15,2394000,1830,959,871
318,21,15,2394100,525,264,261
319,21,15,2394200,344,164,180
320,21,15,2394300,710,344,366
321,21,15,2394400,230,118,112
322,21,15,2394500,476,242,234
323,21,15,2394600,72,36,36
324,21,15,2394700,286,146,140
325,21,15,2394800,1156,574,582
326,21,15,2394900,0,0,0
327,21,15,2395000,1984,1007,977
328,21,15,2395100,3330,1716,1614
329,21,15,2395200,87,46,41
330,21,15,2395300,899,438,461
331,21,15,2395400,1447,792,655
332,21,15,2395500,690,359,331
333,21,15,2395600,393,202,191
334,21,15,2395700,0,0,0
335,21,15,2395800,757,381,376
336,21,15,2395900,768,434,334
337,21,15,2396000,339,168,171
338,21,15,2396100,947,582,365
339,21,15,2398900,108,50,58
340,21,15,2396200,67,36,31
341,21,15,2396300,1126,592,534
342,21,15,2396400,938,491,447
343,21,15,2396500,1107,550,557
344,21,15,2396600,917,475,442
345,21,15,2396700,1414,720,694
346,21,15,2396800,348,170,178
347,21,15,2396900,922,457,465
348,21,15,2397000,1446,729,717
349,21,15,2397100,0,0,0
350,21,15,2397200,291,143,148
351,21,15,2397300,262,134,128
352,21,15,2397400,378,194,184
353,21,15,2397500,2254,1157,1097
354,21,15,2397600,102,55,47
355,21,15,2397700,2119,1117,1002
356,21,15,2397800,0,0,0
357,21,15,2397900,111,60,51
358,21,15,2398000,678,312,366
359,21,15,2398100,1547,796,751
360,21,15,2398200,3950,2025,1925
361,21,15,2398300,574,292,282
362,21,15,2398400,273,133,140
363,21,15,2398500,1033,518,515
364,21,15,2398600,0,0,0
365,21,15,2398700,0,0,0
366,21,15,2398800,736,401,335
367,21,15,2399000,140,66,74
368,21,15,2399100,648,315,333
369,21,15,2399200,141,68,73
370,21,15,2399300,0,0,0
371,21,15,2399400,591,294,297
372,21,15,2399500,73,38,35
373,21,15,2399600,111,62,49
374,21,15,2399700,106,55,51
375,21,15,2399800,0,0,0
376,21,15,2399900,141,69,72
377,21,15,2400000,4,3,1
378,21,15,2400100,0,0,0
379,21,15,2400200,656,329,327
380,21,15,2400300,670,329,341
381,21,15,2400400,391,204,187
382,21,15,2400500,113,55,58
383,21,15,2400600,2295,1199,1096
384,21,15,2400700,1366,721,645
385,21,15,2400800,903,459,444
386,21,15,2400900,1504,785,719
387,21,15,2401000,0,0,0
388,21,15,2401100,1986,1004,982
389,21,15,2401200,294,149,145
390,21,15,2401300,332,177,155
391,21,15,2401400,379,198,181
392,21,15,2401500,937,491,446
393,21,15,2401600,412,221,191
394,21,15,2401700,0,0,0
395,21,15,2401800,98,44,54
396,21,15,2401900,81,51,30
397,21,15,2402000,567,274,293
398,21,15,2402100,0,0,0
399,21,15,2402200,244,113,131
400,21,15,2402300,707,357,350
401,21,15,2402400,1556,825,731
402,21,15,2402500,0,0,0
403,21,15,2402600,3543,1904,1639
404,21,15,2402700,0,0,0
405,21,15,2402800,610,287,323
406,21,15,2402900,763,400,363
407,21,15,2403000,0,0,0
408,21,15,2403100,228,122,106
409,21,15,2403200,340,179,161
410,21,15,2403300,309,155,154
411,21,15,2403400,0,0,0
412,21,15,2403500,0,0,0
413,21,15,2403600,190,94,96
414,21,15,2403700,534,284,250
415,21,15,2403800,235,116,119
416,21,15,2403900,887,464,423
417,21,15,2404000,0,0,0
418,21,15,2404100,726,389,337
419,21,15,2404200,0,0,0
420,21,15,2404300,875,476,399
421,21,15,2404400,0,0,0
422,21,15,2404500,2310,1175,1135
423,21,15,2404600,369,199,170
424,21,15,2404700,819,422,397
425,21,15,2404800,764,406,358
426,21,15,2404900,0,0,0
427,21,15,2405000,2356,1239,1117
428,21,15,2405100,828,423,405
429,21,15,2405200,563,275,288
430,21,15,2405300,0,0,0
431,21,15,2405400,0,0,0
432,21,15,2405500,0,0,0
433,21,15,2405600,1423,710,713
434,21,15,2405700,275,149,126
435,21,15,2405800,572,309,263
436,21,15,2405900,207,113,94
437,21,15,2406000,2639,1366,1273
438,21,15,2406100,164,93,71
439,21,15,2406200,488,260,228
440,21,15,2406300,162,83,79
441,21,15,2406400,255,123,132
442,21,15,2406500,2652,1323,1329
443,21,15,2406600,1540,770,770
444,21,15,2406700,1337,723,614
445,21,15,2406800,148,76,72
446,21,15,2406900,607,316,291
447,21,15,2407000,417,207,210
448,21,15,2407100,249,140,109
449,21,15,2407200,0,0,0
450,21,15,2407300,1012,549,463
451,21,15,2407400,0,0,0
452,21,15,2407500,1473,759,714
453,21,15,2407600,808,417,391
454,21,15,2407700,458,223,235
455,21,15,2407800,329,164,165
456,21,15,2407900,1093,560,533
457,21,15,2408000,433,219,214
458,21,15,2408100,0,0,0
459,21,15,2408200,213,109,104
460,21,15,2408300,395,190,205
461,21,15,2408400,2185,1114,1071
462,21,15,2408500,415,215,200
463,21,15,2408600,68,37,31
464,21,15,2417300,27,17,10
465,21,15,2408700,2,2,0
466,21,15,2408800,134,66,68
467,21,15,2408900,441,223,218
468,21,15,2409000,0,0,0
469,21,15,2409100,0,0,0
470,21,15,2409200,0,0,0
471,21,15,2409300,0,0,0
472,21,15,2409400,0,0,0
473,21,15,2409500,920,446,474
474,21,15,2409600,1755,917,838
475,21,15,2409700,1259,635,624
476,21,15,2409800,73,36,37
477,21,15,2409900,2883,1522,1361
478,21,15,2410000,163,90,73
479,21,15,2410100,368,198,170
480,21,15,2410200,2227,1140,1087
481,21,15,2410300,3076,1588,1488
482,21,15,2410400,0,0,0
483,21,15,2410500,670,373,297
484,21,15,2410600,0,0,0
485,21,15,2410700,1183,630,553
486,21,15,2410800,284,155,129
487,21,15,2410900,2408,1328,1080
488,21,15,2411000,3937,2176,1761
489,21,15,2411100,441,243,198
490,21,15,2411200,414,219,195
491,21,15,2411300,46,23,23
492,21,15,2411400,782,409,373
493,21,15,2411500,41,20,21
494,21,15,2411600,1856,948,908
495,21,15,2411700,750,396,354
496,21,15,2411800,4787,2401,2386
497,21,15,2411900,0,0,0
498,21,15,2412000,1963,997,966
499,21,15,2412100,254,116,138
500,21,15,2412200,0,0,0
501,21,15,2412300,49,28,21
502,21,15,2412400,501,240,261
503,21,15,2412500,186,100,86
504,21,15,2412600,392,210,182
505,21,15,2412700,357,185,172
506,21,15,2412800,0,0,0
507,21,15,2412900,888,455,433
508,21,15,2413000,1559,798,761
509,21,15,2413100,593,301,292
510,21,15,2413200,1301,661,640
511,21,15,2413300,255,131,124
512,21,15,2413400,0,0,0
513,21,15,2413500,872,432,440
514,21,15,2413600,2430,1251,1179
515,21,15,2413700,1345,686,659
516,21,15,2413800,2013,1014,999
517,21,15,2413900,137,70,67
518,21,15,2414000,0,0,0
519,21,15,2414100,60,37,23
520,21,15,2414200,261,135,126
521,21,15,2414300,255,126,129
522,21,15,2414400,20,5,15
523,21,15,2414500,143,73,70
524,21,15,2414600,543,265,278
525,21,15,2414700,2,2,0
526,21,15,2414800,3500,1758,1742
527,21,15,2414900,19,8,11
528,21,15,2415000,920,458,462
529,21,15,2415100,0,0,0
530,21,15,2415200,291,155,136
531,21,15,2415300,0,0,0
532,21,15,2415400,1249,630,619
533,21,15,2415500,1725,909,816
534,21,15,2415600,651,326,325
535,21,15,2415700,0,0,0
536,21,15,2415800,2185,1072,1113
537,21,15,2415900,0,0,0
538,21,15,2416000,710,362,348
539,21,15,2416100,341,174,167
540,21,15,2416200,19,6,13
541,21,15,2416300,996,515,481
542,21,15,2416400,892,477,415
543,21,15,2416500,5211,2825,2386
544,21,15,2416600,0,0,0
545,21,15,2416700,827,415,412
546,21,15,2416800,176,91,85
547,21,15,2416900,36,16,20
548,21,15,2417000,480,247,233
549,21,15,2417100,1049,552,497
550,21,15,2417200,639,329,310
551,21,15,2417400,0,0,0
552,21,15,2417500,370,184,186
553,21,15,2417600,649,349,300
554,21,15,2417700,1100,552,548
555,21,15,2417800,1,1,0
556,21,15,2417900,693,360,333
557,21,15,2418000,0,0,0
558,21,15,2418100,0,0,0
559,21,15,2418200,3514,1813,1701
560,21,15,2418300,275,143,132
561,21,15,2418400,102,50,52
562,21,15,2418500,446,226,220
563,21,15,2418600,208,116,92
564,21,15,2418700,520,273,247
565,21,15,2418800,103,49,54
566,21,15,2418900,1049,546,503
567,21,15,2419000,0,0,0
568,21,15,2419100,0,0,0
569,21,15,2419200,0,0,0
570,21,15,2419300,228,102,126
571,21,15,2419400,1108,571,537
572,21,15,2419500,73,35,38
573,21,15,2419600,68,41,27
574,21,15,2419700,721,377,344
575,21,15,2419800,98,45,53
576,21,15,2419900,0,0,0
577,21,15,2420000,0,0,0
578,21,15,2420100,0,0,0
579,21,15,2420200,735,433,302
580,21,15,2420300,345,229,116
581,21,15,2420400,1230,790,440
582,21,15,2420500,12,8,4
583,21,15,2420600,0,0,0
584,21,15,2420700,2866,1508,1358
585,21,15,2420800,0,0,0
586,21,15,2420900,1444,734,710
587,21,15,2421000,63,33,30
588,21,15,2421100,50,25,25
589,21,15,2421200,0,0,0
590,21,15,2421300,700,369,331
591,21,15,2421400,0,0,0
592,21,15,2421500,249,132,117
593,21,15,2421600,622,347,275
594,21,15,2421700,79,40,39
595,21,15,2421800,1357,713,644
596,21,15,2421900,5,5,0
597,21,15,2422000,73,37,36
598,21,15,2422100,0,0,0
599,21,15,2422200,1311,688,623
600,21,15,2422300,0,0,0
601,21,15,2422400,0,0,0
602,21,15,2422500,0,0,0
603,21,15,2422600,8,8,0
604,21,15,2422700,0,0,0
605,21,15,2422800,0,0,0
606,21,15,2422900,897,477,420
607,21,15,2423000,19,11,8
608,21,15,2423100,30,12,18
609,21,15,2423200,0,0,0
610,21,15,2423300,148,88,60
611,21,15,2423400,149,81,68
612,21,15,2423500,158,81,77
613,21,15,2423600,0,0,0
614,21,15,2423700,379,194,185
615,21,15,2423800,1093,554,539
616,21,15,2423900,537,263,274
617,21,15,2424000,13,5,8
618,21,15,2424100,936,488,448
619,21,15,2424200,0,0,0
620,21,15,2424300,0,0,0
621,21,15,2424400,4842,2503,2339
622,21,15,2424500,89,57,32
623,21,15,2424600,33,18,15
624,21,15,2424700,0,0,0
625,21,15,2424800,94,50,44
626,21,15,2424900,497,255,242
627,21,15,2425000,23,12,11
628,21,15,2425100,45,22,23
629,21,15,2425200,0,0,0
630,21,15,2425300,130,67,63
631,21,15,2425400,152,83,69
632,21,15,2425500,119,62,57
633,21,15,2425600,1311,648,663
634,21,15,2425700,887,442,445
635,21,15,2425800,351,177,174
636,21,15,2425900,28,16,12
637,21,15,2426000,49,25,24
638,21,15,2426100,143,63,80
639,21,15,2426200,84,34,50
640,21,15,2426300,648,302,346
641,21,15,2426400,0,0,0
642,21,15,2426500,1409,753,656
643,21,15,2426600,466,230,236
644,21,15,2426700,119,57,62
645,21,15,2426800,1401,736,665
646,21,15,2426900,1427,726,701
647,21,15,2427000,325,185,140
648,21,15,2427100,174,89,85
649,21,15,2427200,1326,694,632
650,21,15,2427300,0,0,0
651,21,15,2427400,721,373,348
652,21,15,2427500,0,0,0
653,21,15,2427600,2011,1034,977
654,21,15,2427700,37,16,21
655,21,15,2427800,2203,1157,1046
656,21,15,2427900,1013,542,471
657,21,15,2428000,66,36,30
658,21,15,2428100,44,20,24
659,21,15,2428200,0,0,0
660,21,15,2428300,390,199,191
661,21,15,2428400,3591,1913,1678
662,21,15,2428500,551,292,259
663,21,15,2428600,641,340,301
664,21,15,2428700,1465,757,708
665,21,15,2428800,857,455,402
666,21,15,2428900,561,288,273
667,21,15,2429000,0,0,0
668,21,15,2429100,0,0,0
669,21,15,2429200,1407,757,650
670,21,15,2429300,1459,829,630
671,21,15,2429400,1511,815,696
672,21,15,2429500,502,256,246
673,21,15,2429600,766,392,374
674,21,15,2429700,533,285,248
675,21,15,2429800,0,0,0
676,21,15,2429900,0,0,0
677,21,15,2430000,0,0,0
678,21,15,2430100,294,135,159
679,21,15,2430200,3960,2052,1908
680,21,15,2430300,204,100,104
681,21,15,2430400,0,0,0
682,21,15,2430500,285,142,143
683,21,15,2430600,13,8,5
684,21,15,2430700,592,304,288
685,21,15,2430800,769,408,361
686,21,15,2430900,563,288,275
687,21,15,2431000,792,408,384
688,21,15,2431100,943,486,457
689,21,15,2431200,0,0,0
690,21,15,2431300,2500,1295,1205
691,21,15,2431400,0,0,0
692,21,15,2431500,487,242,245
693,21,15,2431600,133,58,75
694,21,15,2431700,205,98,107
695,21,15,2431800,4193,2186,2007
696,21,15,2431900,66,30,36
697,21,15,2432000,94,47,47
698,21,15,2432100,1485,765,720
699,21,15,2432200,149,78,71
700,21,15,2432300,134,79,55
701,21,15,2432400,320,169,151
702,21,15,2432500,0,0,0
703,21,15,2432600,1680,855,825
704,21,15,2432700,46,17,29
705,21,15,2432800,1067,542,525
706,21,15,2432900,801,424,377
707,21,15,2433000,0,0,0
708,21,15,2433100,0,0,0
709,21,15,2433200,0,0,0
710,21,15,2433300,0,0,0
711,21,15,2433400,0,0,0
712,21,15,2433500,0,0,0
713,21,15,2433600,0,0,0
714,21,15,2433700,0,0,0
715,21,15,2433800,58,58,0
716,21,15,2433900,5068,2604,2464
717,21,15,2434000,0,0,0
718,21,15,2434100,1639,933,706
719,21,15,2434200,105,63,42
720,21,15,2434300,6,6,0
721,21,15,2434400,476,266,210
722,21,15,2434500,3339,1778,1561
723,21,15,2434600,63,27,36
724,21,15,2434700,67,37,30
725,21,15,2434800,313,175,138
726,21,15,2434900,577,317,260
727,21,15,2435000,5493,2952,2541
728,21,15,2435100,1271,693,578
729,21,15,2435200,143,79,64
730,21,15,2435300,2934,1500,1434
731,21,15,2435400,954,500,454
732,21,15,2435500,4158,2228,1930
733,21,15,2435600,77,49,28
734,21,15,2435700,1467,811,656
735,21,15,2435800,0,0,0
736,21,15,2435900,2720,1506,1214
737,21,15,2436000,2333,1185,1148
738,21,15,2436100,598,327,271
739,21,15,2436200,1635,823,812
740,21,15,2436300,2375,1226,1149
741,21,15,2436400,8,4,4
742,21,15,2436500,9380,4906,4474
743,21,15,2436600,674,370,304
744,21,15,2436700,3628,1991,1637
745,21,15,2436800,0,0,0
746,21,15,2436900,45,19,26
747,21,15,2437000,1777,933,844
748,21,15,2437100,7438,4090,3348
749,21,15,2437200,2443,1270,1173
750,21,15,2437300,1241,659,582
751,21,15,2437400,5275,2958,2317
752,21,15,2437500,993,527,466
753,21,15,2437600,694,377,317
754,21,15,2437700,525,272,253
755,21,15,2437800,0,0,0
756,21,15,2437900,285,134,151
757,21,15,2438000,114,60,54
758,21,15,2438100,749,381,368
759,21,15,2438200,1687,866,821
760,21,15,2438300,0,0,0
761,21,15,2438400,20,11,9
762,21,15,2438500,0,0,0
763,21,15,2438600,699,342,357
764,21,15,2438700,0,0,0
765,21,15,2438800,0,0,0
766,21,15,2438900,158,71,87
767,21,15,2439000,971,515,456
768,21,15,2439100,244,126,118
769,21,15,2439200,363,179,184
770,21,15,2439300,0,0,0
771,21,15,2439400,81,38,43
772,21,15,2439500,828,432,396
773,21,15,2439600,6569,3279,3290
774,21,15,2439700,610,315,295
775,21,15,2439800,7853,4142,3711
776,21,15,2439900,2961,1543,1418
777,21,15,2440000,0,0,0
778,21,15,2440100,1827,1014,813
779,21,15,2440200,5920,3055,2865
780,21,15,2440300,465,247,218
781,21,15,2440400,367,185,182
782,21,15,2440500,513,259,254
783,21,15,2440600,452,222,230
784,21,15,2440700,417,216,201
785,21,15,2440800,784,421,363
786,21,15,2440900,473,249,224
787,21,15,2441000,1028,502,526
788,21,15,2441100,1099,550,549
789,21,15,2441200,4382,2276,2106
790,21,15,2441300,0,0,0
791,21,15,2441400,197,111,86
792,21,15,2441500,3444,1775,1669
793,21,15,2441600,0,0,0
794,21,15,2441700,8145,4097,4048
795,21,15,2441800,1333,660,673
796,21,15,2441900,339,184,155
797,21,15,2442000,0,0,0
798,21,15,2442100,0,0,0
799,21,15,2442200,1359,700,659
800,21,15,2442300,1730,861,869
801,21,15,2442400,1871,929,942
802,21,15,2442500,495,249,246
803,21,15,2442600,294,166,128
804,21,15,2442700,555,270,285
805,21,15,2442800,2334,1177,1157
806,21,15,2442900,2270,1131,1139
807,21,15,2443000,45,20,25
808,21,15,2443100,699,367,332
809,21,15,2443200,403,190,213
810,21,15,2443300,622,303,319
811,21,15,2443400,143,72,71
812,21,15,2443500,0,0,0
813,21,15,2443600,0,0,0
814,21,15,2443700,336,174,162
815,21,15,2443800,313,152,161
816,21,15,2443900,420,205,215
817,21,15,2444000,4849,2451,2398
818,21,15,2444100,1969,929,1040
819,21,15,2444200,158,66,92
820,21,15,2444300,2074,1101,973
821,21,15,2444400,0,0,0
822,21,15,2444500,126,63,63
823,21,15,2444600,0,0,0
824,21,15,2444700,0,0,0
825,21,15,2444800,344,178,166
826,21,15,2444900,1452,703,749
827,21,15,2445000,4652,2322,2330
828,21,15,2445100,1872,984,888
829,21,15,2445200,0,0,0
830,21,15,2445300,3015,1598,1417
831,21,15,2445400,210,113,97
832,21,15,2445500,149,78,71
833,21,15,2445600,155,78,77
834,21,15,2445700,100,54,46
835,21,15,2445800,0,0,0
836,21,15,2445900,669,334,335
837,21,15,2446000,509,281,228
838,21,15,2446100,3454,1803,1651
839,21,15,2446200,1085,554,531
840,21,15,2446300,2359,1174,1185
841,21,15,2446400,1378,694,684
842,21,15,2446500,423,220,203
843,21,15,2446600,235,110,125
844,21,15,2446700,663,348,315
845,21,15,2446800,651,329,322
846,21,15,2446900,4211,2163,2048
847,21,15,2447000,829,427,402
848,21,15,2447100,0,0,0
849,21,15,2447200,832,431,401
850,21,15,2447300,648,317,331
851,21,15,2447400,195,105,90
852,21,15,2447500,2771,1436,1335
853,21,15,2447600,239,130,109
854,21,15,2447700,71,42,29
855,21,15,2447800,184,97,87
856,21,15,2447900,1476,753,723
857,21,15,2448000,11,3,8
858,21,15,2448100,173,83,90
859,21,15,2448200,2204,1172,1032
860,21,15,2448300,1283,677,606
861,21,15,2448400,6372,3302,3070
862,21,15,2448500,6729,3472,3257
863,21,15,2448600,3019,1566,1453
864,21,15,2448700,1333,717,616
865,21,15,2448800,4982,2592,2390
866,21,15,2448900,1056,551,505
867,21,15,2449000,1060,552,508
868,21,15,2449100,588,296,292
869,21,15,2449200,957,485,472
870,21,15,2449300,5,3,2
871,21,15,2449400,961,494,467
872,21,15,2449500,958,475,483
873,21,15,2449600,943,455,488
874,21,15,2449700,852,423,429
875,21,15,2449800,968,489,479
876,21,15,2449900,2323,1202,1121
877,21,15,2450000,4499,2361,2138
878,21,15,2450100,1801,907,894
879,21,15,2450200,416,211,205
880,21,15,2450300,2429,1301,1128
881,21,15,2450400,1946,979,967
882,21,15,2450500,1882,967,915
883,21,15,2450600,0,0,0
884,21,15,2450700,2746,1420,1326
885,21,15,2450800,166,94,72
886,21,15,2450900,635,331,304
887,21,15,2451000,240,131,109
888,21,15,2451100,1574,808,766
889,21,15,2451200,1412,756,656
890,21,15,2451300,928,454,474
891,21,15,2451400,640,342,298
892,21,15,2451500,2225,1132,1093
893,21,15,2451600,11,6,5
894,21,15,2451700,984,492,492
895,21,15,2451800,42,19,23
896,21,15,2451900,9,5,4
897,21,15,2452000,466,248,218
898,21,15,2452100,2638,1350,1288
899,21,15,2452200,501,265,236
900,21,15,2452300,932,463,469
901,21,15,2452400,100,49,51
902,21,15,2452500,3805,1955,1850
903,21,15,2452600,2994,1532,1462
904,21,15,2452700,3665,1800,1865
905,21,15,2452800,1647,841,806
906,21,15,2452900,263,110,153
907,21,15,2453000,301,147,154
908,21,15,2453100,371,189,182
909,21,15,2453200,756,398,358
910,21,15,2453300,963,486,477
911,21,15,2453400,453,240,213
912,21,15,2453500,26,14,12
913,21,15,2453600,295,152,143
914,21,15,2453700,40,19,21
915,21,15,2453800,60,33,27
916,21,15,2453900,185,92,93
917,21,15,2454000,4169,2088,2081
918,21,15,2454100,0,0,0
919,21,15,2454200,1504,781,723
920,21,15,2454300,2510,1287,1223
921,21,15,2454400,0,0,0
922,21,15,2454500,208,106,102
923,21,15,2454600,1165,603,562
924,21,15,2454700,1366,690,676
925,21,15,2454800,702,356,346
926,21,15,2454900,0,0,0
927,21,15,2455000,51,26,25
928,21,15,2455100,30,16,14
929,21,15,2455200,180,92,88
930,21,15,2455300,480,254,226
931,21,15,2455400,13,4,9
932,21,15,2455500,188,87,101
933,21,15,2455600,0,0,0
934,21,15,2455700,603,287,316
935,21,15,2455800,401,216,185
936,21,15,2455900,867,438,429
937,21,15,2456000,1061,561,500
938,21,15,2456100,489,234,255
939,21,15,2456200,1205,624,581
940,21,15,2456300,1000,534,466
941,21,15,2456400,1294,660,634
942,21,15,2456500,381,196,185
943,21,15,2456600,1038,543,495
944,21,15,2456700,1846,936,910
945,21,15,2456800,1137,585,552
946,21,15,2456900,529,288,241
947,21,15,2457000,1137,592,545
948,21,15,2457100,889,474,415
949,21,15,2457200,204,102,102
950,21,15,2457300,1075,533,542
951,21,15,2457400,52,28,24
952,21,15,2457500,33,20,13
953,21,15,2457600,720,366,354
954,21,15,2457700,27,14,13
955,21,15,2457800,1216,610,606
956,21,15,2457900,1278,662,616
957,21,15,2458000,1173,605,568
958,21,15,2458100,867,431,436
959,21,15,2458200,87,46,41
960,21,15,2458300,406,185,221
961,21,15,2458400,323,165,158
962,21,15,2458500,630,304,326
963,21,15,2458600,12,4,8
964,21,15,2458700,651,318,333
965,21,15,2458800,2608,1279,1329
966,21,15,2458900,4815,2468,2347
967,21,15,2459000,5,3,2
968,21,15,2459100,742,395,347
969,21,15,2459200,881,448,433
970,21,15,2459300,720,369,351
971,21,15,2459400,1430,778,652
972,21,15,2459500,2721,1387,1334
973,21,15,2459600,2317,1166,1151
974,21,15,2459700,4032,2068,1964
975,21,15,2459800,98,47,51
976,21,15,2459900,0,0,0
977,21,15,2460000,247,111,136
978,21,15,2460100,158,84,74
979,21,15,2460200,940,464,476
980,21,15,2460300,2439,1206,1233
981,21,15,2460400,199,98,101
982,21,15,2460500,2274,1146,1128
983,21,15,2460600,1061,534,527
984,21,15,2460700,437,227,210
985,21,15,2460800,254,137,117
986,21,15,2460900,2172,1068,1104
987,21,15,2461000,578,295,283
988,21,15,2461100,2525,1269,1256
989,21,15,2461200,1008,508,500
990,21,15,2461300,133,67,66
991,21,15,2461400,1164,551,613
992,21,15,2461500,3345,1658,1687
993,21,15,2461600,594,285,309
994,21,15,2461700,404,210,194
995,21,15,2461800,226,111,115
996,21,15,2461900,170,76,94
997,21,15,2462000,384,201,183
998,21,15,2462100,272,131,141
999,21,15,2462200,1273,648,625
1000,21,15,2462300,437,206,231
1001,21,15,2462400,515,259,256
1002,21,15,2462500,2301,1142,1159
1003,21,15,2462600,29,11,18
1004,21,15,2462700,0,0,0
1005,21,15,2462800,921,441,480
1006,21,15,2462900,565,275,290
1007,21,15,2463000,596,306,290
1008,21,15,2463100,1043,511,532
1009,21,15,2463200,195,94,101
1010,21,15,2463300,1315,641,674
1011,21,15,2463400,1146,572,574
1012,21,15,2463500,449,234,215
1013,21,15,2463600,1,1,0
1014,21,15,2463700,405,195,210
1015,21,15,2463800,1786,917,869
1016,21,15,2463900,1447,735,712
1017,21,15,2464000,607,316,291
1018,21,15,2464100,238,100,138
1019,21,15,2464200,232,121,111
1020,21,15,2464300,0,0,0
1021,21,15,2464400,81,46,35
1022,21,15,2464500,948,469,479
1023,21,15,2464600,1541,785,756
1024,21,15,2464700,455,238,217
1025,21,15,2464800,163,79,84
1026,21,15,2464900,470,239,231
1027,21,15,2465000,805,428,377
1028,21,15,2465100,864,421,443
1029,21,15,2465200,151,71,80
1030,21,15,2465300,226,121,105
1031,21,15,2465400,0,0,0
1032,21,15,2465500,239,123,116
1033,21,15,2465600,304,159,145
1034,21,15,2465700,378,194,184
1035,21,15,2465800,476,234,242
1036,21,15,2465900,263,121,142
1037,21,15,2466000,0,0,0
1038,21,15,2466100,249,135,114
1039,21,15,2466200,295,154,141
1040,21,15,2466300,702,359,343
1041,21,15,2466400,2173,1112,1061
1042,21,15,2466500,353,159,194
1043,21,15,2466600,73,37,36
1044,21,15,2466700,576,306,270
1045,21,15,2466800,159,77,82
1046,21,15,2466900,1444,726,718
1047,21,15,2467000,505,264,241
1048,21,15,2467100,1136,576,560
1049,21,15,2467200,275,143,132
1050,21,15,2467300,735,383,352
1051,21,15,2467400,0,0,0
1052,21,15,2467500,296,143,153
1053,21,15,2467600,519,265,254
1054,21,15,2467700,94,44,50
1055,21,15,2467800,156,82,74
1056,21,15,2467900,156,71,85
1057,21,15,2468000,166,87,79
1058,21,15,2468100,663,342,321
1059,21,15,2468200,731,356,375
1060,21,15,2468300,237,118,119
1061,21,15,2468400,353,170,183
1062,21,15,2468500,0,0,0
1063,21,15,2468600,460,230,230
1064,21,15,2468700,88,37,51
1065,21,15,2468800,1027,506,521
1066,21,15,2468900,332,155,177
1067,21,15,2469000,304,147,157
1068,21,15,2469100,68,38,30
1069,21,15,2469200,119,62,57
1070,21,15,2469300,220,100,120
1071,21,15,2469400,299,146,153
1072,21,15,2469500,82,35,47
1073,21,15,2469600,372,198,174
1074,21,15,2469700,61,30,31
1075,21,15,2469800,88,44,44
1076,21,15,2469900,215,118,97
1077,21,15,2470000,339,169,170
1078,21,15,2470100,627,318,309
1079,21,15,2470200,1476,786,690
1080,21,15,2470300,0,0,0
1081,21,15,2470400,315,134,181
1082,21,15,2470500,143,69,74
1083,21,15,2470600,2,2,0
1084,21,15,2470700,1,1,0
1085,21,15,2470800,125,69,56
1086,21,15,2470900,113,60,53
1087,21,15,2471000,36,19,17
1088,21,15,2471100,378,187,191
1089,21,15,2471200,92,44,48
1090,21,15,2471300,88,45,43
1091,21,15,2471400,546,280,266
1092,21,15,2471500,398,205,193
1093,21,15,2471600,964,508,456
1094,21,15,2471700,0,0,0
1095,21,15,2471800,559,269,290
1096,21,15,2471900,522,255,267
1097,21,15,2472000,163,76,87
1098,21,15,2472100,76,40,36
1099,21,15,2472200,213,106,107
1100,21,15,2472300,222,99,123
1101,21,15,2472400,0,0,0
1102,21,15,2472500,388,186,202
1103,21,15,2472600,862,445,417
1104,21,15,2472700,0,0,0
1105,21,15,2472800,348,157,191
1106,21,15,2472900,0,0,0
1107,21,15,2473000,3,3,0
1108,21,15,2473100,573,273,300
1109,21,15,2473200,969,497,472
1110,21,15,2473300,28,11,17
1111,21,15,2473400,2557,1266,1291
1112,21,15,2473500,0,0,0
1113,21,15,2473600,2064,1053,1011
1114,21,15,2473700,864,436,428
1115,21,15,2473800,2335,1185,1150
1116,21,15,2473900,2625,1302,1323
1117,21,15,2474000,421,215,206
1118,21,15,2474100,146,83,63
1119,21,15,2474200,362,180,182
1120,21,15,2474300,2034,1039,995
1121,21,15,2474400,331,164,167
1122,21,15,2474500,404,206,198
1123,21,15,2474600,396,227,169
1124,21,15,2474700,1367,695,672
1125,21,15,2474800,27,11,16
1126,21,15,2474900,206,97,109
1127,21,15,2475000,1336,659,677
1128,21,15,2475100,1774,911,863
1129,21,15,2475200,467,242,225
1130,21,15,2475300,2645,1309,1336
1131,21,15,2475400,669,344,325
1132,21,15,2475500,281,135,146
1133,21,15,2475600,436,215,221
1134,21,15,2475700,358,186,172
1135,21,15,2475800,221,99,122
1136,21,15,2475900,2162,1117,1045
1137,21,15,2476000,87,45,42
1138,21,15,2476100,164,82,82
1139,21,15,2476200,1056,515,541
1140,21,15,2476300,2586,1260,1326
1141,21,15,2476400,90,45,45
1142,21,15,2476500,61,37,24
1143,21,15,2476600,70,34,36
1144,21,15,2476700,1061,543,518
1145,21,15,2476800,686,363,323
1146,21,15,2476900,2547,1287,1260
1147,21,15,2477000,102,50,52
1148,21,15,2477100,4397,2224,2173
1149,21,15,2477200,416,208,208
1150,21,15,2477300,4316,2162,2154
1151,21,15,2477400,0,0,0
1152,21,15,2477500,175,98,77
1153,21,15,2477600,3112,1566,1546
1154,21,15,2477700,1447,726,721
1155,21,15,2477800,4058,1947,2111
1156,21,15,2477900,28,9,19
1157,21,15,2478000,994,480,514
1158,21,15,2478100,411,201,210
1159,21,15,2478200,454,216,238
1160,21,15,2478300,1194,576,618
1161,21,15,2478400,2188,1039,1149
1162,21,15,2478500,359,184,175
1163,21,15,2478600,3145,1541,1604
1164,21,15,2478700,862,446,416
1165,21,15,2478800,3089,1509,1580
1166,21,15,2478900,272,142,130
1167,21,15,2479000,332,168,164
1168,21,15,2479100,921,453,468
1169,21,15,2479200,631,291,340
1170,21,15,2479300,37,18,19
1171,21,15,2479400,1777,886,891
1172,21,15,2479500,155,80,75
1173,21,15,2479600,658,294,364
1174,21,15,2479700,1029,553,476
1175,21,15,2479800,657,329,328
1176,21,15,2479900,0,0,0
1177,21,15,2480000,1314,652,662
1178,21,15,2480100,1019,508,511
1179,21,15,2480200,2160,1074,1086
1180,21,15,2480300,366,184,182
1181,21,15,2480400,501,249,252
1182,21,15,2480500,334,166,168
1183,21,15,2480600,2317,1150,1167
1184,21,15,2480700,349,179,170
1185,21,15,2480800,22,12,10
1186,21,15,2480900,325,159,166
1187,21,15,2481000,1355,670,685
1188,21,15,2481100,259,132,127
1189,21,15,2481200,8,4,4
1190,21,15,2481300,5049,2581,2468
1191,21,15,2481400,933,485,448
1192,21,15,2481500,2097,1072,1025
1193,21,15,2481600,118,68,50
1194,21,15,2481700,970,501,469
1195,21,15,2481800,464,239,225
1196,21,15,2481900,99,55,44
1197,21,15,2482000,1036,537,499
1198,21,15,2482100,1315,672,643
1199,21,15,2482200,556,293,263
1200,21,15,2482300,373,204,169
1201,21,15,2482400,1043,508,535
1202,21,15,2482500,1486,749,737
1203,21,15,2482600,87,44,43
1204,21,15,2482700,903,458,445
1205,21,15,2482800,158,77,81
1206,21,15,2482900,481,239,242
1207,21,15,2483000,757,391,366
1208,21,15,2483100,969,503,466
1209,21,15,2483200,269,131,138
1210,21,15,2483300,760,370,390
1211,21,15,2483400,887,431,456
1212,21,15,2483500,60,29,31
1213,21,15,2483600,1470,703,767
1214,21,15,2483700,0,0,0
1215,21,15,2483800,688,341,347
1216,21,15,2483900,159,73,86
1217,21,15,2484000,307,157,150
1218,21,15,2484100,533,269,264
1219,21,15,2484200,313,157,156
1220,21,15,2484300,534,270,264
1221,21,15,2484400,1033,517,516
1222,21,15,2484500,1,1,0
1223,21,15,2484600,527,256,271
1224,21,15,2484700,93,46,47
1225,21,15,2484800,240,123,117
1226,21,15,2484900,609,318,291
1227,21,15,2485000,933,468,465
1228,21,15,2485100,1731,863,868
1229,21,15,2485200,727,347,380
1230,21,15,2485300,280,148,132
1231,21,15,2485400,681,345,336
1232,21,15,2485500,178,114,64
1233,21,15,2485600,38,20,18
1234,21,15,2485700,1986,1039,947
1235,21,15,2485800,299,162,137
1236,21,15,2485900,1597,823,774
1237,21,15,2486000,1688,860,828
1238,21,15,2486100,35,19,16
1239,21,15,2486200,260,131,129
1240,21,15,2486300,6525,3302,3223
1241,21,15,2486400,1657,828,829
1242,21,15,2486500,1206,619,587
1243,21,15,2486600,1345,694,651
1244,21,15,2486700,1082,537,545
1245,21,15,2486800,591,317,274
1246,21,15,2486900,283,138,145
1247,21,15,2487000,1121,561,560
1248,21,15,2487100,613,298,315
1249,21,15,2487200,2,2,0
1250,21,15,2487300,100,52,48
1251,21,15,2487400,2469,1270,1199
1252,21,15,2487500,911,486,425
1253,21,15,2487600,69,37,32
1254,21,15,2487700,1069,552,517
1255,21,15,2487800,2462,1263,1199
1256,21,15,2487900,0,0,0
1257,21,15,2488000,597,301,296
1258,21,15,2488100,4015,2045,1970
1259,21,15,2488200,1917,951,966
1260,21,15,2488300,2348,1163,1185
1261,21,15,2488400,3427,1770,1657
1262,21,15,2488500,2557,1291,1266
1263,21,15,2488600,2089,1097,992
1264,21,15,2488700,52,25,27
1265,21,15,2488800,1860,983,877
1266,21,15,2488900,265,165,100
1267,21,15,2489000,6182,3154,3028
1268,21,15,2489100,173,98,75
1269,21,15,2489200,0,0,0
1270,21,15,2489300,83,46,37
1271,21,15,2489400,14,8,6
1272,21,15,2489500,0,0,0
1273,21,15,2489600,0,0,0
1274,21,15,2489700,2253,1154,1099
1275,21,15,2489800,0,0,0
1276,21,15,2489900,1046,538,508
1277,21,15,2490000,0,0,0
1278,21,15,2490100,3467,1727,1740
1279,21,15,2490200,1473,731,742
1280,21,15,2490300,281,143,138
1281,21,15,2490400,808,416,392
1282,21,15,2490500,208,110,98
1283,21,15,2490600,155,89,66
1284,21,15,2490700,253,146,107
1285,21,15,2490800,970,502,468
1286,21,15,2490900,496,265,231
1287,21,15,2491000,1660,845,815
1288,21,15,2491100,1640,839,801
1289,21,15,2491200,189,88,101
1290,21,15,2491300,1018,501,517
1291,21,15,2491400,1441,724,717
1292,21,15,2491500,805,399,406
1293,21,15,2491600,154,71,83
1294,21,15,2491700,146,73,73
1295,21,15,2491800,22,6,16
1296,21,15,2491900,770,393,377
1297,21,15,2492000,16,8,8
1298,21,15,2492100,814,432,382
1299,21,15,2492200,352,179,173
1300,21,15,2492300,4468,2246,2222
1301,21,15,2492400,683,349,334
1302,21,15,2492500,2337,1198,1139
1303,21,15,2492600,0,0,0
1304,21,15,2492700,285,144,141
1305,21,15,2492800,2,2,0
1306,21,15,2492900,663,340,323
1307,21,15,2493000,0,0,0
1308,21,15,2493100,239,121,118
1309,21,15,2493200,2646,1391,1255
1310,21,15,2493300,914,487,427
1311,21,15,2493400,6097,3153,2944
1312,21,15,2493500,256,124,132
1313,21,15,2493600,1327,671,656
1314,21,15,2493700,1993,1010,983
1315,21,15,2493800,294,143,151
1316,21,15,2493900,0,0,0
1317,21,15,2494000,0,0,0
1318,21,15,2494100,1000,510,490
1319,21,15,2494200,371,179,192
1320,21,15,2494300,381,199,182
1321,21,15,2494400,795,384,411
1322,21,15,2494500,60,27,33
1323,21,15,2494600,212,108,104
1324,21,15,2494700,427,215,212
1325,21,15,2494800,33,14,19
1326,21,15,2494900,127,59,68
1327,21,15,2495000,204,108,96
1328,21,15,2495100,197,101,96
1329,21,15,2495200,184,94,90
1330,21,15,2495300,158,83,75
1331,21,15,2495400,23,9,14
1332,21,15,2495500,0,0,0
1333,21,15,2495600,509,259,250
1334,21,15,2495700,377,177,200
1335,21,15,2495800,639,312,327
1336,21,15,2495900,469,231,238
1337,21,15,2496000,0,0,0
1338,21,15,2496100,73,36,37
1339,21,15,2496200,126,63,63
1340,21,15,2496300,0,0,0
1341,21,15,2496400,70,38,32
1342,21,15,2496500,380,188,192
1343,21,15,2496600,275,134,141
1344,21,15,2496700,1195,598,597
1345,21,15,2496800,91,44,47
1346,21,15,2496900,680,352,328
1347,21,15,2497000,1088,646,442
1348,21,15,2497100,59,29,30
1349,21,15,2497200,763,387,376
1350,21,15,2497300,0,0,0
1351,21,15,2497400,280,134,146
1352,21,15,2497500,212,103,109
1353,21,15,2497600,248,121,127
1354,21,15,2497700,876,463,413
1355,21,15,2497800,422,208,214
1356,21,15,2497900,583,316,267
1357,21,15,2498000,132,68,64
1358,21,15,2498100,353,176,177
1359,21,15,2498200,105,59,46
1360,21,15,2498300,123,61,62
1361,21,15,2498400,287,155,132
1362,21,15,2498500,240,115,125
1363,21,15,2498600,917,466,451
1364,21,15,2498700,459,229,230
1365,21,15,2498800,132,66,66
1366,21,15,2498900,2182,1141,1041
1367,21,15,2499000,0,0,0
1368,21,15,2499100,2,1,1
1369,21,15,2499200,66,33,33
1370,21,15,2499300,519,266,253
1371,21,15,2499400,0,0,0
1372,21,15,2499500,1566,819,747
1373,21,15,2499600,130,68,62
1374,21,15,2499700,605,266,339
1375,21,15,2499800,603,285,318
1376,21,15,2499900,496,253,243
1377,21,15,2500000,781,403,378
1378,21,15,2500100,1680,872,808
1379,21,15,2500200,367,191,176
1380,21,15,2500300,2418,1343,1075
1381,21,15,2500400,420,207,213
1382,21,15,2500500,406,202,204
1383,21,15,2500600,3063,1591,1472
1384,21,15,2500700,271,134,137
1385,21,15,2500800,690,352,338
1386,21,15,2500900,368,194,174
1387,21,15,2501000,2568,1261,1307
1388,21,15,2501100,865,432,433
1389,21,15,2501200,651,317,334
1390,21,15,2501300,416,212,204
1391,21,15,2501400,476,232,244
1392,21,15,2501500,0,0,0
1393,21,15,2501600,871,430,441
1394,21,15,2501700,382,188,194
1395,21,15,2501800,0,0,0
1396,21,15,2501900,1045,518,527
1397,21,15,2502000,479,247,232
1398,21,15,2502100,738,369,369
1399,21,15,2502200,602,294,308
1400,21,15,2502300,370,188,182
1401,21,15,2502400,503,266,237
1402,21,15,2502500,1383,714,669
1403,21,15,2502600,904,447,457
1404,21,15,2502700,19,9,10
1405,21,15,2502800,0,0,0
1406,21,15,2502900,602,303,299
1407,21,15,2503000,519,245,274
1408,21,15,2503100,167,72,95
1409,21,15,2503200,605,304,301
1410,21,15,2503300,876,409,467
1411,21,15,2503400,567,285,282
1412,21,15,2503500,202,110,92
1413,21,15,2503600,1118,556,562
1414,21,15,2503700,1137,556,581
1415,21,15,2503800,1100,544,556
1416,21,15,2503900,144,69,75
1417,21,15,2504000,82,41,41
1418,21,15,2504100,388,187,201
1419,21,15,2504200,1538,798,740
1420,21,15,2504300,2004,1012,992
1421,21,15,2504400,717,367,350
1422,21,15,2504500,1300,669,631
1423,21,15,2504600,767,373,394
1424,21,15,2504700,244,116,128
1425,21,15,2504800,52,23,29
1426,21,15,2504900,310,163,147
1427,21,15,2505000,102,59,43
1428,21,15,2505100,437,218,219
1429,21,15,2505200,169,76,93
1430,21,15,2505300,60,26,34
1431,21,15,2505400,188,82,106
1432,21,15,2505500,520,262,258
1433,21,15,2505600,449,206,243
1434,21,15,2505700,487,249,238
1435,21,15,2505800,105,58,47
1436,21,15,2505900,574,275,299
1437,21,15,2506000,425,213,212
1438,21,15,2506100,412,213,199
1439,21,15,2506200,473,226,247
1440,21,15,2506300,391,206,185
1441,21,15,2506400,187,94,93
1442,21,15,2506500,449,230,219
1443,21,15,2506600,122,68,54
1444,21,15,2506700,1140,608,532
1445,21,15,2506800,0,0,0
1446,21,15,2506900,183,89,94
1447,21,15,2507000,88,40,48
1448,21,15,2507100,70,37,33
1449,21,15,2507200,0,0,0
1450,21,15,2507300,26,8,18
1451,21,15,2507400,46,33,13
1452,21,15,2507500,235,125,110
1453,21,15,2507600,77,41,36
1454,21,15,2507700,72,36,36
1455,21,15,2507800,175,87,88
1456,21,15,2507900,573,280,293
1457,21,15,2508000,55,29,26
1458,21,15,2508100,80,37,43
1459,21,15,2508200,434,216,218
1460,21,15,2508300,412,198,214
1461,21,15,2508400,1000,520,480
1462,21,15,2508500,184,89,95
1463,21,15,2508600,12,2,10
1464,21,15,2508700,12,4,8
1465,21,15,2508800,20,11,9
1466,21,15,2508900,1049,528,521
1467,21,15,2509000,271,140,131
1468,21,15,2509100,428,229,199
1469,21,15,2509200,1494,768,726
1470,21,15,2509300,46,23,23
1471,21,15,2509400,1055,532,523
1472,21,15,2509500,158,79,79
1473,21,15,2509600,223,113,110
1474,21,15,2509700,574,280,294
1475,21,15,2509800,380,206,174
1476,21,15,2509900,0,0,0
1477,21,15,2510000,307,163,144
1478,21,15,2510100,528,248,280
1479,21,15,2510200,362,194,168
1480,21,15,2510300,519,271,248
1481,21,15,2510400,178,93,85
1482,21,15,2510500,191,101,90
1483,21,15,2510600,204,91,113
1484,21,15,2510700,0,0,0
1485,21,15,2510800,861,408,453
1486,21,15,2510900,1358,698,660
1487,21,15,2511000,2585,1301,1284
1488,21,15,2511100,264,138,126
1489,21,15,2511200,732,369,363
1490,21,15,2511300,631,340,291
1491,21,15,2511400,12,2,10
1492,21,15,2511500,58,29,29
1493,21,15,2511600,204,110,94
1494,21,15,2511700,1859,940,919
1495,21,15,2511800,476,235,241
1496,21,15,2511900,506,263,243
1497,21,15,2512000,307,162,145
1498,21,15,2512100,191,102,89
1499,21,15,2512200,134,68,66
1500,21,15,2512300,653,341,312
1501,21,15,2512400,256,116,140
1502,21,15,2512500,981,488,493
1503,21,15,2512600,2393,1194,1199
1504,21,15,2512700,1702,872,830
1505,21,15,2512800,251,123,128
1506,21,15,2512900,459,226,233
1507,21,15,2513000,1058,550,508
1508,21,15,2513100,502,251,251
1509,21,15,2513200,479,247,232
1510,21,15,2513300,135,63,72
1511,21,15,2513400,173,89,84
1512,21,15,2513500,152,77,75
1513,21,15,2513600,254,124,130
1514,21,15,2513700,561,283,278
1515,21,15,2513800,559,277,282
1516,21,15,2513900,2311,1140,1171
1517,21,15,2514000,0,0,0
1518,21,15,2514100,239,116,123
1519,21,15,2514200,459,235,224
1520,21,15,2514300,191,100,91
1521,21,15,2514400,994,513,481
1522,21,15,2514500,769,395,374
1523,21,15,2514600,373,215,158
1524,21,15,2514700,288,144,144
1525,21,15,2514800,265,121,144
1526,21,15,2514900,110,57,53
1527,21,15,2515000,571,301,270
1528,21,15,2515100,255,138,117
1529,21,15,2515200,1572,769,803
1530,21,15,2515300,463,240,223
1531,21,15,2515400,344,180,164
1532,21,15,2515500,197,102,95
1533,21,15,2515600,299,157,142
1534,21,15,2515700,724,366,358
1535,21,15,2515800,229,124,105
1536,21,15,2515900,222,109,113
1537,21,15,2516000,835,414,421
1538,21,15,2516100,292,137,155
1539,21,15,2516200,724,342,382
1540,21,15,2516300,374,189,185
1541,21,15,2516400,54,26,28
1542,21,15,2516500,0,0,0
1543,21,15,2516600,635,309,326
1544,21,15,2516700,0,0,0
1545,21,15,2516800,60,28,32
1546,21,15,2516900,0,0,0
1547,21,15,2517000,379,180,199
1548,21,15,2517100,296,155,141
1549,21,15,2517200,711,360,351
1550,21,15,2517300,2318,1157,1161
1551,21,15,2517400,924,455,469
1552,21,15,2517500,66,35,31
1553,21,15,2517600,231,119,112
1554,21,15,2517700,0,0,0
1555,21,15,2517800,782,392,390
1556,21,15,2517900,273,126,147
1557,21,15,2518000,561,274,287
1558,21,15,2518100,785,383,402
1559,21,15,2518200,0,0,0
1560,21,15,2518300,264,126,138
1561,21,15,2518400,100,55,45
1562,21,15,2518500,774,403,371
1563,21,15,2518600,357,188,169
1564,21,15,2518700,152,76,76
1565,21,15,2518800,162,79,83
1566,21,15,2518900,0,0,0
1567,21,15,2519000,202,100,102
1568,21,15,2519100,49,26,23
1569,21,15,2519200,20,11,9
1570,21,15,2519300,0,0,0
1571,21,15,2519400,148,82,66
1572,21,15,2519500,351,166,185
1573,21,15,2519600,263,123,140
1574,21,15,2519700,174,78,96
1575,21,15,2519800,446,222,224
1576,21,15,2519900,994,469,525
1577,21,15,2520000,829,434,395
1578,21,15,2520100,0,0,0
1579,21,15,2520200,444,240,204
1580,21,15,2520300,734,377,357
1581,21,15,2520400,134,61,73
1582,21,15,2520500,87,41,46
1583,21,15,2520600,88,46,42
1584,21,15,2520700,231,121,110
1585,21,15,2520800,456,243,213
1586,21,15,2520900,275,146,129
1587,21,15,2521000,683,334,349
1588,21,15,2521100,368,174,194
1589,21,15,2521200,914,446,468
1590,21,15,2521300,0,0,0
1591,21,15,2521400,565,287,278
1592,21,15,2521500,149,77,72
1593,21,15,2521600,446,216,230
1594,21,15,2521700,768,380,388
1595,21,15,2521800,361,191,170
1596,21,15,2521900,345,167,178
1597,21,15,2522000,539,261,278
1598,21,15,2522100,573,291,282
1599,21,15,2522200,860,432,428
1600,21,15,2522300,304,134,170
1601,21,15,2522400,779,387,392
1602,21,15,2522500,336,168,168
1603,21,15,2522600,868,413,455
1604,21,15,2522700,1367,689,678
1605,21,15,2522800,920,465,455
1606,21,15,2522900,593,274,319
1607,21,15,2523000,545,269,276
1608,21,15,2523100,337,164,173
1609,21,15,2523200,185,90,95
1610,21,15,2523300,34,13,21
1611,21,15,2523400,0,0,0
1612,21,15,2523500,470,244,226
1613,21,15,2523600,0,0,0
1614,21,15,2523700,405,191,214
1615,21,15,2523800,480,243,237
1616,21,15,2523900,238,115,123
1617,21,15,2524000,245,106,139
1618,21,15,2524100,66,27,39
1619,21,15,2524200,22,12,10
1620,21,15,2524300,202,93,109
1621,21,15,2524400,542,256,286
1622,21,15,2524500,491,238,253
1623,21,15,2524600,155,84,71
1624,21,15,2524700,2004,989,1015
1625,21,15,2524800,361,184,177
1626,21,15,2524900,447,212,235
1627,21,15,2525000,251,116,135
1628,21,15,2525100,474,234,240
1629,21,15,2525200,0,0,0
1630,21,15,2525300,358,179,179
1631,21,15,2525400,449,222,227
1632,21,15,2525500,415,188,227
1633,21,15,2525600,442,242,200
1634,21,15,2525700,399,205,194
1635,21,15,2525800,682,348,334
1636,21,15,2525900,406,199,207
1637,21,15,2526000,680,312,368
1638,21,15,2526100,735,352,383
1639,21,15,2526200,253,116,137
1640,21,15,2526300,70,35,35
1641,21,15,2526400,319,186,133
1642,21,15,2526500,340,154,186
1643,21,15,2526600,593,282,311
1644,21,15,2526700,0,0,0
1645,21,15,2526800,0,0,0
1646,21,15,2526900,166,73,93
1647,21,15,2527000,273,143,130
1648,21,15,2527100,261,124,137
1649,21,15,2527200,180,92,88
1650,21,15,2527300,41,23,18
1651,21,15,2527400,310,146,164
1652,21,15,2527500,170,81,89
1653,21,15,2527600,142,77,65
1654,21,15,2527700,265,135,130
1655,21,15,2527800,325,167,158
1656,21,15,2527900,2551,1327,1224
1657,21,15,2528000,0,0,0
1658,21,15,2528100,124,70,54
1659,21,15,2528200,327,168,159
1660,21,15,2528300,259,135,124
1661,21,15,2528400,295,154,141
1662,21,15,2528500,316,158,158
1663,21,15,2528600,230,105,125
1664,21,15,2528700,827,399,428
1665,21,15,2528800,640,315,325
1666,21,15,2528900,132,68,64
1667,21,15,2529000,1114,517,597
1668,21,15,2529100,132,58,74
1669,21,15,2529200,860,422,438
1670,21,15,2529300,736,377,359
1671,21,15,2529400,143,76,67
1672,21,15,2529500,351,186,165
1673,21,15,2529600,520,260,260
1674,21,15,2529700,70,35,35
1675,21,15,2529800,517,256,261
1676,21,15,2529900,92,50,42
1677,21,15,2530000,1799,886,913
1678,21,15,2530100,383,195,188
1679,21,15,2530200,387,195,192
1680,21,15,2530300,522,269,253
1681,21,15,2530400,398,191,207
1682,21,15,2530500,1679,814,865
1683,21,15,2530600,0,0,0
1684,21,15,2530700,242,114,128
1685,21,15,2530800,245,110,135
1686,21,15,2530900,189,91,98
1687,21,15,2531000,492,234,258
1688,21,15,2531100,657,316,341
1689,21,15,2531200,617,329,288
1690,21,15,2531300,366,189,177
1691,21,15,2531400,437,212,225
1692,21,15,2531500,79,37,42
1693,21,15,2531600,284,148,136
1694,21,15,2531700,58,34,24
1695,21,15,2531800,0,0,0
1696,21,15,2531900,170,97,73
1697,21,15,2532000,334,154,180
1698,21,15,2532100,142,67,75
1699,21,15,2532200,164,83,81
1700,21,15,2532300,177,91,86
1701,21,15,2532400,152,68,84
1702,21,15,2532500,437,210,227
1703,21,15,2532600,345,185,160
1704,21,15,2532700,162,81,81
1705,21,15,2532800,235,119,116
1706,21,15,2532900,320,170,150
1707,21,15,2533000,445,220,225
1708,21,15,2533100,691,332,359
1709,21,15,2533200,208,106,102
1710,21,15,2533300,228,121,107
1711,21,15,2533400,691,349,342
1712,21,15,2533500,251,123,128
1713,21,15,2533600,45,19,26
1714,21,15,2533700,226,105,121
1715,21,15,2533800,371,179,192
1716,21,15,2533900,431,212,219
1717,21,15,2534000,641,318,323
1718,21,15,2534100,374,196,178
1719,21,15,2534200,245,127,118
1720,21,15,2534300,97,54,43
1721,21,15,2534400,156,79,77
1722,21,15,2534500,173,84,89
1723,21,15,2534600,190,87,103
1724,21,15,2534700,42,14,28
1725,21,15,2534800,0,0,0
1726,21,15,2534900,157,77,80
1727,21,15,2535000,2,2,0
1728,21,15,2535100,165,78,87
1729,21,15,2535200,87,37,50
1730,21,15,2535300,50,28,22
1731,21,15,2535400,635,307,328
1732,21,15,2535500,417,210,207
1733,21,15,2535600,505,255,250
1734,21,15,2535700,436,218,218
1735,21,15,2535800,174,88,86
1736,21,15,2535900,259,121,138
1737,21,15,2536000,0,0,0
1738,21,15,2536100,0,0,0
1739,21,15,2536200,0,0,0
1740,21,15,2536300,97,41,56
1741,21,15,2536400,222,111,111
1742,21,15,2536500,170,87,83
1743,21,15,2536600,253,124,129
1744,21,15,2536700,162,87,75
1745,21,15,2536800,119,58,61
1746,21,15,2536900,0,0,0
1747,21,15,2537000,45,16,29
1748,21,15,2537100,0,0,0
1749,21,15,2537200,318,162,156
1750,21,15,2537300,500,292,208
1751,21,15,2537400,696,378,318
1752,21,15,2537500,952,457,495
1753,21,15,2537600,294,125,169
1754,21,15,2537700,387,189,198
1755,21,15,2537800,41,18,23
1756,21,15,2537900,441,231,210
1757,21,15,2538000,372,186,186
1758,21,15,2538100,378,199,179
1759,21,15,2538200,484,244,240
1760,21,15,2538300,183,83,100
1761,21,15,2538400,73,46,27
1762,21,15,2538500,138,70,68
1763,21,15,2538600,0,0,0
1764,21,15,2538700,0,0,0
1765,21,15,2538800,238,116,122
1766,21,15,2538900,0,0,0
1767,21,15,2539000,473,251,222
1768,21,15,2539100,449,228,221
1769,21,15,2539200,33,30,3
1770,21,15,2539300,273,135,138
1771,21,15,2539400,0,0,0
1772,21,15,2539500,155,80,75
1773,21,15,2539600,205,103,102
1774,21,15,2539700,0,0,0
1775,21,15,2539800,0,0,0
1776,21,15,2539900,0,0,0
1777,21,15,2540000,264,132,132
1778,21,15,2540100,0,0,0
1779,21,15,2540200,260,141,119
1780,21,15,2540300,115,62,53
1781,21,15,2540400,387,202,185
1782,21,15,2540500,339,154,185
1783,21,15,2540600,0,0,0
1784,21,15,2540700,519,274,245
1785,21,15,2540800,731,369,362
1786,21,15,2540900,458,208,250
1787,21,15,2541000,713,368,345
1788,21,15,2541100,685,357,328
1789,21,15,2541200,329,157,172
1790,21,15,2541300,589,284,305
1791,21,15,2541400,177,82,95
1792,21,15,2541500,1243,642,601
1793,21,15,2541600,453,219,234
1794,21,15,2541700,556,283,273
1795,21,15,2541800,271,135,136
1796,21,15,2541900,69,34,35
1797,21,15,2542000,883,467,416
1798,21,15,2542100,1055,530,525
1799,21,15,2542200,1090,541,549
1800,21,15,2542300,116,55,61
1801,21,15,2542400,221,118,103
1802,21,15,2542500,449,227,222
1803,21,15,2542600,0,0,0
1804,21,15,2542700,737,359,378
1805,21,15,2542800,202,93,109
1806,21,15,2542900,29,12,17
1807,21,15,2543000,265,126,139
1808,21,15,2543100,159,83,76
1809,21,15,2543200,1291,662,629
1810,21,15,2543300,196,108,88
1811,21,15,2543400,412,201,211
1812,21,15,2543500,853,436,417
1813,21,15,2543600,0,0,0
1814,21,15,2543700,329,176,153
1815,21,15,2543800,952,470,482
1816,21,15,2543900,445,227,218
1817,21,15,2544000,293,163,130
1818,21,15,2544100,512,270,242
1819,21,15,2544200,561,274,287
1820,21,15,2544300,190,99,91
1821,21,15,2544400,871,430,441
1822,21,15,2544500,941,485,456
1823,21,15,2544600,1012,503,509
1824,21,15,2544700,0,0,0
1825,21,15,2544800,682,331,351
1826,21,15,2544900,38,22,16
1827,21,15,2545000,16,5,11
1828,21,15,2545100,864,441,423
1829,21,15,2545200,373,186,187
1830,21,15,2545300,480,239,241
1831,21,15,2545400,454,232,222
1832,21,15,2545500,802,396,406
1833,21,15,2545600,134,60,74
1834,21,15,2545700,16,8,8
1835,21,15,2545800,0,0,0
1836,21,15,2545900,501,240,261
1837,21,15,2546000,613,309,304
1838,21,15,2546100,0,0,0
1839,21,15,2546200,606,298,308
1840,21,15,2546300,0,0,0
1841,21,15,2546400,954,498,456
1842,21,15,2546500,1050,556,494
1843,21,15,2546600,284,148,136
1844,21,15,2546700,108,61,47
1845,21,15,2546800,396,206,190
1846,21,15,2546900,401,194,207
1847,21,15,2547000,164,87,77
1848,21,15,2547100,178,84,94
1849,21,15,2547200,298,142,156
1850,21,15,2547300,218,106,112
1851,21,15,2547400,291,152,139
1852,21,15,2547500,255,127,128
1853,21,15,2547600,98,47,51
1854,21,15,2547700,1034,520,514
1855,21,15,2547800,299,154,145
1856,21,15,2547900,195,102,93
1857,21,15,2548000,489,249,240
1858,21,15,2548100,29,17,12
1859,21,15,2548200,259,124,135
1860,21,15,2548300,240,125,115
1861,21,15,2548400,0,0,0
1862,21,15,2548500,22,11,11
1863,21,15,2548600,387,210,177
1864,21,15,2548700,198,92,106
1865,21,15,2548800,227,108,119
1866,21,15,2548900,933,464,469
1867,21,15,2549000,637,315,322
1868,21,15,2549100,69,35,34
1869,21,15,2549200,239,125,114
1870,21,15,2549300,930,486,444
1871,21,15,2549400,277,144,133
1872,21,15,2549500,124,70,54
1873,21,15,2549600,237,122,115
1874,21,15,2549700,895,456,439
1875,21,15,2549800,228,116,112
1876,21,15,2549900,1150,554,596
1877,21,15,2550000,175,93,82
1878,21,15,2550100,308,154,154
1879,21,15,2550200,38,14,24
1880,21,15,2550300,194,100,94
1881,21,15,2550400,990,513,477
1882,21,15,2550500,100,47,53
1883,21,15,2550600,1027,525,502
1884,21,15,2550700,55,28,27
1885,21,15,2550800,131,63,68
1886,21,15,2550900,54,23,31
1887,21,15,2551000,77,40,37
1888,21,15,2551100,0,0,0
1889,21,15,2551200,180,81,99
1890,21,15,2551300,154,66,88
1891,21,15,2551400,361,183,178
1892,21,15,2551500,971,480,491
1893,21,15,2551600,0,0,0
1894,21,15,2551700,0,0,0
1895,21,15,2551800,994,495,499
1896,21,15,2551900,335,176,159
1897,21,15,2552000,335,164,171
1898,21,15,2552100,178,84,94
1899,21,15,2552200,299,155,144
1900,21,15,2552300,11,4,7
1901,21,15,2552400,94,44,50
1902,21,15,2552500,239,125,114
1903,21,15,2552600,116,55,61
1904,21,15,2552700,336,163,173
1905,21,15,2552800,0,0,0
1906,21,15,2552900,807,367,440
1907,21,15,2553000,253,123,130
1908,21,15,2553100,178,87,91
1909,21,15,2553200,126,66,60
