,Statecode,Districtcode,VillageCode,Population,Males,Females
0,21,27,4470900,50,25,25
1,21,27,4471000,51,21,30
2,21,27,4471100,48,26,22
3,21,27,4471200,64,30,34
4,21,27,4471300,46,26,20
5,21,27,4471400,66,34,32
6,21,27,4471500,33,17,16
7,21,27,4471600,113,65,48
8,21,27,4471700,469,239,230
9,21,27,4471800,846,409,437
10,21,27,4471900,118,64,54
11,21,27,4472000,801,400,401
12,21,27,4472100,50,22,28
13,21,27,4472200,0,0,0
14,21,27,4472300,13,4,9
15,21,27,4472400,89,48,41
16,21,27,4472500,62,29,33
17,21,27,4472600,0,0,0
18,21,27,4472700,116,60,56
19,21,27,4472800,61,34,27
20,21,27,4472900,66,35,31
21,21,27,4473000,0,0,0
22,21,27,4473100,69,38,31
23,21,27,4473200,37,12,25
24,21,27,4473300,0,0,0
25,21,27,4473400,22,11,11
26,21,27,4473500,0,0,0
27,21,27,4473600,80,43,37
28,21,27,4473700,34,13,21
29,21,27,4473800,0,0,0
30,21,27,4473900,0,0,0
31,21,27,4474000,33,14,19
32,21,27,4474100,116,50,66
33,21,27,4474200,27,12,15
34,21,27,4474300,144,67,77
35,21,27,4474400,70,33,37
36,21,27,4474500,75,38,37
37,21,27,4474600,38,17,21
38,21,27,4474700,136,70,66
39,21,27,4474800,27,6,21
40,21,27,4474900,37,14,23
41,21,27,4475000,294,149,145
42,21,27,4475100,30,14,16
43,21,27,4475200,83,42,41
44,21,27,4475300,35,13,22
45,21,27,4475400,0,0,0
46,21,27,4475500,64,34,30
47,21,27,4475600,493,229,264
48,21,27,4475700,37,20,17
49,21,27,4475800,115,50,65
50,21,27,4475900,97,41,56
51,21,27,4476000,0,0,0
52,21,27,4476100,21,6,15
53,21,27,4476200,21,10,11
54,21,27,4476300,27,12,15
55,21,27,4476400,34,17,17
56,21,27,4476500,60,33,27
57,21,27,4476600,96,44,52
58,21,27,4476700,0,0,0
59,21,27,4476800,227,116,111
60,21,27,4476900,28,11,17
61,21,27,4477000,29,14,15
62,21,27,4477100,21,11,10
63,21,27,4477200,62,34,28
64,21,27,4477300,52,25,27
65,21,27,4477400,5,2,3
66,21,27,4477500,10,9,1
67,21,27,4477600,29,14,15
68,21,27,4477700,11,6,5
69,21,27,4477800,2,1,1
70,21,27,4477900,36,13,23
71,21,27,4478000,0,0,0
72,21,27,4478100,320,148,172
73,21,27,4478200,694,330,364
74,21,27,4478300,83,38,45
75,21,27,4478400,131,53,78
76,21,27,4478500,84,43,41
77,21,27,4478600,57,28,29
78,21,27,4478700,13,6,7
79,21,27,4478800,4,2,2
80,21,27,4478900,75,42,33
81,21,27,4479000,85,38,47
82,21,27,4479100,19,5,14
83,21,27,4479200,118,65,53
84,21,27,4479300,21,12,9
85,21,27,4479400,1,1,0
86,21,27,4479500,93,51,42
87,21,27,4479600,137,69,68
88,21,27,4479700,323,165,158
89,21,27,4479800,26,11,15
90,21,27,4479900,114,57,57
91,21,27,4480000,267,123,144
92,21,27,4480100,195,95,100
93,21,27,4480200,188,96,92
94,21,27,4480300,30,17,13
95,21,27,4480400,141,73,68
96,21,27,4480500,188,92,96
97,21,27,4480600,178,82,96
98,21,27,4480700,96,50,46
99,21,27,4480800,53,20,33
100,21,27,4480900,0,0,0
101,21,27,4481000,50,30,20
102,21,27,4481100,131,72,59
103,21,27,4481200,140,74,66
104,21,27,4481300,288,152,136
105,21,27,4481400,18,5,13
106,21,27,4481500,0,0,0
107,21,27,4481600,0,0,0
108,21,27,4481700,100,54,46
109,21,27,4481800,0,0,0
110,21,27,4481900,0,0,0
111,21,27,4482000,53,29,24
112,21,27,4482100,202,99,103
113,21,27,4482200,300,146,154
114,21,27,4482300,206,104,102
115,21,27,4482400,33,19,14
116,21,27,4482500,21,12,9
117,21,27,4482600,0,0,0
118,21,27,4482700,29,14,15
119,21,27,4482800,241,123,118
120,21,27,4482900,83,42,41
121,21,27,4483000,72,36,36
122,21,27,4483100,448,221,227
123,21,27,4483200,304,130,174
124,21,27,4483300,65,29,36
125,21,27,4483400,172,75,97
126,21,27,4483500,283,133,150
127,21,27,4483600,173,92,81
128,21,27,4483700,586,287,299
129,21,27,4483800,176,89,87
130,21,27,4483900,95,58,37
131,21,27,4484000,199,109,90
132,21,27,4484100,559,310,249
133,21,27,4484200,299,154,145
134,21,27,4484300,195,95,100
135,21,27,4484400,131,64,67
136,21,27,4484500,132,72,60
137,21,27,4484600,268,136,132
138,21,27,4484700,250,133,117
139,21,27,4484800,502,249,253
140,21,27,4484900,892,459,433
141,21,27,4485000,517,342,175
142,21,27,4485100,1886,988,898
143,21,27,4485200,3771,1936,1835
144,21,27,4485300,199,93,106
145,21,27,4485400,75,38,37
146,21,27,4485500,136,76,60
147,21,27,4485600,72,35,37
148,21,27,4485700,52,29,23
149,21,27,4485800,0,0,0
150,21,27,4485900,0,0,0
151,21,27,4486000,58,28,30
152,21,27,4486100,10,4,6
153,21,27,4486200,0,0,0
154,21,27,4486300,43,20,23
155,21,27,4486400,58,35,23
156,21,27,4486500,60,29,31
157,21,27,4486600,99,43,56
158,21,27,4486700,43,19,24
159,21,27,4486800,0,0,0
160,21,27,4486900,84,48,36
161,21,27,4487000,457,240,217
162,21,27,4487100,13,4,9
163,21,27,4487200,10,5,5
164,21,27,4487300,19,11,8
165,21,27,4487400,65,27,38
166,21,27,4487500,4,3,1
167,21,27,4487600,17,9,8
168,21,27,4487700,104,50,54
169,21,27,4487800,76,41,35
170,21,27,4487900,105,48,57
171,21,27,4488000,34,20,14
172,21,27,4488100,70,30,40
173,21,27,4488200,52,21,31
174,21,27,4488300,0,0,0
175,21,27,4488400,89,46,43
176,21,27,4488500,131,57,74
177,21,27,4488600,2,1,1
178,21,27,4488700,4054,2068,1986
179,21,27,4488800,392,208,184
180,21,27,4488900,237,123,114
181,21,27,4489000,425,202,223
182,21,27,4489100,576,290,286
183,21,27,4489200,53,27,26
184,21,27,4489300,0,0,0
185,21,27,4489400,319,152,167
186,21,27,4489500,120,51,69
187,21,27,4489600,160,77,83
188,21,27,4489700,0,0,0
189,21,27,4489800,0,0,0
190,21,27,4489900,221,109,112
191,21,27,4490000,82,36,46
192,21,27,4490100,0,0,0
193,21,27,4490200,85,44,41
194,21,27,4490300,215,107,108
195,21,27,4490400,590,302,288
196,21,27,4490500,131,65,66
197,21,27,4490600,147,73,74
198,21,27,4490700,57,30,27
199,21,27,4490800,12,3,9
200,21,27,4490900,0,0,0
201,21,27,4491000,20,10,10
202,21,27,4491100,0,0,0
203,21,27,4491200,95,38,57
204,21,27,4491300,181,90,91
205,21,27,4491400,122,54,68
206,21,27,4491500,105,45,60
207,21,27,4491600,0,0,0
208,21,27,4491700,34,11,23
209,21,27,4491800,48,20,28
210,21,27,4491900,104,52,52
211,21,27,4492000,0,0,0
212,21,27,4492100,194,85,109
213,21,27,4492200,106,45,61
214,21,27,4492300,22,11,11
215,21,27,4492400,169,80,89
216,21,27,4492500,184,91,93
217,21,27,4492600,54,27,27
218,21,27,4492700,130,60,70
219,21,27,4492800,124,60,64
220,21,27,4492900,11,5,6
221,21,27,4493000,215,110,105
222,21,27,4493100,57,27,30
223,21,27,4493200,461,268,193
224,21,27,4493300,248,125,123
225,21,27,4493400,1420,734,686
226,21,27,4493500,0,0,0
227,21,27,4493600,74,36,38
228,21,27,4493700,0,0,0
229,21,27,4493800,69,38,31
230,21,27,4493900,35,14,21
231,21,27,4494000,67,34,33
232,21,27,4494100,186,93,93
233,21,27,4494200,89,45,44
234,21,27,4494300,92,45,47
235,21,27,4494400,310,146,164
236,21,27,4494500,96,48,48
237,21,27,4494600,62,34,28
238,21,27,4494700,163,76,87
239,21,27,4494800,358,186,172
240,21,27,4494900,97,52,45
241,21,27,4495000,82,36,46
242,21,27,4495100,291,136,155
243,21,27,4495200,122,65,57
244,21,27,4495300,125,61,64
245,21,27,4495400,58,19,39
246,21,27,4495500,147,66,81
247,21,27,4495600,291,145,146
248,21,27,4495700,130,57,73
249,21,27,4495800,65,27,38
250,21,27,4495900,61,33,28
251,21,27,4496000,621,289,332
252,21,27,4496100,233,106,127
253,21,27,4496200,46,19,27
254,21,27,4496300,206,93,113
255,21,27,4496400,0,0,0
256,21,27,4496500,574,274,300
257,21,27,4496600,124,57,67
258,21,27,4496700,80,36,44
259,21,27,4496800,294,147,147
260,21,27,4496900,157,80,77
261,21,27,4497000,438,212,226
262,21,27,4497100,0,0,0
263,21,27,4497200,195,90,105
264,21,27,4497300,632,319,313
265,21,27,4497400,46,21,25
266,21,27,4497500,0,0,0
267,21,27,4497600,28,17,11
268,21,27,4497700,330,163,167
269,21,27,4497800,0,0,0
270,21,27,4497900,184,85,99
271,21,27,4498000,20,12,8
272,21,27,4498100,73,35,38
273,21,27,4498200,87,42,45
274,21,27,4498300,195,96,99
275,21,27,4498400,109,61,48
276,21,27,4498500,0,0,0
277,21,27,4498600,72,35,37
278,21,27,4498700,0,0,0
279,21,27,4498800,0,0,0
280,21,27,4498900,793,409,384
281,21,27,4499000,233,116,117
282,21,27,4499100,189,90,99
283,21,27,4499200,148,56,92
284,21,27,4499300,146,69,77
285,21,27,4499400,130,67,63
286,21,27,4499500,195,104,91
287,21,27,4499600,0,0,0
288,21,27,4499700,385,186,199
289,21,27,4499800,509,232,277
290,21,27,4499900,1282,709,573
291,21,27,4500000,170,83,87
292,21,27,4500100,0,0,0
293,21,27,4500200,235,124,111
294,21,27,4500300,41,20,21
295,21,27,4500400,259,123,136
296,21,27,4500500,506,248,258
297,21,27,4500600,385,203,182
298,21,27,4500700,138,73,65
299,21,27,4500800,330,149,181
300,21,27,4500900,193,92,101
301,21,27,4501000,137,76,61
302,21,27,4501100,131,60,71
303,21,27,4501200,215,97,118
304,21,27,4501300,144,67,77
305,21,27,4501400,26,13,13
306,21,27,4501500,351,162,189
307,21,27,4501600,859,426,433
308,21,27,4501700,9,3,6
309,21,27,4501800,462,218,244
310,21,27,4501900,56,28,28
311,21,27,4502000,367,188,179
312,21,27,4502100,113,56,57
313,21,27,4502200,271,125,146
314,21,27,4502300,267,129,138
315,21,27,4502400,423,206,217
316,21,27,4502500,232,109,123
317,21,27,4502600,503,248,255
318,21,27,4502700,703,352,351
319,21,27,4502800,0,0,0
320,21,27,4502900,590,323,267
321,21,27,4503000,157,82,75
322,21,27,4503100,113,53,60
323,21,27,4503200,109,52,57
324,21,27,4503300,13,9,4
325,21,27,4503400,104,58,46
326,21,27,4503500,503,252,251
327,21,27,4503600,80,37,43
328,21,27,4503700,0,0,0
329,21,27,4503800,0,0,0
330,21,27,4503900,38,17,21
331,21,27,4504000,0,0,0
332,21,27,4504100,0,0,0
333,21,27,4504200,83,36,47
334,21,27,4504300,19,6,13
335,21,27,4504400,92,37,55
336,21,27,4504500,81,44,37
337,21,27,4504600,0,0,0
338,21,27,4504700,383,173,210
339,21,27,4504800,391,175,216
340,21,27,4504900,36,14,22
341,21,27,4505000,288,146,142
342,21,27,4505100,0,0,0
343,21,27,4505200,900,423,477
344,21,27,4505300,674,317,357
345,21,27,4505400,145,76,69
346,21,27,4505500,212,99,113
347,21,27,4505600,709,346,363
348,21,27,4505700,139,70,69
349,21,27,4505800,76,35,41
350,21,27,4505900,244,112,132
351,21,27,4506000,136,65,71
352,21,27,4506100,946,464,482
353,21,27,4506200,1717,901,816
354,21,27,4506300,0,0,0
355,21,27,4506400,208,104,104
356,21,27,4506500,1288,656,632
357,21,27,4506600,153,81,72
358,21,27,4506700,444,239,205
359,21,27,4506800,316,164,152
360,21,27,4506900,225,112,113
361,21,27,4507000,570,282,288
362,21,27,4507100,52,29,23
363,21,27,4507200,395,195,200
364,21,27,4507300,64,34,30
365,21,27,4507400,80,35,45
366,21,27,4507500,45,25,20
367,21,27,4507600,106,52,54
368,21,27,4507700,83,42,41
369,21,27,4507800,131,64,67
370,21,27,4507900,85,35,50
371,21,27,4508000,0,0,0
372,21,27,4508100,287,136,151
373,21,27,4508200,0,0,0
374,21,27,4508300,290,144,146
375,21,27,4508400,450,223,227
376,21,27,4508500,77,37,40
377,21,27,4508600,132,70,62
378,21,27,4508700,107,62,45
379,21,27,4508800,355,162,193
380,21,27,4508900,41,26,15
381,21,27,4509000,342,170,172
382,21,27,4509100,46,33,13
383,21,27,4509200,268,123,145
384,21,27,4509300,216,100,116
385,21,27,4509400,58,29,29
386,21,27,4509500,121,66,55
387,21,27,4509600,48,13,35
388,21,27,4509700,11,5,6
389,21,27,4509800,1388,674,714
390,21,27,4509900,208,100,108
391,21,27,4510000,25,6,19
392,21,27,4510100,164,84,80
393,21,27,4510200,289,140,149
394,21,27,4510300,105,51,54
395,21,27,4510400,495,209,286
396,21,27,4510500,2837,1490,1347
397,21,27,4510600,145,73,72
398,21,27,4510700,82,38,44
399,21,27,4510800,171,76,95
400,21,27,4510900,120,62,58
401,21,27,4511000,0,0,0
402,21,27,4511100,227,106,121
403,21,27,4511200,0,0,0
404,21,27,4511300,0,0,0
405,21,27,4511400,132,56,76
406,21,27,4511500,91,43,48
407,21,27,4511600,846,541,305
408,21,27,4511700,121,58,63
409,21,27,4511800,18,6,12
410,21,27,4511900,178,95,83
411,21,27,4512000,186,84,102
412,21,27,4512100,417,202,215
413,21,27,4512200,393,197,196
414,21,27,4512300,17,9,8
415,21,27,4512400,54,30,24
416,21,27,4512500,267,129,138
417,21,27,4512600,339,178,161
418,21,27,4512700,36,18,18
419,21,27,4512800,160,74,86
420,21,27,4512900,5,2,3
421,21,27,4513000,77,33,44
422,21,27,4513100,44,21,23
423,21,27,4513200,156,80,76
424,21,27,4513300,350,181,169
425,21,27,4513400,100,54,46
426,21,27,4513500,5,3,2
427,21,27,4513600,417,213,204
428,21,27,4513700,128,61,67
429,21,27,4513800,313,140,173
430,21,27,4513900,17,6,11
431,21,27,4514000,1028,504,524
432,21,27,4514100,348,179,169
433,21,27,4514200,384,184,200
434,21,27,4514300,527,242,285
435,21,27,4514400,915,427,488
436,21,27,4514500,107,50,57
437,21,27,4514600,474,221,253
438,21,27,4514700,123,57,66
439,21,27,4514800,513,247,266
440,21,27,4514900,788,378,410
441,21,27,4515000,184,93,91
442,21,27,4515100,20,6,14
443,21,27,4515200,95,46,49
444,21,27,4515300,567,297,270
445,21,27,4515400,160,66,94
446,21,27,4515500,46,26,20
447,21,27,4515600,77,33,44
448,21,27,4515700,116,53,63
449,21,27,4515800,92,30,62
450,21,27,4515900,10,3,7
451,21,27,4516000,0,0,0
452,21,27,4516100,81,41,40
453,21,27,4516200,0,0,0
454,21,27,4516300,66,33,33
455,21,27,4516400,578,256,322
456,21,27,4516500,70,28,42
457,21,27,4516600,204,89,115
458,21,27,4516700,472,194,278
459,21,27,4516800,360,146,214
460,21,27,4516900,148,56,92
461,21,27,4517000,234,81,153
462,21,27,4517100,697,334,363
463,21,27,4517200,178,54,124
464,21,27,4517300,22,10,12
465,21,27,4517400,191,91,100
466,21,27,4517500,0,0,0
467,21,27,4517600,1140,557,583
468,21,27,4517700,2178,1039,1139
469,21,27,4517800,8085,4160,3925
470,21,27,4517900,1943,965,978
471,21,27,4518000,133,66,67
472,21,27,4518100,3714,1870,1844
473,21,27,4518200,360,133,227
474,21,27,4518300,243,116,127
475,21,27,4518400,379,188,191
476,21,27,4518500,14,5,9
477,21,27,4518600,620,292,328
478,21,27,4518700,112,50,62
479,21,27,4518800,0,0,0
480,21,27,4518900,0,0,0
481,21,27,4519000,609,312,297
482,21,27,4519100,58,29,29
483,21,27,4519200,41,14,27
484,21,27,4519300,275,132,143
485,21,27,4519400,448,231,217
486,21,27,4519500,247,125,122
487,21,27,4519600,565,284,281
488,21,27,4519700,943,477,466
489,21,27,4519800,51,25,26
490,21,27,4519900,84,38,46
491,21,27,4520000,506,256,250
492,21,27,4520100,1385,696,689
493,21,27,4520200,607,319,288
494,21,27,4520300,425,206,219
495,21,27,4520400,1631,797,834
496,21,27,4520500,693,336,357
497,21,27,4520600,131,74,57
498,21,27,4520700,597,295,302
499,21,27,4520800,528,260,268
500,21,27,4520900,0,0,0
501,21,27,4521000,72,33,39
502,21,27,4521100,138,67,71
503,21,27,4521200,213,110,103
504,21,27,4521300,258,129,129
505,21,27,4521400,212,99,113
506,21,27,4521500,113,56,57
507,21,27,4521600,87,42,45
508,21,27,4521700,362,157,205
509,21,27,4521800,70,36,34
510,21,27,4521900,5,4,1
511,21,27,4522000,1799,1007,792
512,21,27,4522100,320,156,164
513,21,27,4522200,0,0,0
514,21,27,4522300,92,50,42
515,21,27,4522400,170,76,94
516,21,27,4522500,73,33,40
517,21,27,4522600,0,0,0
518,21,27,4522700,436,223,213
519,21,27,4522800,66,34,32
520,21,27,4522900,314,163,151
521,21,27,4523000,12,5,7
522,21,27,4523100,141,77,64
523,21,27,4523200,64,34,30
524,21,27,4523300,124,60,64
525,21,27,4523400,244,114,130
526,21,27,4523500,85,48,37
527,21,27,4523600,21,10,11
528,21,27,4523700,370,193,177
529,21,27,4523800,105,60,45
530,21,27,4523900,17,9,8
531,21,27,4524000,876,457,419
532,21,27,4524100,248,138,110
533,21,27,4524200,172,81,91
534,21,27,4524300,61,33,28
535,21,27,4524400,113,57,56
536,21,27,4524500,377,194,183
537,21,27,4524600,161,85,76
538,21,27,4524700,87,41,46
539,21,27,4524800,80,36,44
540,21,27,4524900,546,282,264
541,21,27,4525000,343,189,154
542,21,27,4525100,74,43,31
543,21,27,4525200,204,97,107
544,21,27,4525300,250,116,134
545,21,27,4525400,200,104,96
546,21,27,4525500,385,192,193
547,21,27,4525600,684,336,348
548,21,27,4525700,100,50,50
549,21,27,4525800,295,152,143
550,21,27,4525900,310,161,149
551,21,27,4526000,161,66,95
552,21,27,4526100,319,161,158
553,21,27,4526200,45,22,23
554,21,27,4526300,210,96,114
555,21,27,4526400,356,184,172
556,21,27,4526500,101,60,41
557,21,27,4526600,125,62,63
558,21,27,4526700,399,191,208
559,21,27,4526800,215,106,109
560,21,27,4526900,118,60,58
561,21,27,4527000,96,45,51
562,21,27,4527100,9,4,5
563,21,27,4527200,100,50,50
564,21,27,4527300,112,56,56
565,21,27,4527400,313,157,156
566,21,27,4527500,0,0,0
567,21,27,4527600,114,61,53
568,21,27,4527700,291,156,135
569,21,27,4527800,136,70,66
570,21,27,4527900,38,25,13
571,21,27,4528000,132,70,62
572,21,27,4528100,67,41,26
573,21,27,4528200,131,67,64
574,21,27,4528300,44,26,18
575,21,27,4528400,92,52,40
576,21,27,4528500,85,37,48
577,21,27,4528600,67,30,37
578,21,27,4528700,195,107,88
579,21,27,4528800,65,35,30
580,21,27,4528900,0,0,0
581,21,27,4529000,0,0,0
582,21,27,4529100,642,311,331
583,21,27,4529200,447,209,238
584,21,27,4529300,115,60,55
585,21,27,4529400,77,44,33
586,21,27,4529500,181,87,94
587,21,27,4529600,41,22,19
588,21,27,4529700,45,21,24
589,21,27,4529800,75,41,34
590,21,27,4529900,93,41,52
591,21,27,4530000,320,161,159
592,21,27,4530100,33,13,20
593,21,27,4530200,155,69,86
594,21,27,4530300,106,52,54
595,21,27,4530400,173,89,84
596,21,27,4530500,51,21,30
597,21,27,4530600,0,0,0
598,21,27,4530700,180,89,91
599,21,27,4530800,967,479,488
600,21,27,4530900,234,140,94
601,21,27,4531000,22,13,9
602,21,27,4531100,181,90,91
603,21,27,4531200,179,87,92
604,21,27,4531300,302,152,150
605,21,27,4531400,128,56,72
606,21,27,4531500,386,193,193
607,21,27,4531600,99,50,49
608,21,27,4531700,298,164,134
609,21,27,4531800,233,109,124
610,21,27,4531900,173,84,89
611,21,27,4532000,129,61,68
612,21,27,4532100,208,92,116
613,21,27,4532200,156,83,73
614,21,27,4532300,191,107,84
615,21,27,4532400,0,0,0
616,21,27,4532500,129,67,62
617,21,27,4532600,35,19,16
618,21,27,4532700,215,73,142
619,21,27,4532800,251,114,137
620,21,27,4532900,442,189,253
621,21,27,4533000,129,61,68
622,21,27,4533100,558,258,300
623,21,27,4533200,426,212,214
624,21,27,4533300,209,93,116
625,21,27,4533400,252,137,115
626,21,27,4533500,766,358,408
627,21,27,4533600,605,297,308
628,21,27,4533700,0,0,0
629,21,27,4533800,241,110,131
630,21,27,4533900,2016,1004,1012
631,21,27,4534000,200,84,116
632,21,27,4534100,377,172,205
633,21,27,4534200,518,248,270
634,21,27,4534300,727,352,375
635,21,27,4534400,329,170,159
636,21,27,4534500,276,133,143
637,21,27,4534600,264,128,136
638,21,27,4534700,260,162,98
639,21,27,4534800,0,0,0
640,21,27,4534900,167,80,87
641,21,27,4535000,310,146,164
642,21,27,4535100,17,6,11
643,21,27,4535200,178,87,91
644,21,27,4535300,385,181,204
645,21,27,4535400,193,92,101
646,21,27,4535500,192,93,99
647,21,27,4535600,131,70,61
648,21,27,4535700,194,101,93
649,21,27,4535800,56,25,31
650,21,27,4535900,243,125,118
651,21,27,4536000,28,14,14
652,21,27,4536100,342,179,163
653,21,27,4536200,175,83,92
654,21,27,4536300,116,51,65
655,21,27,4536400,137,64,73
656,21,27,4536500,311,163,148
657,21,27,4536600,0,0,0
658,21,27,4536700,199,92,107
659,21,27,4536800,0,0,0
660,21,27,4536900,289,157,132
661,21,27,4537000,225,106,119
662,21,27,4537100,72,34,38
663,21,27,4537200,274,132,142
664,21,27,4537300,330,169,161
665,21,27,4537400,48,26,22
666,21,27,4537500,146,87,59
667,21,27,4537600,154,75,79
668,21,27,4537700,406,197,209
669,21,27,4537800,180,97,83
670,21,27,4537900,1061,509,552
671,21,27,4538000,305,146,159
672,21,27,4538100,281,138,143
673,21,27,4538200,104,42,62
674,21,27,4538300,167,84,83
675,21,27,4538400,193,91,102
676,21,27,4538500,308,153,155
677,21,27,4538600,130,70,60
678,21,27,4538700,231,110,121
679,21,27,4538800,518,233,285
680,21,27,4538900,180,92,88
681,21,27,4539000,96,43,53
682,21,27,4539100,97,42,55
683,21,27,4539200,57,25,32
684,21,27,4539300,480,170,310
685,21,27,4539400,1733,784,949
686,21,27,4539500,1049,485,564
687,21,27,4539600,332,160,172
688,21,27,4539700,163,77,86
689,21,27,4539800,273,161,112
690,21,27,4539900,477,201,276
691,21,27,4540000,185,83,102
692,21,27,4540100,322,141,181
693,21,27,4540200,48,21,27
694,21,27,4540300,173,72,101
695,21,27,4540400,72,30,42
696,21,27,4540500,112,56,56
697,21,27,4540600,41,14,27
698,21,27,4540700,139,66,73
699,21,27,4540800,255,128,127
700,21,27,4540900,0,0,0
701,21,27,4541000,12,5,7
702,21,27,4541100,77,34,43
703,21,27,4541200,401,193,208
704,21,27,4541300,115,54,61
705,21,27,4541400,542,242,300
706,21,27,4541500,221,101,120
707,21,27,4541600,5,2,3
708,21,27,4541700,282,144,138
709,21,27,4541800,21,6,15
710,21,27,4541900,402,180,222
711,21,27,4542000,171,82,89
712,21,27,4542100,379,189,190
713,21,27,4542200,204,109,95
714,21,27,4542300,411,199,212
715,21,27,4542400,0,0,0
716,21,27,4542500,170,80,90
717,21,27,4542600,85,44,41
718,21,27,4542700,1483,766,717
719,21,27,4542800,91,43,48
720,21,27,4542900,0,0,0
721,21,27,4543000,181,85,96
722,21,27,4543100,259,133,126
723,21,27,4543200,124,57,67
724,21,27,4543300,313,153,160
725,21,27,4543400,752,378,374
726,21,27,4543500,172,85,87
727,21,27,4543600,210,118,92
728,21,27,4543700,20,12,8
729,21,27,4543800,356,165,191
730,21,27,4543900,163,72,91
731,21,27,4544000,382,221,161
732,21,27,4544100,487,248,239
733,21,27,4544200,140,73,67
734,21,27,4544300,197,84,113
735,21,27,4544400,208,100,108
736,21,27,4544500,202,90,112
737,21,27,4544600,186,84,102
738,21,27,4544700,0,0,0
739,21,27,4544800,234,120,114
740,21,27,4544900,0,0,0
741,21,27,4545000,186,93,93
742,21,27,4545100,0,0,0
743,21,27,4545200,0,0,0
744,21,27,4545300,169,73,96
745,21,27,4545400,351,171,180
746,21,27,4545500,137,54,83
747,21,27,4545600,51,22,29
748,21,27,4545700,0,0,0
749,21,27,4545800,291,155,136
750,21,27,4545900,106,46,60
751,21,27,4546000,249,130,119
752,21,27,4546100,146,75,71
753,21,27,4546200,82,45,37
754,21,27,4546300,257,130,127
755,21,27,4546400,58,22,36
756,21,27,4546500,99,42,57
757,21,27,4546600,34,14,20
758,21,27,4546700,284,147,137
759,21,27,4546800,263,129,134
760,21,27,4546900,282,145,137
761,21,27,4547000,0,0,0
762,21,27,4547100,563,259,304
763,21,27,4547200,1121,641,480
764,21,27,4547300,0,0,0
765,21,27,4547400,25,9,16
766,21,27,4547500,74,38,36
767,21,27,4547600,149,62,87
768,21,27,4547700,0,0,0
769,21,27,4547800,216,103,113
770,21,27,4547900,130,67,63
771,21,27,4548000,436,213,223
772,21,27,4548100,227,90,137
773,21,27,4548200,114,57,57
774,21,27,4548300,152,69,83
775,21,27,4548400,85,43,42
776,21,27,4548500,312,169,143
777,21,27,4548600,355,176,179
778,21,27,4548700,121,62,59
779,21,27,4548800,641,300,341
780,21,27,4548900,1306,715,591
781,21,27,4549000,914,450,464
782,21,27,4549100,106,45,61
783,21,27,4549200,1053,488,565
784,21,27,4549300,2855,1395,1460
785,21,27,4549400,284,125,159
786,21,27,4549500,263,120,143
787,21,27,4549600,115,44,71
788,21,27,4549700,0,0,0
789,21,27,4549800,21,11,10
790,21,27,4549900,640,299,341
791,21,27,4550000,141,69,72
792,21,27,4550100,1228,602,626
793,21,27,4550200,317,145,172
794,21,27,4550300,741,351,390
795,21,27,4550400,0,0,0
796,21,27,4550500,356,155,201
797,21,27,4550600,590,272,318
798,21,27,4550700,0,0,0
799,21,27,4550800,628,302,326
800,21,27,4550900,149,80,69
801,21,27,4551000,311,161,150
802,21,27,4551100,272,138,134
803,21,27,4551200,233,103,130
804,21,27,4551300,295,140,155
805,21,27,4551400,258,110,148
806,21,27,4551500,54,22,32
807,21,27,4551600,257,136,121
808,21,27,4551700,276,133,143
809,21,27,4551800,189,82,107
810,21,27,4551900,280,122,158
811,21,27,4552000,465,250,215
812,21,27,4552100,0,0,0
813,21,27,4552200,208,90,118
814,21,27,4552300,312,155,157
815,21,27,4552400,360,184,176
816,21,27,4552500,191,97,94
817,21,27,4552600,773,387,386
818,21,27,4552700,133,67,66
819,21,27,4552800,674,319,355
820,21,27,4552900,630,283,347
821,21,27,4553000,147,72,75
822,21,27,4553100,89,52,37
823,21,27,4553200,530,240,290
824,21,27,4553300,264,136,128
825,21,27,4553400,606,303,303
826,21,27,4553500,313,153,160
827,21,27,4553600,0,0,0
828,21,27,4553700,522,240,282
829,21,27,4553800,489,229,260
830,21,27,4553900,655,295,360
831,21,27,4554000,529,235,294
832,21,27,4554100,0,0,0
833,21,27,4554200,251,100,151
834,21,27,4554300,219,99,120
835,21,27,4554400,77,34,43
836,21,27,4554500,769,356,413
837,21,27,4554600,816,376,440
838,21,27,4554700,446,194,252
839,21,27,4554800,0,0,0
840,21,27,4554900,181,89,92
841,21,27,4555000,329,148,181
842,21,27,4555100,157,61,96
843,21,27,4555200,342,157,185
844,21,27,4555300,623,299,324
845,21,27,4555400,229,112,117
846,21,27,4555500,645,418,227
847,21,27,4555600,38,18,20
848,21,27,4555700,181,87,94
849,21,27,4555800,272,124,148
850,21,27,4555900,212,107,105
851,21,27,4556000,350,167,183
852,21,27,4556100,394,185,209
853,21,27,4556200,337,193,144
854,21,27,4556300,212,97,115
855,21,27,4556400,267,115,152
856,21,27,4556500,206,95,111
857,21,27,4556600,761,371,390
858,21,27,4556700,518,224,294
859,21,27,4556800,138,67,71
860,21,27,4556900,181,89,92
861,21,27,4557000,741,362,379
862,21,27,4557100,0,0,0
863,21,27,4557200,199,96,103
864,21,27,4557300,251,120,131
865,21,27,4557400,0,0,0
866,21,27,4557500,66,37,29
867,21,27,4557600,133,69,64
868,21,27,4557700,464,209,255
869,21,27,4557800,320,137,183
870,21,27,4557900,267,118,149
871,21,27,4558000,183,97,86
872,21,27,4558100,211,93,118
873,21,27,4558200,288,140,148
874,21,27,4558300,1560,815,745
875,21,27,4558400,195,82,113
876,21,27,4558500,317,129,188
877,21,27,4558600,0,0,0
878,21,27,4558700,708,361,347
879,21,27,4558800,237,104,133
880,21,27,4558900,221,110,111
881,21,27,4559000,233,107,126
882,21,27,4559100,172,76,96
883,21,27,4559200,0,0,0
884,21,27,4559300,0,0,0
885,21,27,4559400,0,0,0
886,21,27,4559500,34,12,22
887,21,27,4559600,0,0,0
888,21,27,4559700,263,122,141
889,21,27,4559800,368,193,175
890,21,27,4559900,202,99,103
891,21,27,4560000,248,128,120
892,21,27,4560100,197,96,101
893,21,27,4560200,223,112,111
894,21,27,4560300,346,140,206
895,21,27,4560400,0,0,0
896,21,27,4560500,256,122,134
897,21,27,4560600,765,375,390
898,21,27,4560700,327,141,186
899,21,27,4560800,266,115,151
900,21,27,4560900,105,45,60
901,21,27,4561000,1892,988,904
902,21,27,4561100,320,156,164
903,21,27,4561200,252,120,132
904,21,27,4561300,136,61,75
905,21,27,4561400,244,128,116
906,21,27,4561500,239,109,130
907,21,27,4561600,408,200,208
908,21,27,4561700,227,112,115
909,21,27,4561800,28,12,16
910,21,27,4561900,0,0,0
911,21,27,4562000,331,154,177
912,21,27,4562100,46,25,21
913,21,27,4562200,141,67,74
914,21,27,4562300,137,69,68
915,21,27,4562400,80,28,52
916,21,27,4562500,259,133,126
917,21,27,4562600,295,161,134
918,21,27,4562700,615,297,318
919,21,27,4562800,682,343,339
920,21,27,4562900,104,42,62
921,21,27,4563000,728,340,388
922,21,27,4563100,169,83,86
923,21,27,4563200,57,28,29
924,21,27,4563300,498,218,280
925,21,27,4563400,123,54,69
926,21,27,4563500,20,4,16
927,21,27,4563600,179,75,104
928,21,27,4563700,28,14,14
929,21,27,4563800,200,93,107
930,21,27,4563900,50,25,25
931,21,27,4564000,77,37,40
932,21,27,4564100,308,147,161
933,21,27,4564200,504,234,270
934,21,27,4564300,1156,541,615
935,21,27,4564400,30,11,19
936,21,27,4564500,50,25,25
937,21,27,4564600,48,27,21
938,21,27,4564700,62,30,32
939,21,27,4564800,114,57,57
940,21,27,4564900,35,19,16
941,21,27,4565000,0,0,0
942,21,27,4565100,892,505,387
943,21,27,4565200,73,30,43
944,21,27,4565300,155,75,80
945,21,27,4565400,0,0,0
946,21,27,4565500,48,26,22
947,21,27,4565600,123,64,59
948,21,27,4565700,123,62,61
949,21,27,4565800,103,46,57
950,21,27,4565900,400,188,212
951,21,27,4566000,534,287,247
952,21,27,4566100,283,129,154
953,21,27,4566200,116,56,60
954,21,27,4566300,132,65,67
955,21,27,4566400,272,129,143
956,21,27,4566500,208,121,87
957,21,27,4566600,351,176,175
958,21,27,4566700,0,0,0
959,21,27,4566800,0,0,0
960,21,27,4566900,334,161,173
961,21,27,4567000,50,22,28
962,21,27,4567100,132,65,67
963,21,27,4567200,251,120,131
964,21,27,4567300,170,77,93
965,21,27,4567400,401,186,215
966,21,27,4567500,0,0,0
967,21,27,4567600,310,141,169
968,21,27,4567700,563,263,300
969,21,27,4567800,100,48,52
970,21,27,4567900,1512,804,708
971,21,27,4568000,85,36,49
972,21,27,4568100,29,18,11
973,21,27,4568200,634,310,324
974,21,27,4568300,100,52,48
975,21,27,4568400,27,10,17
976,21,27,4568500,756,359,397
977,21,27,4568600,109,50,59
978,21,27,4568700,229,112,117
979,21,27,4568800,81,37,44
980,21,27,4568900,97,50,47
981,21,27,4569000,112,56,56
982,21,27,4569100,180,87,93
983,21,27,4569200,169,87,82
984,21,27,4569300,267,128,139
985,21,27,4569400,219,106,113
986,21,27,4569500,328,147,181
987,21,27,4569600,242,121,121
988,21,27,4569700,0,0,0
989,21,27,4569800,145,69,76
990,21,27,4569900,136,65,71
991,21,27,4570000,186,80,106
992,21,27,4570100,191,77,114
993,21,27,4570200,192,99,93
994,21,27,4570300,73,36,37
995,21,27,4570400,96,54,42
996,21,27,4570500,138,70,68
997,21,27,4570600,10,5,5
998,21,27,4570700,67,30,37
999,21,27,4570800,9,3,6
1000,21,27,4570900,161,75,86
1001,21,27,4571000,67,33,34
1002,21,27,4571100,339,175,164
1003,21,27,4571200,162,75,87
1004,21,27,4571300,213,110,103
1005,21,27,4571400,118,57,61
1006,21,27,4571500,240,114,126
1007,21,27,4571600,160,77,83
1008,21,27,4571700,103,48,55
1009,21,27,4571800,91,36,55
1010,21,27,4571900,81,43,38
1011,21,27,4572000,502,244,258
1012,21,27,4572100,764,390,374
1013,21,27,4572200,1413,712,701
1014,21,27,4572300,781,374,407
1015,21,27,4572400,258,124,134
1016,21,27,4572500,439,223,216
1017,21,27,4572600,305,161,144
1018,21,27,4572700,0,0,0
1019,21,27,4572800,213,103,110
1020,21,27,4572900,92,46,46
1021,21,27,4573000,347,163,184
1022,21,27,4573100,204,107,97
1023,21,27,4573200,613,313,300
1024,21,27,4573300,266,137,129
1025,21,27,4573400,112,50,62
1026,21,27,4573500,581,322,259
1027,21,27,4573600,275,130,145
1028,21,27,4573700,1025,488,537
1029,21,27,4573800,641,314,327
1030,21,27,4573900,1206,607,599
1031,21,27,4574000,312,155,157
1032,21,27,4574100,115,56,59
1033,21,27,4574200,81,41,40
1034,21,27,4574300,535,259,276
1035,21,27,4574400,410,201,209
1036,21,27,4574500,56,29,27
1037,21,27,4574600,85,45,40
1038,21,27,4574700,616,298,318
1039,21,27,4574800,390,185,205
1040,21,27,4574900,485,225,260
1041,21,27,4575000,1122,551,571
1042,21,27,4575100,796,425,371
1043,21,27,4575200,133,60,73
1044,21,27,4575300,223,100,123
1045,21,27,4575400,105,51,54
1046,21,27,4575500,165,72,93
1047,21,27,4575600,80,38,42
1048,21,27,4575700,199,96,103
1049,21,27,4575800,0,0,0
1050,21,27,4575900,92,44,48
1051,21,27,4576000,148,72,76
1052,21,27,4576100,185,95,90
1053,21,27,4576200,578,271,307
1054,21,27,4576300,148,76,72
1055,21,27,4576400,215,116,99
1056,21,27,4576500,120,56,64
1057,21,27,4576600,104,58,46
1058,21,27,4576700,163,74,89
1059,21,27,4576800,109,62,47
1060,21,27,4576900,265,144,121
1061,21,27,4577000,25,12,13
1062,21,27,4577100,161,83,78
1063,21,27,4577200,14,10,4
1064,21,27,4577300,75,37,38
1065,21,27,4577400,178,95,83
1066,21,27,4577500,160,84,76
1067,21,27,4577600,124,66,58
1068,21,27,4577700,58,28,30
1069,21,27,4577800,444,220,224
1070,21,27,4577900,520,279,241
1071,21,27,4578000,279,144,135
1072,21,27,4578100,666,358,308
1073,21,27,4578200,656,310,346
1074,21,27,4578300,62,28,34
1075,21,27,4578400,368,189,179
1076,21,27,4578500,1484,723,761
1077,21,27,4578600,876,444,432
1078,21,27,4578700,956,449,507
1079,21,27,4578800,337,171,166
1080,21,27,4578900,323,155,168
1081,21,27,4579000,9,5,4
1082,21,27,4579100,331,157,174
1083,21,27,4579200,100,51,49
1084,21,27,4579300,559,279,280
1085,21,27,4579400,446,212,234
1086,21,27,4579500,85,41,44
1087,21,27,4579600,863,446,417
1088,21,27,4579700,218,116,102
1089,21,27,4579800,105,58,47
1090,21,27,4579900,96,46,50
1091,21,27,4580000,104,44,60
1092,21,27,4580100,519,267,252
1093,21,27,4580200,97,43,54
1094,21,27,4580300,74,27,47
1095,21,27,4580400,72,34,38
1096,21,27,4580500,136,69,67
1097,21,27,4580600,138,60,78
1098,21,27,4580700,0,0,0
1099,21,27,4580800,311,160,151
1100,21,27,4580900,165,82,83
1101,21,27,4581000,145,61,84
1102,21,27,4581100,0,0,0
1103,21,27,4581200,160,76,84
1104,21,27,4581300,118,52,66
1105,21,27,4581400,208,97,111
1106,21,27,4581500,62,29,33
1107,21,27,4581600,470,241,229
1108,21,27,4581700,121,58,63
1109,21,27,4581800,803,378,425
1110,21,27,4581900,1595,793,802
1111,21,27,4582000,580,265,315
1112,21,27,4582100,612,307,305
1113,21,27,4582200,654,331,323
1114,21,27,4582300,573,297,276
1115,21,27,4582400,613,307,306
1116,21,27,4582500,751,336,415
1117,21,27,4582600,371,192,179
1118,21,27,4582700,701,343,358
1119,21,27,4582800,1204,617,587
1120,21,27,4582900,1489,734,755
1121,21,27,4583000,589,298,291
1122,21,27,4583100,2384,1196,1188
1123,21,27,4583200,0,0,0
1124,21,27,4583300,107,45,62
1125,21,27,4583400,266,130,136
1126,21,27,4583500,93,42,51
1127,21,27,4583600,56,30,26
1128,21,27,4583700,1157,553,604
1129,21,27,4583800,2577,1344,1233
1130,21,27,4583900,185,100,85
1131,21,27,4584000,568,268,300
1132,21,27,4584100,554,264,290
1133,21,27,4584200,0,0,0
1134,21,27,4584300,91,43,48
1135,21,27,4584400,57,29,28
1136,21,27,4584500,54,21,33
1137,21,27,4584600,185,91,94
1138,21,27,4584700,224,107,117
1139,21,27,4584800,21,10,11
1140,21,27,4584900,229,97,132
1141,21,27,4585000,12,6,6
1142,21,27,4585100,0,0,0
1143,21,27,4585200,520,248,272
1144,21,27,4585300,529,312,217
1145,21,27,4585400,161,76,85
1146,21,27,4585500,289,138,151
1147,21,27,4585600,54,19,35
1148,21,27,4585700,489,244,245
1149,21,27,4585800,0,0,0
1150,21,27,4585900,82,30,52
1151,21,27,4586000,387,191,196
1152,21,27,4586100,302,149,153
1153,21,27,4586200,239,107,132
1154,21,27,4586300,185,93,92
1155,21,27,4586400,118,52,66
1156,21,27,4586500,115,44,71
1157,21,27,4586600,44,22,22
1158,21,27,4586700,20,10,10
1159,21,27,4586800,122,53,69
1160,21,27,4586900,411,235,176
1161,21,27,4587000,50,26,24
1162,21,27,4587100,148,69,79
1163,21,27,4587200,305,165,140
1164,21,27,4587300,0,0,0
1165,21,27,4587400,303,162,141
1166,21,27,4587500,0,0,0
1167,21,27,4587600,289,146,143
1168,21,27,4587700,165,84,81
1169,21,27,4587800,567,287,280
1170,21,27,4587900,1142,590,552
1171,21,27,4588000,329,175,154
1172,21,27,4588100,1758,915,843
1173,21,27,4588200,399,201,198
1174,21,27,4588300,361,179,182
1175,21,27,4588400,84,45,39
1176,21,27,4588500,192,93,99
1177,21,27,4588600,311,163,148
1178,21,27,4588700,85,46,39
1179,21,27,4588800,370,170,200
1180,21,27,4588900,93,46,47
1181,21,27,4589000,60,28,32
1182,21,27,4589100,542,267,275
1183,21,27,4589200,144,72,72
1184,21,27,4589300,744,342,402
1185,21,27,4589400,1570,768,802
1186,21,27,4589500,175,77,98
1187,21,27,4589600,180,89,91
1188,21,27,4589700,1560,766,794
1189,21,27,4589800,692,344,348
1190,21,27,4589900,2642,1289,1353
1191,21,27,4590000,1565,783,782
1192,21,27,4590100,327,164,163
1193,21,27,4590200,578,288,290
1194,21,27,4590300,1536,719,817
1195,21,27,4590400,485,228,257
1196,21,27,4590500,474,203,271
1197,21,27,4590600,104,48,56
1198,21,27,4590700,181,91,90
1199,21,27,4590800,831,416,415
1200,21,27,4590900,283,133,150
1201,21,27,4591000,302,128,174
1202,21,27,4591100,276,124,152
1203,21,27,4591200,216,103,113
1204,21,27,4591300,103,53,50
1205,21,27,4591400,149,82,67
1206,21,27,4591500,82,38,44
1207,21,27,4591600,124,65,59
1208,21,27,4591700,0,0,0
1209,21,27,4591800,892,441,451
1210,21,27,4591900,1035,526,509
1211,21,27,4592000,1242,614,628
1212,21,27,4592100,191,91,100
1213,21,27,4592200,941,502,439
1214,21,27,4592300,805,395,410
1215,21,27,4592400,317,162,155
1216,21,27,4592500,8539,4394,4145
1217,21,27,4592600,849,418,431
1218,21,27,4592700,1709,875,834
1219,21,27,4592800,537,259,278
1220,21,27,4592900,688,347,341
1221,21,27,4593000,436,210,226
1222,21,27,4593100,0,0,0
1223,21,27,4593200,155,72,83
1224,21,27,4593300,165,74,91
1225,21,27,4593400,140,67,73
1226,21,27,4593500,584,273,311
1227,21,27,4593600,994,501,493
1228,21,27,4593700,539,266,273
1229,21,27,4593800,553,260,293
1230,21,27,4593900,860,353,507
1231,21,27,4594000,702,352,350
1232,21,27,4594100,442,216,226
1233,21,27,4594200,186,90,96
1234,21,27,4594300,9,4,5
1235,21,27,4594400,382,183,199
1236,21,27,4594500,200,105,95
1237,21,27,4594600,113,57,56
1238,21,27,4594700,153,76,77
1239,21,27,4594800,42,21,21
1240,21,27,4594900,0,0,0
1241,21,27,4595000,392,203,189
1242,21,27,4595100,1060,549,511
1243,21,27,4595200,608,304,304
1244,21,27,4595300,0,0,0
1245,21,27,4595400,629,334,295
1246,21,27,4595500,287,152,135
1247,21,27,4595600,300,152,148
1248,21,27,4595700,1829,914,915
1249,21,27,4595800,294,137,157
1250,21,27,4595900,480,275,205
1251,21,27,4596000,431,212,219
1252,21,27,4596100,440,223,217
1253,21,27,4596200,122,60,62
1254,21,27,4596300,314,152,162
1255,21,27,4596400,399,194,205
1256,21,27,4596500,231,113,118
1257,21,27,4596600,172,90,82
1258,21,27,4596700,654,294,360
1259,21,27,4596800,648,305,343
1260,21,27,4596900,292,155,137
1261,21,27,4597000,555,265,290
1262,21,27,4597100,202,95,107
1263,21,27,4597200,1433,654,779
1264,21,27,4597300,152,74,78
1265,21,27,4597400,141,54,87
1266,21,27,4597500,581,260,321
1267,21,27,4597600,1801,826,975
1268,21,27,4597700,687,324,363
1269,21,27,4597800,302,140,162
1270,21,27,4597900,655,321,334
1271,21,27,4598000,3474,1635,1839
1272,21,27,4598100,826,398,428
1273,21,27,4598200,0,0,0
1274,21,27,4598300,1780,822,958
1275,21,27,4598400,2536,1284,1252
1276,21,27,4598500,861,340,521
1277,21,27,4598600,99,42,57
1278,21,27,4598700,660,300,360
1279,21,27,4598800,656,320,336
1280,21,27,4598900,1049,520,529
1281,21,27,4599000,3667,1670,1997
1282,21,27,4599100,1196,547,649
1283,21,27,4599200,431,201,230
1284,21,27,4599300,863,394,469
1285,21,27,4599400,374,170,204
1286,21,27,4599500,263,103,160
1287,21,27,4599600,648,300,348
1288,21,27,4599700,83,34,49
1289,21,27,4599800,551,259,292
1290,21,27,4599900,760,360,400
1291,21,27,4600000,1344,654,690
1292,21,27,4600100,774,361,413
1293,21,27,4600200,534,243,291
1294,21,27,4600300,241,109,132
1295,21,27,4600400,374,176,198
1296,21,27,4600500,176,77,99
1297,21,27,4600600,387,183,204
1298,21,27,4600700,176,90,86
1299,21,27,4600800,0,0,0
1300,21,27,4600900,29,13,16
1301,21,27,4601000,112,54,58
1302,21,27,4601100,216,103,113
1303,21,27,4601200,334,156,178
1304,21,27,4601300,864,387,477
1305,21,27,4601400,310,133,177
1306,21,27,4601500,43,19,24
1307,21,27,4601600,377,188,189
1308,21,27,4601700,299,137,162
1309,21,27,4601800,146,74,72
1310,21,27,4601900,243,109,134
1311,21,27,4602000,724,361,363
1312,21,27,4602100,93,44,49
1313,21,27,4602200,425,216,209
1314,21,27,4602300,340,164,176
1315,21,27,4602400,329,148,181
1316,21,27,4602500,167,84,83
1317,21,27,4602600,58,34,24
1318,21,27,4602700,757,362,395
1319,21,27,4602800,310,148,162
1320,21,27,4602900,179,89,90
1321,21,27,4603000,946,498,448
1322,21,27,4603100,173,82,91
1323,21,27,4603200,3631,1837,1794
1324,21,27,4603300,152,83,69
1325,21,27,4603400,212,106,106
1326,21,27,4603500,188,96,92
1327,21,27,4603600,103,46,57
1328,21,27,4603700,488,247,241
1329,21,27,4603800,118,56,62
1330,21,27,4603900,92,54,38
1331,21,27,4604000,589,280,309
1332,21,27,4604100,317,193,124
1333,21,27,4604200,583,290,293
1334,21,27,4604300,416,208,208
1335,21,27,4604400,409,276,133
1336,21,27,4604500,316,133,183
1337,21,27,4604600,455,219,236
1338,21,27,4604700,291,140,151
1339,21,27,4604800,525,268,257
1340,21,27,4604900,387,212,175
1341,21,27,4605000,0,0,0
1342,21,27,4605100,830,407,423
1343,21,27,4605200,0,0,0
1344,21,27,4605300,218,105,113
1345,21,27,4605400,137,62,75
1346,21,27,4605500,1396,716,680
1347,21,27,4605600,1033,495,538
1348,21,27,4605700,750,360,390
1349,21,27,4605800,1412,693,719
1350,21,27,4605900,970,520,450
1351,21,27,4606000,391,192,199
1352,21,27,4606100,580,276,304
1353,21,27,4606200,721,384,337
1354,21,27,4606300,485,249,236
1355,21,27,4606400,1051,527,524
1356,21,27,4606500,731,379,352
1357,21,27,4606600,450,231,219
1358,21,27,4606700,435,218,217
1359,21,27,4606800,312,155,157
1360,21,27,4606900,178,81,97
1361,21,27,4607000,413,195,218
1362,21,27,4607100,107,57,50
1363,21,27,4607200,128,60,68
1364,21,27,4607300,358,172,186
1365,21,27,4607400,276,139,137
1366,21,27,4607500,292,154,138
1367,21,27,4607600,216,110,106
1368,21,27,4607700,555,289,266
1369,21,27,4607800,674,330,344
1370,21,27,4607900,393,195,198
1371,21,27,4608000,614,305,309
1372,21,27,4608100,242,125,117
1373,21,27,4608200,123,72,51
1374,21,27,4608300,909,471,438
1375,21,27,4608400,761,361,400
1376,21,27,4608500,4064,2084,1980
1377,21,27,4608600,4405,2133,2272
1378,21,27,4608700,558,264,294
1379,21,27,4608800,231,101,130
1380,21,27,4608900,581,300,281
1381,21,27,4609000,427,218,209
1382,21,27,4609100,471,249,222
1383,21,27,4609200,3214,1451,1763
1384,21,27,4609300,820,419,401
1385,21,27,4609400,1769,863,906
1386,21,27,4609500,1113,520,593
1387,21,27,4609600,1214,576,638
1388,21,27,4609700,225,141,84
1389,21,27,4609800,112,51,61
1390,21,27,4609900,427,211,216
1391,21,27,4610000,225,113,112
1392,21,27,4610100,757,391,366
1393,21,27,4610200,2144,1042,1102
1394,21,27,4610300,823,409,414
1395,21,27,4610400,531,268,263
1396,21,27,4610500,408,193,215
1397,21,27,4610600,356,173,183
1398,21,27,4610700,1789,868,921
1399,21,27,4610800,0,0,0
1400,21,27,4610900,534,256,278
1401,21,27,4611000,312,157,155
1402,21,27,4611100,584,287,297
1403,21,27,4611200,216,125,91
1404,21,27,4611300,137,65,72
1405,21,27,4611400,0,0,0
1406,21,27,4611500,244,115,129
1407,21,27,4611600,227,99,128
1408,21,27,4611700,251,114,137
1409,21,27,4611800,752,399,353
1410,21,27,4611900,62,33,29
1411,21,27,4612000,87,44,43
1412,21,27,4612100,82,36,46
1413,21,27,4612200,0,0,0
1414,21,27,4612300,91,37,54
1415,21,27,4612400,70,37,33
1416,21,27,4612500,0,0,0
1417,21,27,4612600,694,363,331
1418,21,27,4612700,664,311,353
1419,21,27,4612800,586,274,312
1420,21,27,4612900,456,225,231
1421,21,27,4613000,1408,723,685
1422,21,27,4613100,1243,681,562
1423,21,27,4613200,962,471,491
1424,21,27,4613300,672,316,356
1425,21,27,4613400,449,232,217
1426,21,27,4613500,237,109,128
1427,21,27,4613600,596,291,305
1428,21,27,4613700,1772,879,893
1429,21,27,4613800,0,0,0
1430,21,27,4613900,282,139,143
1431,21,27,4614000,43,20,23
1432,21,27,4614100,180,89,91
1433,21,27,4614200,218,112,106
1434,21,27,4614300,263,123,140
1435,21,27,4614400,569,289,280
1436,21,27,4614500,171,84,87
1437,21,27,4614600,110,61,49
1438,21,27,4614700,113,61,52
1439,21,27,4614800,93,46,47
1440,21,27,4614900,162,80,82
1441,21,27,4615000,123,62,61
1442,21,27,4615100,252,125,127
1443,21,27,4615200,184,96,88
1444,21,27,4615300,550,290,260
1445,21,27,4615400,114,58,56
1446,21,27,4615500,369,200,169
1447,21,27,4615600,215,115,100
1448,21,27,4615700,586,317,269
1449,21,27,4615800,916,433,483
1450,21,27,4615900,525,257,268
1451,21,27,4616000,298,145,153
1452,21,27,4616100,447,220,227
1453,21,27,4616200,275,136,139
1454,21,27,4616300,568,267,301
1455,21,27,4616400,1879,923,956
1456,21,27,4616500,441,259,182
1457,21,27,4616600,244,133,111
1458,21,27,4616700,1489,732,757
1459,21,27,4616800,923,466,457
1460,21,27,4616900,1483,758,725
1461,21,27,4617000,544,265,279
1462,21,27,4617100,210,103,107
1463,21,27,4617200,682,294,388
1464,21,27,4617300,276,139,137
1465,21,27,4617400,1171,608,563
1466,21,27,4617500,379,188,191
1467,21,27,4617600,678,310,368
1468,21,27,4617700,536,259,277
1469,21,27,4617800,806,430,376
1470,21,27,4617900,346,185,161
1471,21,27,4618000,685,338,347
1472,21,27,4618100,201,84,117
1473,21,27,4618200,342,170,172
1474,21,27,4618300,1175,650,525
1475,21,27,4618400,472,228,244
1476,21,27,4618500,17,9,8
1477,21,27,4618600,171,72,99
1478,21,27,4618700,545,229,316
1479,21,27,4618800,237,99,138
1480,21,27,4618900,334,164,170
1481,21,27,4619000,806,368,438
1482,21,27,4619100,1268,631,637
1483,21,27,4619200,988,456,532
1484,21,27,4619300,444,203,241
1485,21,27,4619400,598,279,319
1486,21,27,4619500,596,287,309
1487,21,27,4619600,80,34,46
1488,21,27,4619700,385,183,202
1489,21,27,4619800,570,276,294
1490,21,27,4619900,5220,2718,2502
1491,21,27,4620000,54,29,25
1492,21,27,4620100,2331,1202,1129
1493,21,27,4620200,234,106,128
1494,21,27,4620300,58,21,37
1495,21,27,4620400,179,84,95
1496,21,27,4620500,112,50,62
1497,21,27,4620600,870,433,437
1498,21,27,4620700,621,314,307
1499,21,27,4620800,419,184,235
1500,21,27,4620900,1018,466,552
1501,21,27,4621000,399,185,214
1502,21,27,4621100,828,421,407
1503,21,27,4621200,503,249,254
1504,21,27,4621300,221,95,126
1505,21,27,4621400,328,152,176
1506,21,27,4621500,76,36,40
1507,21,27,4621600,494,218,276
1508,21,27,4621700,1351,639,712
1509,21,27,4621800,806,377,429
1510,21,27,4621900,281,131,150
1511,21,27,4622000,696,303,393
1512,21,27,4622100,0,0,0
1513,21,27,4622200,471,232,239
1514,21,27,4622300,459,224,235
1515,21,27,4622400,139,74,65
1516,21,27,4622500,558,243,315
1517,21,27,4622600,785,416,369
1518,21,27,4622700,849,409,440
1519,21,27,4622800,990,470,520
1520,21,27,4622900,377,154,223
1521,21,27,4623000,0,0,0
1522,21,27,4623100,157,75,82
1523,21,27,4623200,559,229,330
1524,21,27,4623300,614,295,319
1525,21,27,4623400,268,138,130
1526,21,27,4623500,305,149,156
1527,21,27,4623600,1018,546,472
1528,21,27,4623700,64,33,31
1529,21,27,4623800,725,312,413
1530,21,27,4623900,62,28,34
1531,21,27,4624000,716,352,364
1532,21,27,4624100,188,101,87
1533,21,27,4624200,826,401,425
1534,21,27,4624300,493,233,260
1535,21,27,4624400,1123,537,586
1536,21,27,4624500,383,165,218
1537,21,27,4624600,514,224,290
1538,21,27,4624700,641,298,343
1539,21,27,4624800,623,310,313
1540,21,27,4624900,1122,594,528
1541,21,27,4625000,340,137,203
1542,21,27,4625100,935,439,496
1543,21,27,4625200,1018,498,520
1544,21,27,4625300,538,235,303
1545,21,27,4625400,133,62,71
1546,21,27,4625500,450,202,248
1547,21,27,4625600,687,348,339
1548,21,27,4625700,0,0,0
1549,21,27,4625800,686,340,346
1550,21,27,4625900,188,96,92
1551,21,27,4626000,228,104,124
1552,21,27,4626100,0,0,0
1553,21,27,4626200,129,64,65
1554,21,27,4626300,206,100,106
1555,21,27,4626400,204,93,111
1556,21,27,4626500,544,257,287
1557,21,27,4626600,337,160,177
1558,21,27,4626700,352,170,182
1559,21,27,4626800,282,145,137
1560,21,27,4626900,592,149,443
1561,21,27,4627000,416,197,219
1562,21,27,4627100,777,536,241
1563,21,27,4627200,152,69,83
1564,21,27,4627300,485,237,248
1565,21,27,4627400,183,91,92
1566,21,27,4627500,464,237,227
1567,21,27,4627600,351,171,180
1568,21,27,4627700,215,101,114
1569,21,27,4627800,163,81,82
1570,21,27,4627900,273,144,129
1571,21,27,4628000,359,161,198
1572,21,27,4628100,613,268,345
1573,21,27,4628200,163,72,91
1574,21,27,4628300,212,96,116
1575,21,27,4628400,112,51,61
1576,21,27,4628500,653,302,351
1577,21,27,4628600,2575,1324,1251
1578,21,27,4628700,173,90,83
1579,21,27,4628800,139,67,72
1580,21,27,4628900,3422,1680,1742
1581,21,27,4629000,1853,900,953
1582,21,27,4629100,735,336,399
1583,21,27,4629200,235,112,123
1584,21,27,4629300,77,36,41
1585,21,27,4629400,99,54,45
1586,21,27,4629500,305,157,148
1587,21,27,4629600,93,44,49
1588,21,27,4629700,215,99,116
1589,21,27,4629800,200,93,107
1590,21,27,4629900,122,53,69
1591,21,27,4630000,0,0,0
1592,21,27,4630100,203,89,114
1593,21,27,4630200,181,99,82
1594,21,27,4630300,316,129,187
1595,21,27,4630400,578,287,291
1596,21,27,4630500,36,20,16
1597,21,27,4630600,25,9,16
1598,21,27,4630700,348,163,185
1599,21,27,4630800,441,220,221
1600,21,27,4630900,178,87,91
1601,21,27,4631000,162,72,90
1602,21,27,4631100,366,175,191
1603,21,27,4631200,243,116,127
1604,21,27,4631300,163,75,88
1605,21,27,4631400,91,43,48
1606,21,27,4631500,203,99,104
1607,21,27,4631600,141,70,71
1608,21,27,4631700,243,122,121
1609,21,27,4631800,130,57,73
1610,21,27,4631900,155,69,86
1611,21,27,4632000,229,123,106
1612,21,27,4632100,411,206,205
1613,21,27,4632200,785,384,401
1614,21,27,4632300,471,206,265
1615,21,27,4632400,4380,2150,2230
1616,21,27,4632500,129,52,77
1617,21,27,4632600,1346,642,704
1618,21,27,4632700,639,281,358
1619,21,27,4632800,317,155,162
1620,21,27,4632900,234,100,134
1621,21,27,4633000,633,329,304
1622,21,27,4633100,350,164,186
1623,21,27,4633200,26,13,13
1624,21,27,4633300,77,34,43
1625,21,27,4633400,185,89,96
1626,21,27,4633500,75,34,41
1627,21,27,4633600,229,92,137
1628,21,27,4633700,92,51,41
1629,21,27,4633800,623,294,329
1630,21,27,4633900,167,72,95
1631,21,27,4634000,308,153,155
1632,21,27,4634100,609,320,289
1633,21,27,4634200,234,110,124
1634,21,27,4634300,90,38,52
1635,21,27,4634400,329,164,165
1636,21,27,4634500,360,181,179
1637,21,27,4634600,401,189,212
1638,21,27,4634700,366,169,197
1639,21,27,4634800,93,45,48
1640,21,27,4634900,338,176,162
1641,21,27,4635000,1458,774,684
1642,21,27,4635100,255,113,142
1643,21,27,4635200,0,0,0
1644,21,27,4635300,213,110,103
1645,21,27,4635400,1226,653,573
1646,21,27,4635500,52,21,31
1647,21,27,4635600,342,161,181
1648,21,27,4635700,204,93,111
1649,21,27,4635800,136,62,74
1650,21,27,4635900,302,145,157
1651,21,27,4636000,584,266,318
1652,21,27,4636100,493,215,278
1653,21,27,4636200,95,45,50
1654,21,27,4636300,1228,559,669
1655,21,27,4636400,200,81,119
1656,21,27,4636500,596,287,309
1657,21,27,4636600,186,103,83
1658,21,27,4636700,765,421,344
1659,21,27,4636800,959,457,502
1660,21,27,4636900,231,109,122
1661,21,27,4637000,623,328,295
1662,21,27,4637100,128,61,67
1663,21,27,4637200,391,184,207
1664,21,27,4637300,65,28,37
1665,21,27,4637400,383,192,191
1666,21,27,4637500,0,0,0
1667,21,27,4637600,83,38,45
1668,21,27,4637700,144,66,78
1669,21,27,4637800,193,92,101
1670,21,27,4637900,25,10,15
1671,21,27,4638000,101,41,60
1672,21,27,4638100,237,112,125
1673,21,27,4638200,233,104,129
1674,21,27,4638300,274,144,130
1675,21,27,4638400,0,0,0
1676,21,27,4638500,431,211,220
1677,21,27,4638600,69,44,25
1678,21,27,4638700,300,132,168
1679,21,27,4638800,275,124,151
1680,21,27,4638900,3282,1577,1705
1681,21,27,4639000,4193,2015,2178
1682,21,27,4639100,1033,537,496
1683,21,27,4639200,259,133,126
1684,21,27,4639300,1584,655,929
1685,21,27,4639400,327,162,165
1686,21,27,4639500,192,85,107
1687,21,27,4639600,289,138,151
1688,21,27,4639700,394,183,211
1689,21,27,4639800,650,337,313
1690,21,27,4639900,544,249,295
1691,21,27,4640000,218,101,117
1692,21,27,4640100,33,17,16
1693,21,27,4640200,395,199,196
1694,21,27,4640300,179,80,99
1695,21,27,4640400,391,192,199
1696,21,27,4640500,432,212,220
1697,21,27,4640600,195,89,106
1698,21,27,4640700,316,147,169
1699,21,27,4640800,77,51,26
1700,21,27,4640900,154,80,74
1701,21,27,4641000,229,115,114
1702,21,27,4641100,383,179,204
1703,21,27,4641200,189,87,102
1704,21,27,4641300,422,228,194
1705,21,27,4641400,178,89,89
1706,21,27,4641500,483,255,228
1707,21,27,4641600,1154,580,574
1708,21,27,4641700,294,140,154
1709,21,27,4641800,271,140,131
1710,21,27,4641900,213,101,112
1711,21,27,4642000,597,313,284
1712,21,27,4642100,313,171,142
1713,21,27,4642200,1053,504,549
1714,21,27,4642300,1385,656,729
1715,21,27,4642400,118,60,58
1716,21,27,4642500,263,125,138
1717,21,27,4642600,0,0,0
1718,21,27,4642700,346,138,208
1719,21,27,4642800,1158,541,617
1720,21,27,4642900,370,191,179
1721,21,27,4643000,268,129,139
1722,21,27,4643100,0,0,0
1723,21,27,4643200,175,76,99
1724,21,27,4643300,304,156,148
1725,21,27,4643400,81,38,43
1726,21,27,4643500,0,0,0
1727,21,27,4643600,103,43,60
1728,21,27,4643700,331,160,171
1729,21,27,4643800,87,42,45
1730,21,27,4643900,255,103,152
1731,21,27,4644000,20,10,10
1732,21,27,4644100,394,186,208
1733,21,27,4644200,136,64,72
1734,21,27,4644300,820,377,443
1735,21,27,4644400,407,193,214
1736,21,27,4644500,97,44,53
1737,21,27,4644600,469,215,254
1738,21,27,4644700,53,20,33
1739,21,27,4644800,219,90,129
1740,21,27,4644900,308,138,170
1741,21,27,4645000,557,274,283
1742,21,27,4645100,170,84,86
1743,21,27,4645200,139,65,74
1744,21,27,4645300,513,248,265
1745,21,27,4645400,123,65,58
1746,21,27,4645500,243,114,129
1747,21,27,4645600,129,61,68
1748,21,27,4645700,233,112,121
1749,21,27,4645800,209,93,116
1750,21,27,4645900,287,138,149
1751,21,27,4646000,193,93,100
1752,21,27,4646100,351,163,188
1753,21,27,4646200,353,178,175
1754,21,27,4646300,256,128,128
1755,21,27,4646400,60,30,30
1756,21,27,4646500,123,58,65
1757,21,27,4646600,137,66,71
1758,21,27,4646700,152,74,78
1759,21,27,4646800,175,93,82
1760,21,27,4646900,247,114,133
1761,21,27,4647000,693,338,355
1762,21,27,4647100,553,266,287
1763,21,27,4647200,1004,462,542
1764,21,27,4647300,506,240,266
1765,21,27,4647400,327,160,167
1766,21,27,4647500,376,165,211
1767,21,27,4647600,81,41,40
1768,21,27,4647700,282,120,162
1769,21,27,4647800,66,33,33
1770,21,27,4647900,9,4,5
1771,21,27,4648000,66,35,31
1772,21,27,4648100,122,66,56
1773,21,27,4648200,0,0,0
1774,21,27,4648300,0,0,0
1775,21,27,4648400,295,144,151
1776,21,27,4648500,370,149,221
1777,21,27,4648600,1193,576,617
1778,21,27,4648700,648,319,329
1779,21,27,4648800,502,255,247
1780,21,27,4648900,165,82,83
1781,21,27,4649000,195,91,104
1782,21,27,4649100,0,0,0
1783,21,27,4649200,184,92,92
1784,21,27,4649300,195,93,102
1785,21,27,4649400,339,160,179
1786,21,27,4649500,346,165,181
1787,21,27,4649600,366,170,196
1788,21,27,4649700,87,41,46
1789,21,27,4649800,123,56,67
1790,21,27,4649900,707,330,377
1791,21,27,4650000,551,274,277
1792,21,27,4650100,1369,782,587
1793,21,27,4650200,990,480,510
1794,21,27,4650300,194,106,88
1795,21,27,4650400,153,70,83
1796,21,27,4650500,642,314,328
1797,21,27,4650600,498,242,256
1798,21,27,4650700,90,41,49
1799,21,27,4650800,140,66,74
1800,21,27,4650900,29,14,15
1801,21,27,4651000,0,0,0
1802,21,27,4651100,147,67,80
1803,21,27,4651200,52,30,22
1804,21,27,4651300,155,69,86
1805,21,27,4651400,1633,735,898
1806,21,27,4651500,742,352,390
1807,21,27,4651600,140,62,78
1808,21,27,4651700,472,235,237
1809,21,27,4651800,273,133,140
1810,21,27,4651900,331,149,182
1811,21,27,4652000,206,91,115
1812,21,27,4652100,235,122,113
1813,21,27,4652200,212,104,108
1814,21,27,4652300,353,192,161
1815,21,27,4652400,435,219,216
1816,21,27,4652500,1577,937,640
1817,21,27,4652600,105,56,49
1818,21,27,4652700,112,60,52
1819,21,27,4652800,114,65,49
1820,21,27,4652900,334,164,170
1821,21,27,4653000,138,56,82
1822,21,27,4653100,449,213,236
1823,21,27,4653200,469,203,266
1824,21,27,4653300,250,118,132
1825,21,27,4653400,279,124,155
1826,21,27,4653500,1020,583,437
1827,21,27,4653600,426,199,227
1828,21,27,4653700,609,295,314
1829,21,27,4653800,0,0,0
1830,21,27,4653900,76,44,32
1831,21,27,4654000,529,249,280
1832,21,27,4654100,195,83,112
1833,21,27,4654200,45,25,20
1834,21,27,4654300,169,75,94
1835,21,27,4654400,314,141,173
1836,21,27,4654500,360,152,208
1837,21,27,4654600,346,149,197
1838,21,27,4654700,997,457,540
1839,21,27,4654800,901,422,479
1840,21,27,4654900,323,149,174
1841,21,27,4655000,0,0,0
1842,21,27,4655100,77,36,41
1843,21,27,4655200,410,184,226
1844,21,27,4655300,233,113,120
1845,21,27,4655400,756,342,414
1846,21,27,4655500,220,120,100
1847,21,27,4655600,327,170,157
1848,21,27,4655700,338,189,149
1849,21,27,4655800,887,447,440
1850,21,27,4655900,860,399,461
1851,21,27,4656000,0,0,0
1852,21,27,4656100,553,263,290
1853,21,27,4656200,0,0,0
1854,21,27,4656300,1162,555,607
1855,21,27,4656400,911,439,472
1856,21,27,4656500,442,221,221
1857,21,27,4656600,409,209,200
1858,21,27,4656700,332,160,172
1859,21,27,4656800,374,172,202
1860,21,27,4656900,298,140,158
1861,21,27,4657000,320,172,148
1862,21,27,4657100,173,91,82
1863,21,27,4657200,305,124,181
1864,21,27,4657300,522,229,293
1865,21,27,4657400,287,129,158
1866,21,27,4657500,28,13,15
1867,21,27,4657600,171,72,99
1868,21,27,4657700,749,339,410
1869,21,27,4657800,203,90,113
1870,21,27,4657900,280,129,151
1871,21,27,4658000,82,37,45
1872,21,27,4658100,257,133,124
1873,21,27,4658200,243,114,129
1874,21,27,4658300,137,64,73
1875,21,27,4658400,292,137,155
1876,21,27,4658500,74,38,36
1877,21,27,4658600,215,107,108
1878,21,27,4658700,403,161,242
1879,21,27,4658800,65,36,29
1880,21,27,4658900,350,153,197
1881,21,27,4659000,201,93,108
1882,21,27,4659100,302,128,174
1883,21,27,4659200,212,96,116
1884,21,27,4659300,257,118,139
1885,21,27,4659400,56,26,30
1886,21,27,4659500,732,336,396
1887,21,27,4659600,475,208,267
1888,21,27,4659700,1010,479,531
1889,21,27,4659800,73,35,38
1890,21,27,4659900,358,170,188
1891,21,27,4660000,418,213,205
1892,21,27,4660100,368,172,196
1893,21,27,4660200,358,179,179
1894,21,27,4660300,688,323,365
1895,21,27,4660400,316,154,162
1896,21,27,4660500,268,124,144
1897,21,27,4660600,1346,657,689
1898,21,27,4660700,867,392,475
1899,21,27,4660800,257,125,132
1900,21,27,4660900,642,316,326
1901,21,27,4661000,105,53,52
1902,21,27,4661100,497,233,264
1903,21,27,4661200,164,80,84
1904,21,27,4661300,175,96,79
1905,21,27,4661400,723,358,365
1906,21,27,4661500,376,172,204
1907,21,27,4661600,28,17,11
1908,21,27,4661700,982,477,505
1909,21,27,4661800,514,247,267
1910,21,27,4661900,105,45,60
1911,21,27,4662000,336,146,190
1912,21,27,4662100,522,239,283
1913,21,27,4662200,289,138,151
1914,21,27,4662300,29,13,16
1915,21,27,4662400,252,109,143
1916,21,27,4662500,132,60,72
1917,21,27,4662600,0,0,0
1918,21,27,4662700,83,45,38
1919,21,27,4662800,10,5,5
1920,21,27,4662900,769,375,394
1921,21,27,4663000,274,121,153
1922,21,27,4663100,432,189,243
1923,21,27,4663200,553,299,254
1924,21,27,4663300,132,72,60
1925,21,27,4663400,0,0,0
1926,21,27,4663500,65,21,44
1927,21,27,4663600,385,165,220
1928,21,27,4663700,765,360,405
1929,21,27,4663800,133,65,68
1930,21,27,4663900,185,84,101
1931,21,27,4664000,160,81,79
1932,21,27,4664100,1538,740,798
1933,21,27,4664200,385,178,207
1934,21,27,4664300,294,149,145
1935,21,27,4664400,265,118,147
1936,21,27,4664500,1011,489,522
1937,21,27,4664600,840,423,417
1938,21,27,4664700,89,41,48
1939,21,27,4664800,97,42,55
1940,21,27,4664900,0,0,0
1941,21,27,4665000,418,200,218
1942,21,27,4665100,1268,776,492
1943,21,27,4665200,1129,593,536
1944,21,27,4665300,775,376,399
1945,21,27,4665400,535,264,271
1946,21,27,4665500,242,105,137
1947,21,27,4665600,735,413,322
1948,21,27,4665700,823,384,439
1949,21,27,4665800,299,147,152
1950,21,27,4665900,1653,888,765
1951,21,27,4666000,0,0,0
1952,21,27,4666100,1071,538,533
1953,21,27,4666200,95,46,49
1954,21,27,4666300,348,171,177
1955,21,27,4666400,65,33,32
1956,21,27,4666500,81,42,39
1957,21,27,4666600,0,0,0
1958,21,27,4666700,118,57,61
1959,21,27,4666800,105,56,49
1960,21,27,4666900,92,48,44
1961,21,27,4667000,37,20,17
1962,21,27,4667100,35,13,22
1963,21,27,4667200,378,139,239
1964,21,27,4667300,124,50,74
1965,21,27,4667400,248,104,144
1966,21,27,4667500,87,42,45
1967,21,27,4667600,106,42,64
1968,21,27,4667700,51,25,26
1969,21,27,4667800,83,44,39
1970,21,27,4667900,90,34,56
1971,21,27,4668000,34,17,17
1972,21,27,4668100,84,41,43
1973,21,27,4668200,25,12,13
1974,21,27,4668300,114,54,60
1975,21,27,4668400,5,1,4
1976,21,27,4668500,74,30,44
1977,21,27,4668600,479,227,252
1978,21,27,4668700,0,0,0
1979,21,27,4668800,291,131,160
1980,21,27,4668900,202,101,101
1981,21,27,4669000,206,91,115
1982,21,27,4669100,30,17,13
1983,21,27,4669200,878,413,465
1984,21,27,4669300,156,75,81
1985,21,27,4669400,146,65,81
1986,21,27,4669500,580,283,297
1987,21,27,4669600,70,36,34
1988,21,27,4669700,206,99,107
1989,21,27,4669800,114,53,61
1990,21,27,4669900,0,0,0
1991,21,27,4670000,228,113,115
1992,21,27,4670100,18,9,9
1993,21,27,4670200,331,155,176
1994,21,27,4670300,186,84,102
1995,21,27,4670400,300,125,175
1996,21,27,4670500,42,22,20
1997,21,27,4670600,287,129,158
1998,21,27,4670700,0,0,0
1999,21,27,4670800,115,52,63
2000,21,27,4670900,95,46,49
2001,21,27,4671000,0,0,0
2002,21,27,4671100,139,60,79
2003,21,27,4671200,50,19,31
2004,21,27,4671300,0,0,0
2005,21,27,4671400,93,43,50
2006,21,27,4671500,62,33,29
2007,21,27,4671600,4,1,3
2008,21,27,4671700,583,279,304
2009,21,27,4671800,97,41,56
2010,21,27,4671900,390,175,215
2011,21,27,4672000,69,25,44
2012,21,27,4672100,92,37,55
2013,21,27,4672200,85,44,41
2014,21,27,4672300,212,101,111
2015,21,27,4672400,0,0,0
2016,21,27,4672500,65,30,35
2017,21,27,4672600,91,41,50
2018,21,27,4672700,82,37,45
2019,21,27,4672800,85,42,43
2020,21,27,4672900,314,138,176
2021,21,27,4673000,0,0,0
2022,21,27,4673100,48,22,26
2023,21,27,4673200,225,106,119
2024,21,27,4673300,220,107,113
2025,21,27,4673400,632,316,316
2026,21,27,4673500,210,99,111
2027,21,27,4673600,152,87,65
2028,21,27,4673700,0,0,0
2029,21,27,4673800,352,167,185
2030,21,27,4673900,801,392,409
2031,21,27,4674000,0,0,0
2032,21,27,4674100,5963,3004,2959
2033,21,27,4674200,157,73,84
2034,21,27,4674300,219,103,116
2035,21,27,4674400,715,344,371
2036,21,27,4674500,369,149,220
2037,21,27,4674600,106,48,58
2038,21,27,4674700,280,147,133
2039,21,27,4674800,128,54,74
2040,21,27,4674900,227,109,118
2041,21,27,4675000,70,37,33
2042,21,27,4675100,100,50,50
2043,21,27,4675200,744,371,373
2044,21,27,4675300,0,0,0
2045,21,27,4675400,0,0,0
2046,21,27,4675500,413,199,214
2047,21,27,4675600,513,239,274
2048,21,27,4675700,216,106,110
2049,21,27,4675800,295,133,162
2050,21,27,4675900,84,42,42
2051,21,27,4676000,682,313,369
2052,21,27,4676100,53,21,32
2053,21,27,4676200,33,17,16
2054,21,27,4676300,334,153,181
2055,21,27,4676400,172,91,81
2056,21,27,4676500,490,239,251
2057,21,27,4676600,202,100,102
2058,21,27,4676700,0,0,0
2059,21,27,4676800,376,179,197
2060,21,27,4676900,139,66,73
2061,21,27,4677000,107,52,55
2062,21,27,4677100,340,165,175
2063,21,27,4677200,223,106,117
2064,21,27,4677300,266,131,135
2065,21,27,4677400,181,85,96
2066,21,27,4677500,590,289,301
2067,21,27,4677600,255,105,150
2068,21,27,4677700,0,0,0
2069,21,27,4677800,103,45,58
2070,21,27,4677900,0,0,0
2071,21,27,4678000,488,231,257
2072,21,27,4678100,81,43,38
2073,21,27,4678200,242,116,126
2074,21,27,4678300,57,30,27
2075,21,27,4678400,300,136,164
2076,21,27,4678500,247,107,140
2077,21,27,4678600,141,62,79
2078,21,27,4678700,1012,506,506
2079,21,27,4678800,140,61,79
2080,21,27,4678900,521,249,272
2081,21,27,4679000,186,77,109
2082,21,27,4679100,297,155,142
2083,21,27,4679200,252,118,134
2084,21,27,4679300,438,191,247
2085,21,27,4679400,642,338,304
2086,21,27,4679500,824,382,442
2087,21,27,4679600,112,44,68
2088,21,27,4679700,256,120,136
2089,21,27,4679800,247,115,132
2090,21,27,4679900,206,99,107
2091,21,27,4680000,375,169,206
2092,21,27,4680100,546,248,298
2093,21,27,4680200,283,131,152
2094,21,27,4680300,411,188,223
2095,21,27,4680400,43,17,26
2096,21,27,4680500,184,85,99
2097,21,27,4680600,14,5,9
2098,21,27,4680700,783,393,390
2099,21,27,4680800,408,192,216
2100,21,27,4680900,54,29,25
2101,21,27,4681000,173,84,89
2102,21,27,4681100,64,28,36
2103,21,27,4681200,243,122,121
2104,21,27,4681300,958,493,465
2105,21,27,4681400,299,145,154
2106,21,27,4681500,1147,555,592
2107,21,27,4681600,300,144,156
2108,21,27,4681700,211,97,114
2109,21,27,4681800,138,70,68
2110,21,27,4681900,228,110,118
2111,21,27,4682000,173,87,86
2112,21,27,4682100,218,100,118
2113,21,27,4682200,172,93,79
2114,21,27,4682300,106,57,49
2115,21,27,4682400,123,61,62
2116,21,27,4682500,141,67,74
2117,21,27,4682600,132,60,72
2118,21,27,4682700,147,66,81
2119,21,27,4682800,211,93,118
2120,21,27,4682900,630,304,326
2121,21,27,4683000,416,204,212
2122,21,27,4683100,213,99,114
2123,21,27,4683200,1037,616,421
2124,21,27,4683300,925,428,497
2125,21,27,4683400,221,101,120
2126,21,27,4683500,291,141,150
2127,21,27,4683600,617,289,328
2128,21,27,4683700,171,72,99
2129,21,27,4683800,1355,673,682
2130,21,27,4683900,288,139,149
2131,21,27,4684000,163,91,72
2132,21,27,4684100,291,136,155
2133,21,27,4684200,89,45,44
2134,21,27,4684300,559,263,296
2135,21,27,4684400,152,67,85
2136,21,27,4684500,229,112,117
2137,21,27,4684600,267,118,149
2138,21,27,4684700,1044,620,424
2139,21,27,4684800,65,29,36
2140,21,27,4684900,0,0,0
2141,21,27,4685000,632,308,324
2142,21,27,4685100,185,87,98
2143,21,27,4685200,292,141,151
2144,21,27,4685300,317,147,170
2145,21,27,4685400,307,149,158
2146,21,27,4685500,114,53,61
2147,21,27,4685600,697,324,373
2148,21,27,4685700,188,80,108
2149,21,27,4685800,3715,1848,1867
2150,21,27,4685900,131,62,69
2151,21,27,4686000,1115,546,569
2152,21,27,4686100,535,279,256
2153,21,27,4686200,386,169,217
2154,21,27,4686300,172,80,92
2155,21,27,4686400,287,138,149
2156,21,27,4686500,241,105,136
2157,21,27,4686600,489,234,255
2158,21,27,4686700,115,57,58
2159,21,27,4686800,81,41,40
2160,21,27,4686900,121,58,63
2161,21,27,4687000,112,53,59
2162,21,27,4687100,973,444,529
2163,21,27,4687200,490,213,277
2164,21,27,4687300,531,255,276
2165,21,27,4687400,228,104,124
2166,21,27,4687500,378,169,209
2167,21,27,4687600,114,56,58
2168,21,27,4687700,411,186,225
2169,21,27,4687800,384,186,198
2170,21,27,4687900,152,75,77
2171,21,27,4688000,70,35,35
2172,21,27,4688100,884,417,467
2173,21,27,4688200,107,52,55
2174,21,27,4688300,161,67,94
2175,21,27,4688400,58,21,37
2176,21,27,4688500,136,58,78
2177,21,27,4688600,179,84,95
2178,21,27,4688700,383,180,203
2179,21,27,4688800,183,87,96
2180,21,27,4688900,131,69,62
2181,21,27,4689000,458,209,249
2182,21,27,4689100,304,141,163
2183,21,27,4689200,215,107,108
2184,21,27,4689300,367,175,192
2185,21,27,4689400,189,93,96
2186,21,27,4689500,351,153,198
2187,21,27,4689600,447,202,245
2188,21,27,4689700,0,0,0
2189,21,27,4689800,85,42,43
2190,21,27,4689900,90,42,48
2191,21,27,4690000,192,89,103
2192,21,27,4690100,130,56,74
2193,21,27,4690200,199,93,106
2194,21,27,4690300,20,10,10
2195,21,27,4690400,686,340,346
2196,21,27,4690500,221,109,112
2197,21,27,4690600,181,82,99
2198,21,27,4690700,237,118,119
2199,21,27,4690800,61,33,28
2200,21,27,4690900,131,62,69
2201,21,27,4691000,128,64,64
2202,21,27,4691100,555,258,297
2203,21,27,4691200,328,156,172
2204,21,27,4691300,573,288,285
2205,21,27,4691400,583,298,285
2206,21,27,4691500,164,66,98
2207,21,27,4691600,432,208,224
2208,21,27,4691700,161,62,99
2209,21,27,4691800,52,22,30
2210,21,27,4691900,530,247,283
2211,21,27,4692000,224,105,119
2212,21,27,4692100,249,106,143
2213,21,27,4692200,67,37,30
2214,21,27,4692300,244,114,130
2215,21,27,4692400,212,106,106
2216,21,27,4692500,273,130,143
2217,21,27,4692600,163,83,80
2218,21,27,4692700,387,202,185
2219,21,27,4692800,352,178,174
2220,21,27,4692900,125,67,58
2221,21,27,4693000,129,52,77
2222,21,27,4693100,276,136,140
2223,21,27,4693200,138,74,64
2224,21,27,4693300,302,138,164
2225,21,27,4693400,642,314,328
2226,21,27,4693500,197,95,102
2227,21,27,4693600,146,76,70
2228,21,27,4693700,268,130,138
2229,21,27,4693800,107,61,46
2230,21,27,4693900,288,129,159
2231,21,27,4694000,0,0,0
2232,21,27,4694100,172,82,90
2233,21,27,4694200,876,439,437
2234,21,27,4694300,6,4,2
2235,21,27,4694400,696,323,373
2236,21,27,4694500,46,29,17
2237,21,27,4694600,106,60,46
2238,21,27,4694700,777,382,395
2239,21,27,4694800,395,206,189
2240,21,27,4694900,267,125,142
2241,21,27,4695000,849,402,447
2242,21,27,4695100,0,0,0
2243,21,27,4695200,347,179,168
2244,21,27,4695300,248,124,124
2245,21,27,4695400,144,74,70
2246,21,27,4695500,38,14,24
2247,21,27,4695600,307,155,152
2248,21,27,4695700,37,20,17
2249,21,27,4695800,355,170,185
2250,21,27,4695900,46,21,25
2251,21,27,4696000,22,9,13
2252,21,27,4696100,0,0,0
2253,21,27,4696200,536,272,264
2254,21,27,4696300,146,62,84
2255,21,27,4696400,175,80,95
2256,21,27,4696500,0,0,0
2257,21,27,4696600,0,0,0
2258,21,27,4696700,251,115,136
2259,21,27,4696800,553,268,285
2260,21,27,4696900,105,52,53
2261,21,27,4697000,622,307,315
2262,21,27,4697100,164,72,92
2263,21,27,4697200,521,259,262
2264,21,27,4697300,653,300,353
2265,21,27,4697400,52,20,32
2266,21,27,4697500,1381,687,694
2267,21,27,4697600,1130,559,571
2268,21,27,4697700,0,0,0
2269,21,27,4697800,1198,602,596
2270,21,27,4697900,106,51,55
2271,21,27,4698000,72,33,39
2272,21,27,4698100,176,87,89
2273,21,27,4698200,264,120,144
2274,21,27,4698300,387,176,211
2275,21,27,4698400,137,65,72
2276,21,27,4698500,545,250,295
2277,21,27,4698600,61,29,32
2278,21,27,4698700,54,25,29
2279,21,27,4698800,218,93,125
2280,21,27,4698900,615,292,323
2281,21,27,4699000,608,284,324
2282,21,27,4699100,299,152,147
2283,21,27,4699200,73,35,38
2284,21,27,4699300,347,169,178
2285,21,27,4699400,280,137,143
2286,21,27,4699500,209,100,109
2287,21,27,4699600,51,30,21
2288,21,27,4699700,233,114,119
2289,21,27,4699800,337,161,176
2290,21,27,4699900,481,260,221
2291,21,27,4700000,237,113,124
2292,21,27,4700100,26,11,15
2293,21,27,4700200,512,234,278
2294,21,27,4700300,313,149,164
2295,21,27,4700400,46,18,28
2296,21,27,4700500,606,287,319
2297,21,27,4700600,467,224,243
2298,21,27,4700700,0,0,0
2299,21,27,4700800,569,280,289
2300,21,27,4700900,0,0,0
2301,21,27,4701000,629,299,330
2302,21,27,4701100,0,0,0
2303,21,27,4701200,657,322,335
2304,21,27,4701300,567,282,285
2305,21,27,4701400,0,0,0
2306,21,27,4701500,265,124,141
2307,21,27,4701600,1511,748,763
2308,21,27,4701700,30,13,17
2309,21,27,4701800,282,139,143
2310,21,27,4701900,194,90,104
2311,21,27,4702000,57,25,32
2312,21,27,4702100,847,421,426
2313,21,27,4702200,0,0,0
2314,21,27,4702300,77,44,33
2315,21,27,4702400,123,54,69
2316,21,27,4702500,0,0,0
2317,21,27,4702600,0,0,0
2318,21,27,4702700,41,19,22
2319,21,27,4702800,6,2,4
2320,21,27,4702900,223,112,111
2321,21,27,4703000,54,21,33
2322,21,27,4703100,96,51,45
2323,21,27,4703200,14,6,8
2324,21,27,4703300,122,64,58
2325,21,27,4703400,36,17,19
2326,21,27,4703500,76,41,35
2327,21,27,4703600,84,36,48
2328,21,27,4703700,442,255,187
2329,21,27,4703800,124,52,72
2330,21,27,4703900,110,52,58
2331,21,27,4704000,120,60,60
2332,21,27,4704100,116,62,54
2333,21,27,4704200,156,76,80
2334,21,27,4704300,413,200,213
2335,21,27,4704400,100,42,58
2336,21,27,4704500,136,62,74
2337,21,27,4704600,69,28,41
2338,21,27,4704700,145,75,70
2339,21,27,4704800,137,62,75
2340,21,27,4704900,276,136,140
2341,21,27,4705000,709,356,353
2342,21,27,4705100,48,22,26
2343,21,27,4705200,340,162,178
2344,21,27,4705300,216,107,109
2345,21,27,4705400,283,149,134
2346,21,27,4705500,202,106,96
2347,21,27,4705600,172,85,87
2348,21,27,4705700,0,0,0
2349,21,27,4705800,419,194,225
2350,21,27,4705900,432,176,256
2351,21,27,4706000,294,148,146
2352,21,27,4706100,48,26,22
2353,21,27,4706200,268,125,143
2354,21,27,4706300,219,109,110
2355,21,27,4706400,517,237,280
2356,21,27,4706500,256,122,134
2357,21,27,4706600,201,103,98
2358,21,27,4706700,732,343,389
2359,21,27,4706800,0,0,0
2360,21,27,4706900,74,35,39
2361,21,27,4707000,542,271,271
2362,21,27,4707100,83,41,42
2363,21,27,4707200,458,227,231
2364,21,27,4707300,176,82,94
2365,21,27,4707400,425,203,222
2366,21,27,4707500,803,416,387
2367,21,27,4707600,259,125,134
2368,21,27,4707700,0,0,0
2369,21,27,4707800,264,137,127
2370,21,27,4707900,485,256,229
2371,21,27,4708000,124,67,57
2372,21,27,4708100,1122,580,542
2373,21,27,4708200,34,14,20
2374,21,27,4708300,50,26,24
2375,21,27,4708400,604,302,302
2376,21,27,4708500,408,195,213
2377,21,27,4708600,375,193,182
2378,21,27,4708700,73,37,36
2379,21,27,4708800,35,20,15
2380,21,27,4708900,0,0,0
2381,21,27,4709000,0,0,0
2382,21,27,4709100,827,433,394
2383,21,27,4709200,46,21,25
2384,21,27,4709300,0,0,0
2385,21,27,4709400,112,57,55
2386,21,27,4709500,814,391,423
2387,21,27,4709600,7064,3552,3512
2388,21,27,4709700,76,35,41
2389,21,27,4709800,664,307,357
2390,21,27,4709900,355,171,184
2391,21,27,4710000,103,48,55
2392,21,27,4710100,234,97,137
2393,21,27,4710200,153,72,81
2394,21,27,4710300,0,0,0
2395,21,27,4710400,147,66,81
2396,21,27,4710500,20,9,11
2397,21,27,4710600,1105,547,558
2398,21,27,4710700,81,34,47
2399,21,27,4710800,231,118,113
2400,21,27,4710900,132,69,63
2401,21,27,4711000,165,74,91
2402,21,27,4711100,65,26,39
2403,21,27,4711200,183,83,100
2404,21,27,4711300,367,184,183
2405,21,27,4711400,38,14,24
2406,21,27,4711500,60,27,33
2407,21,27,4711600,249,136,113
2408,21,27,4711700,85,42,43
2409,21,27,4711800,106,51,55
2410,21,27,4711900,91,43,48
2411,21,27,4712000,25,13,12
2412,21,27,4712100,224,104,120
2413,21,27,4712200,104,56,48
2414,21,27,4712300,54,26,28
2415,21,27,4712400,194,92,102
2416,21,27,4712500,51,18,33
2417,21,27,4712600,0,0,0
2418,21,27,4712700,29,17,12
2419,21,27,4712800,479,248,231
2420,21,27,4712900,37,20,17
2421,21,27,4713000,410,191,219
2422,21,27,4713100,585,283,302
2423,21,27,4713200,933,471,462
2424,21,27,4713300,438,208,230
2425,21,27,4713400,1058,538,520
2426,21,27,4713500,996,464,532
2427,21,27,4713600,58,28,30
2428,21,27,4713700,197,96,101
2429,21,27,4713800,1821,892,929
2430,21,27,4713900,291,133,158
2431,21,27,4714000,1038,505,533
2432,21,27,4714100,210,100,110
2433,21,27,4714200,0,0,0
2434,21,27,4714300,125,65,60
2435,21,27,4714400,367,180,187
2436,21,27,4714500,125,64,61
2437,21,27,4714600,431,203,228
2438,21,27,4714700,669,321,348
2439,21,27,4714800,197,92,105
2440,21,27,4714900,951,457,494
2441,21,27,4715000,132,62,70
2442,21,27,4715100,590,287,303
2443,21,27,4715200,375,191,184
2444,21,27,4715300,694,340,354
2445,21,27,4715400,451,203,248
2446,21,27,4715500,1408,717,691
2447,21,27,4715600,291,145,146
2448,21,27,4715700,244,118,126
2449,21,27,4715800,212,116,96
2450,21,27,4715900,121,54,67
2451,21,27,4716000,19,6,13
2452,21,27,4716100,57,28,29
2453,21,27,4716200,70,36,34
2454,21,27,4716300,53,22,31
2455,21,27,4716400,33,19,14
2456,21,27,4716500,74,35,39
2457,21,27,4716600,67,30,37
2458,21,27,4716700,0,0,0
2459,21,27,4716800,56,25,31
2460,21,27,4716900,115,57,58
2461,21,27,4717000,451,237,214
2462,21,27,4717100,96,48,48
2463,21,27,4717200,145,74,71
2464,21,27,4717300,0,0,0
2465,21,27,4717400,156,84,72
2466,21,27,4717500,89,44,45
2467,21,27,4717600,0,0,0
2468,21,27,4717700,241,121,120
2469,21,27,4717800,89,42,47
2470,21,27,4717900,353,167,186
2471,21,27,4718000,54,21,33
2472,21,27,4718100,145,64,81
2473,21,27,4718200,156,84,72
2474,21,27,4718300,33,14,19
2475,21,27,4718400,19,4,15
2476,21,27,4718500,169,77,92
2477,21,27,4718600,402,200,202
2478,21,27,4718700,130,60,70
2479,21,27,4718800,42,14,28
2480,21,27,4718900,191,90,101
2481,21,27,4719000,0,0,0
2482,21,27,4719100,56,28,28
2483,21,27,4719200,1180,559,621
2484,21,27,4719300,505,244,261
2485,21,27,4719400,295,145,150
2486,21,27,4719500,487,227,260
2487,21,27,4719600,14,9,5
2488,21,27,4719700,161,84,77
2489,21,27,4719800,677,351,326
2490,21,27,4719900,361,172,189
2491,21,27,4720000,748,355,393
2492,21,27,4720100,1081,511,570
2493,21,27,4720200,37,17,20
2494,21,27,4720300,367,179,188
2495,21,27,4720400,489,239,250
2496,21,27,4720500,822,408,414
2497,21,27,4720600,0,0,0
2498,21,27,4720700,95,44,51
2499,21,27,4720800,81,41,40
2500,21,27,4720900,498,243,255
2501,21,27,4721000,42,27,15
2502,21,27,4721100,51,26,25
2503,21,27,4721200,67,34,33
2504,21,27,4721300,72,38,34
2505,21,27,4721400,72,29,43
2506,21,27,4721500,128,65,63
2507,21,27,4721600,131,72,59
2508,21,27,4721700,103,46,57
2509,21,27,4721800,172,87,85
2510,21,27,4721900,160,91,69
2511,21,27,4722000,133,74,59
2512,21,27,4722100,265,138,127
2513,21,27,4722200,48,25,23
2514,21,27,4722300,360,185,175
2515,21,27,4722400,308,148,160
2516,21,27,4722500,221,107,114
2517,21,27,4722600,74,41,33
2518,21,27,4722700,180,91,89
2519,21,27,4722800,300,145,155
2520,21,27,4722900,191,97,94
2521,21,27,4723000,51,25,26
2522,21,27,4723100,764,375,389
2523,21,27,4723200,1277,662,615
2524,21,27,4723300,248,109,139
2525,21,27,4723400,191,80,111
2526,21,27,4723500,922,487,435
2527,21,27,4723600,353,178,175
2528,21,27,4723700,383,210,173
2529,21,27,4723800,221,100,121
2530,21,27,4723900,386,197,189
2531,21,27,4724000,616,310,306
2532,21,27,4724100,62,28,34
2533,21,27,4724200,576,266,310
2534,21,27,4724300,221,116,105
2535,21,27,4724400,323,165,158
2536,21,27,4724500,233,115,118
2537,21,27,4724600,620,297,323
2538,21,27,4724700,0,0,0
2539,21,27,4724800,100,50,50
2540,21,27,4724900,486,247,239
2541,21,27,4725000,77,34,43
2542,21,27,4725100,169,70,99
2543,21,27,4725200,26,10,16
2544,21,27,4725300,594,299,295
2545,21,27,4725400,75,37,38
2546,21,27,4725500,145,70,75
2547,21,27,4725600,141,72,69
2548,21,27,4725700,77,34,43
2549,21,27,4725800,116,56,60
2550,21,27,4725900,239,123,116
2551,21,27,4726000,1670,748,922
2552,21,27,4726100,237,109,128
2553,21,27,4726200,265,131,134
2554,21,27,4726300,0,0,0
2555,21,27,4726400,319,153,166
2556,21,27,4726500,917,475,442
2557,21,27,4726600,221,106,115
2558,21,27,4726700,963,456,507
2559,21,27,4726800,1121,510,611
2560,21,27,4726900,609,303,306
2561,21,27,4727000,1481,862,619
2562,21,27,4727100,585,258,327
2563,21,27,4727200,451,219,232
2564,21,27,4727300,723,348,375
2565,21,27,4727400,385,191,194
2566,21,27,4727500,681,362,319
2567,21,27,4727600,237,118,119
2568,21,27,4727700,481,235,246
2569,21,27,4727800,157,83,74
2570,21,27,4727900,20,6,14
2571,21,27,4728000,876,418,458
2572,21,27,4728100,303,136,167
2573,21,27,4728200,260,130,130
2574,21,27,4728300,920,462,458
2575,21,27,4728400,34,14,20
2576,21,27,4728500,796,526,270
2577,21,27,4728600,329,157,172
2578,21,27,4728700,206,106,100
2579,21,27,4728800,387,183,204
2580,21,27,4728900,466,225,241
2581,21,27,4729000,363,178,185
2582,21,27,4729100,99,42,57
2583,21,27,4729200,973,470,503
2584,21,27,4729300,123,53,70
2585,21,27,4729400,0,0,0
2586,21,27,4729500,1553,796,757
2587,21,27,4729600,123,62,61
2588,21,27,4729700,409,185,224
2589,21,27,4729800,232,128,104
2590,21,27,4729900,225,106,119
2591,21,27,4730000,76,36,40
2592,21,27,4730100,268,122,146
2593,21,27,4730200,100,51,49
2594,21,27,4730300,163,81,82
2595,21,27,4730400,80,37,43
2596,21,27,4730500,0,0,0
2597,21,27,4730600,180,91,89
2598,21,27,4730700,0,0,0
2599,21,27,4730800,308,160,148
2600,21,27,4730900,110,61,49
2601,21,27,4731000,4,2,2
2602,21,27,4731100,103,61,42
2603,21,27,4731200,171,84,87
2604,21,27,4731300,74,35,39
2605,21,27,4731400,808,391,417
2606,21,27,4731500,457,255,202
2607,21,27,4731600,417,193,224
2608,21,27,4731700,377,202,175
2609,21,27,4731800,2283,1100,1183
2610,21,27,4731900,256,123,133
2611,21,27,4732000,0,0,0
2612,21,27,4732100,884,428,456
2613,21,27,4732200,604,290,314
2614,21,27,4732300,664,330,334
2615,21,27,4732400,375,199,176
2616,21,27,4732500,2594,1355,1239
2617,21,27,4732600,506,252,254
2618,21,27,4732700,242,128,114
2619,21,27,4732800,628,291,337
2620,21,27,4732900,29,14,15
2621,21,27,4733000,141,72,69
2622,21,27,4733100,1181,581,600
2623,21,27,4733200,422,209,213
2624,21,27,4733300,1107,544,563
2625,21,27,4733400,110,51,59
2626,21,27,4733500,180,89,91
2627,21,27,4733600,109,54,55
2628,21,27,4733700,105,53,52
2629,21,27,4733800,1440,727,713
2630,21,27,4733900,288,136,152
2631,21,27,4734000,172,82,90
2632,21,27,4734100,189,87,102
2633,21,27,4734200,152,70,82
2634,21,27,4734300,101,58,43
2635,21,27,4734400,525,257,268
2636,21,27,4734500,455,224,231
2637,21,27,4734600,1369,668,701
2638,21,27,4734700,266,114,152
2639,21,27,4734800,321,167,154
2640,21,27,4734900,130,66,64
2641,21,27,4735000,569,275,294
2642,21,27,4735100,265,131,134
2643,21,27,4735200,565,280,285
2644,21,27,4735300,322,153,169
2645,21,27,4735400,937,426,511
2646,21,27,4735500,258,109,149
2647,21,27,4735600,433,206,227
2648,21,27,4735700,527,297,230
2649,21,27,4735800,1290,705,585
2650,21,27,4735900,1518,761,757
2651,21,27,4736000,1625,852,773
2652,21,27,4736100,813,391,422
2653,21,27,4736200,297,152,145
2654,21,27,4736300,267,138,129
2655,21,27,4736400,170,83,87
2656,21,27,4736500,407,192,215
2657,21,27,4736600,2039,1007,1032
2658,21,27,4736700,409,211,198
2659,21,27,4736800,1380,734,646
2660,21,27,4736900,175,77,98
2661,21,27,4737000,385,189,196
2662,21,27,4737100,194,100,94
2663,21,27,4737200,363,175,188
2664,21,27,4737300,322,153,169
2665,21,27,4737400,221,99,122
2666,21,27,4737500,1181,646,535
