,Statecode,Districtcode,VillageCode,Population,Males,Females
0,21,19,3049400,1114,549,565
1,21,19,3049500,201,103,98
2,21,19,3049600,88,40,48
3,21,19,3049700,126,65,61
4,21,19,3049800,553,296,257
5,21,19,3049900,193,97,96
6,21,19,3050000,153,78,75
7,21,19,3050100,158,80,78
8,21,19,3050200,1347,783,564
9,21,19,3050300,401,190,211
10,21,19,3050400,129,66,63
11,21,19,3050500,284,132,152
12,21,19,3050600,792,403,389
13,21,19,3050700,1085,568,517
14,21,19,3050800,2582,1300,1282
15,21,19,3050900,857,422,435
16,21,19,3051000,324,168,156
17,21,19,3051100,420,238,182
18,21,19,3051200,3934,2016,1918
19,21,19,3051300,828,422,406
20,21,19,3051400,1298,625,673
21,21,19,3051500,589,292,297
22,21,19,3051600,1754,905,849
23,21,19,3051700,258,134,124
24,21,19,3051800,526,287,239
25,21,19,3051900,1257,634,623
26,21,19,3052000,1052,511,541
27,21,19,3052100,3555,1794,1761
28,21,19,3052200,1277,632,645
29,21,19,3052300,2537,1288,1249
30,21,19,3052400,25,14,11
31,21,19,3052500,730,368,362
32,21,19,3052600,1619,827,792
33,21,19,3052700,692,346,346
34,21,19,3052800,972,486,486
35,21,19,3052900,67,27,40
36,21,19,3053000,2148,1062,1086
37,21,19,3053100,761,416,345
38,21,19,3053200,5337,2690,2647
39,21,19,3053300,546,284,262
40,21,19,3053400,2101,1043,1058
41,21,19,3053500,364,183,181
42,21,19,3053600,792,419,373
43,21,19,3053700,2200,1154,1046
44,21,19,3053800,410,204,206
45,21,19,3053900,1984,983,1001
46,21,19,3054000,575,283,292
47,21,19,3054100,1154,543,611
48,21,19,3054200,1764,907,857
49,21,19,3054300,463,230,233
50,21,19,3054400,2,1,1
51,21,19,3054500,1206,594,612
52,21,19,3054600,914,463,451
53,21,19,3054700,386,197,189
54,21,19,3054800,561,266,295
55,21,19,3054900,2506,1275,1231
56,21,19,3055000,719,339,380
57,21,19,3055100,350,175,175
58,21,19,3055200,648,317,331
59,21,19,3055300,2062,962,1100
60,21,19,3055400,0,0,0
61,21,19,3055500,36,18,18
62,21,19,3055600,67,30,37
63,21,19,3055700,465,236,229
64,21,19,3055800,59,23,36
65,21,19,3055900,2,1,1
66,21,19,3056000,7,4,3
67,21,19,3056100,925,442,483
68,21,19,3056200,0,0,0
69,21,19,3056300,66,33,33
70,21,19,3056400,965,486,479
71,21,19,3056500,563,274,289
72,21,19,3056600,366,187,179
73,21,19,3056700,659,345,314
74,21,19,3056800,79,39,40
75,21,19,3056900,771,375,396
76,21,19,3057000,1974,913,1061
77,21,19,3057100,1497,734,763
78,21,19,3057200,1735,881,854
79,21,19,3057300,19,7,12
80,21,19,3057400,1746,851,895
81,21,19,3057500,354,186,168
82,21,19,3057600,1235,603,632
83,21,19,3057700,436,193,243
84,21,19,3057800,69,36,33
85,21,19,3057900,0,0,0
86,21,19,3058000,391,206,185
87,21,19,3058100,6186,3097,3089
88,21,19,3058200,107,55,52
89,21,19,3058300,436,219,217
90,21,19,3058400,425,218,207
91,21,19,3058500,972,516,456
92,21,19,3058600,113,53,60
93,21,19,3058700,9,4,5
94,21,19,3058800,799,376,423
95,21,19,3058900,893,456,437
96,21,19,3059000,975,458,517
97,21,19,3059100,399,208,191
98,21,19,3059200,1580,736,844
99,21,19,3059300,495,255,240
100,21,19,3059400,94,33,61
101,21,19,3059500,348,164,184
102,21,19,3059600,1574,789,785
103,21,19,3059700,587,276,311
104,21,19,3059800,1154,585,569
105,21,19,3059900,819,416,403
106,21,19,3060000,504,240,264
107,21,19,3060100,301,147,154
108,21,19,3060200,74,41,33
109,21,19,3060300,88,40,48
110,21,19,3060400,266,134,132
111,21,19,3060500,749,376,373
112,21,19,3060600,1674,862,812
113,21,19,3060700,227,114,113
114,21,19,3060800,223,107,116
115,21,19,3060900,3448,1706,1742
116,21,19,3061000,2767,1383,1384
117,21,19,3061100,841,427,414
118,21,19,3061200,249,133,116
119,21,19,3061300,414,211,203
120,21,19,3061400,819,414,405
121,21,19,3061500,554,263,291
122,21,19,3061600,2413,1190,1223
123,21,19,3061700,621,294,327
124,21,19,3061800,981,469,512
125,21,19,3061900,759,399,360
126,21,19,3062000,145,77,68
127,21,19,3062100,550,269,281
128,21,19,3062200,68,37,31
129,21,19,3062300,116,65,51
130,21,19,3062400,0,0,0
131,21,19,3062500,0,0,0
132,21,19,3062600,32,16,16
133,21,19,3062700,1553,800,753
134,21,19,3062800,125,59,66
135,21,19,3062900,5402,2779,2623
136,21,19,3063000,7,4,3
137,21,19,3063100,2567,1283,1284
138,21,19,3063200,1782,887,895
139,21,19,3063300,476,233,243
140,21,19,3063400,726,371,355
141,21,19,3063500,2322,1189,1133
142,21,19,3063600,421,205,216
143,21,19,3063700,57,23,34
144,21,19,3063800,702,346,356
145,21,19,3063900,1713,836,877
146,21,19,3064000,699,339,360
147,21,19,3064100,2531,1234,1297
148,21,19,3064200,4289,2229,2060
149,21,19,3064300,69,39,30
150,21,19,3064400,315,154,161
151,21,19,3064500,3142,1537,1605
152,21,19,3064600,2269,1116,1153
153,21,19,3064700,233,122,111
154,21,19,3064800,202,107,95
155,21,19,3064900,297,145,152
156,21,19,3065000,367,188,179
157,21,19,3065100,202,94,108
158,21,19,3065200,725,358,367
159,21,19,3065300,1489,745,744
160,21,19,3065400,1119,530,589
161,21,19,3065500,404,205,199
162,21,19,3065600,742,339,403
163,21,19,3065700,719,354,365
164,21,19,3065800,848,436,412
165,21,19,3065900,3793,1828,1965
166,21,19,3066000,601,296,305
167,21,19,3066100,940,434,506
168,21,19,3066200,1810,872,938
169,21,19,3066300,1281,612,669
170,21,19,3066400,1192,580,612
171,21,19,3066500,892,466,426
172,21,19,3066600,1809,891,918
173,21,19,3066700,1244,592,652
174,21,19,3066800,1802,901,901
175,21,19,3066900,957,499,458
176,21,19,3067000,1152,584,568
177,21,19,3067100,800,386,414
178,21,19,3067200,1291,665,626
179,21,19,3067300,1063,462,601
180,21,19,3067400,332,169,163
181,21,19,3067500,1511,677,834
182,21,19,3067600,1545,749,796
183,21,19,3067700,1351,637,714
184,21,19,3067800,1425,708,717
185,21,19,3067900,3853,1874,1979
186,21,19,3068000,949,497,452
187,21,19,3068100,20,9,11
188,21,19,3068200,114,49,65
189,21,19,3068300,1076,562,514
190,21,19,3068400,460,223,237
191,21,19,3068500,194,94,100
192,21,19,3068600,3302,1610,1692
193,21,19,3068700,1619,805,814
194,21,19,3068800,537,268,269
195,21,19,3068900,0,0,0
196,21,19,3069000,859,432,427
197,21,19,3069100,43,23,20
198,21,19,3069200,382,201,181
199,21,19,3069300,240,116,124
200,21,19,3069400,1622,871,751
201,21,19,3069500,39,22,17
202,21,19,3069600,1051,539,512
203,21,19,3069700,2137,1057,1080
204,21,19,3069800,1557,763,794
205,21,19,3069900,1374,677,697
206,21,19,3070000,0,0,0
207,21,19,3070100,842,403,439
208,21,19,3070200,1481,676,805
209,21,19,3070300,1542,738,804
210,21,19,3070400,2518,1170,1348
211,21,19,3070500,709,332,377
212,21,19,3070600,0,0,0
213,21,19,3070700,1503,725,778
214,21,19,3070800,3372,1623,1749
215,21,19,3070900,1625,782,843
216,21,19,3071000,1857,825,1032
217,21,19,3071100,2179,1057,1122
218,21,19,3071200,385,188,197
219,21,19,3071300,1576,821,755
220,21,19,3071400,1538,735,803
221,21,19,3071500,2243,1186,1057
222,21,19,3071600,1842,937,905
223,21,19,3071700,0,0,0
224,21,19,3071800,3496,1674,1822
225,21,19,3071900,0,0,0
226,21,19,3072000,1162,567,595
227,21,19,3072100,1829,924,905
228,21,19,3072200,972,505,467
229,21,19,3072300,1860,863,997
230,21,19,3072400,1895,944,951
231,21,19,3072500,1579,769,810
232,21,19,3072600,498,265,233
233,21,19,3072700,92,46,46
234,21,19,3072800,212,105,107
235,21,19,3072900,60,28,32
236,21,19,3073000,0,0,0
237,21,19,3073100,183,91,92
238,21,19,3073200,269,135,134
239,21,19,3073300,204,110,94
240,21,19,3073400,700,385,315
241,21,19,3073500,3952,2007,1945
242,21,19,3073600,2672,1351,1321
243,21,19,3073700,0,0,0
244,21,19,3073800,1730,860,870
245,21,19,3073900,1165,592,573
246,21,19,3074000,581,292,289
247,21,19,3074100,1404,668,736
248,21,19,3074200,571,273,298
249,21,19,3074300,2859,1396,1463
250,21,19,3074400,1249,602,647
251,21,19,3074500,1593,779,814
252,21,19,3074600,1884,878,1006
253,21,19,3074700,1673,857,816
254,21,19,3074800,2391,1163,1228
255,21,19,3074900,1011,508,503
256,21,19,3075000,1440,712,728
257,21,19,3075100,126,60,66
258,21,19,3075200,5847,2884,2963
259,21,19,3075300,1225,638,587
260,21,19,3075400,1781,879,902
261,21,19,3075500,375,178,197
262,21,19,3075600,142,69,73
263,21,19,3075700,69,28,41
264,21,19,3075800,325,158,167
265,21,19,3075900,484,229,255
266,21,19,3076000,851,408,443
267,21,19,3076100,400,209,191
268,21,19,3076200,419,201,218
269,21,19,3076300,592,312,280
270,21,19,3076400,2701,1440,1261
271,21,19,3076500,2618,1294,1324
272,21,19,3076600,501,248,253
273,21,19,3076700,79,41,38
274,21,19,3076800,949,442,507
275,21,19,3076900,493,242,251
276,21,19,3077000,77,36,41
277,21,19,3077100,4749,2361,2388
278,21,19,3077200,183,79,104
279,21,19,3077300,920,437,483
280,21,19,3077400,920,466,454
281,21,19,3077500,361,175,186
282,21,19,3077600,1553,759,794
283,21,19,3077700,368,175,193
284,21,19,3077800,101,47,54
285,21,19,3077900,724,352,372
286,21,19,3078000,942,483,459
287,21,19,3078100,61,29,32
288,21,19,3078200,371,187,184
289,21,19,3078300,1666,840,826
290,21,19,3078400,669,345,324
291,21,19,3078500,195,95,100
292,21,19,3078600,427,221,206
293,21,19,3078700,1055,519,536
294,21,19,3078800,463,231,232
295,21,19,3078900,386,194,192
296,21,19,3079000,187,97,90
297,21,19,3079100,587,281,306
298,21,19,3079200,2451,1214,1237
299,21,19,3079300,853,418,435
300,21,19,3079400,123,74,49
301,21,19,3079500,135,68,67
302,21,19,3079600,283,145,138
303,21,19,3079700,0,0,0
304,21,19,3079800,857,413,444
305,21,19,3079900,324,163,161
306,21,19,3080000,846,446,400
307,21,19,3080100,144,73,71
308,21,19,3080200,1015,519,496
309,21,19,3080300,774,399,375
310,21,19,3080400,199,103,96
311,21,19,3080500,1381,640,741
312,21,19,3080600,1572,784,788
313,21,19,3080700,1261,629,632
314,21,19,3080800,854,427,427
315,21,19,3080900,739,365,374
316,21,19,3081000,2063,1073,990
317,21,19,3081100,1097,528,569
318,21,19,3081200,1605,841,764
319,21,19,3081300,1043,522,521
320,21,19,3081400,1607,788,819
321,21,19,3081500,724,380,344
322,21,19,3081600,0,0,0
323,21,19,3081700,1470,739,731
324,21,19,3081800,6246,3141,3105
325,21,19,3081900,1509,773,736
326,21,19,3082000,8124,4245,3879
327,21,19,3082100,0,0,0
328,21,19,3082200,0,0,0
329,21,19,3082300,2904,1428,1476
330,21,19,3082400,274,135,139
331,21,19,3082500,717,340,377
332,21,19,3082600,2706,1346,1360
333,21,19,3082700,860,427,433
334,21,19,3082800,475,227,248
335,21,19,3082900,1983,1000,983
336,21,19,3083000,797,368,429
337,21,19,3083100,244,124,120
338,21,19,3083200,301,147,154
339,21,19,3083300,39,20,19
340,21,19,3083400,1560,846,714
341,21,19,3083500,544,294,250
342,21,19,3083600,589,304,285
343,21,19,3083700,1835,897,938
344,21,19,3083800,561,251,310
345,21,19,3083900,4350,2058,2292
346,21,19,3084000,1640,821,819
347,21,19,3084100,3517,1745,1772
348,21,19,3084200,617,298,319
349,21,19,3084300,1275,638,637
350,21,19,3084400,3622,1826,1796
351,21,19,3084500,1598,809,789
352,21,19,3084600,3444,1756,1688
353,21,19,3084700,1235,583,652
354,21,19,3084800,3680,1901,1779
355,21,19,3084900,765,399,366
356,21,19,3085000,261,130,131
357,21,19,3085100,0,0,0
358,21,19,3085200,1308,668,640
359,21,19,3085300,346,178,168
360,21,19,3085400,2070,1015,1055
361,21,19,3085500,87,47,40
362,21,19,3085600,0,0,0
363,21,19,3085700,122,60,62
364,21,19,3085800,0,0,0
365,21,19,3085900,161,79,82
366,21,19,3086000,173,89,84
367,21,19,3086100,636,311,325
368,21,19,3086200,1602,820,782
369,21,19,3086300,1492,768,724
370,21,19,3086400,467,212,255
371,21,19,3086500,1790,859,931
372,21,19,3086600,2513,1239,1274
373,21,19,3086700,2160,981,1179
374,21,19,3086800,1839,879,960
375,21,19,3086900,619,319,300
376,21,19,3087000,905,422,483
377,21,19,3087100,1119,542,577
378,21,19,3087200,2081,1021,1060
379,21,19,3087300,1250,622,628
380,21,19,3087400,205,89,116
381,21,19,3087500,699,319,380
382,21,19,3087600,380,182,198
383,21,19,3087700,1193,587,606
384,21,19,3087800,2126,1049,1077
385,21,19,3087900,2462,1231,1231
386,21,19,3088000,660,327,333
387,21,19,3088100,876,435,441
388,21,19,3088200,1653,764,889
389,21,19,3088300,3011,1472,1539
390,21,19,3088400,705,327,378
391,21,19,3088500,1731,839,892
392,21,19,3088600,304,151,153
393,21,19,3088700,2445,1160,1285
394,21,19,3088800,1841,913,928
395,21,19,3088900,1429,681,748
396,21,19,3089000,1622,753,869
397,21,19,3089100,755,348,407
398,21,19,3089200,2100,1030,1070
399,21,19,3089300,936,440,496
400,21,19,3089400,0,0,0
401,21,19,3089500,1981,955,1026
402,21,19,3089600,19,9,10
403,21,19,3089700,4062,1934,2128
404,21,19,3089800,594,273,321
405,21,19,3089900,2069,975,1094
406,21,19,3090000,604,306,298
407,21,19,3090100,2434,1149,1285
408,21,19,3090200,2517,1249,1268
409,21,19,3090300,598,294,304
410,21,19,3090400,291,148,143
411,21,19,3090500,365,180,185
412,21,19,3090600,581,295,286
413,21,19,3090700,1283,657,626
414,21,19,3090800,477,245,232
415,21,19,3090900,811,394,417
416,21,19,3091000,2805,1365,1440
417,21,19,3091100,2144,1071,1073
418,21,19,3091200,1352,636,716
419,21,19,3091300,2834,1313,1521
420,21,19,3091400,799,393,406
421,21,19,3091500,426,225,201
422,21,19,3091600,3693,1874,1819
423,21,19,3091700,597,291,306
424,21,19,3091800,1096,548,548
425,21,19,3091900,1298,640,658
426,21,19,3092000,365,197,168
427,21,19,3092100,23,15,8
428,21,19,3092200,1042,527,515
429,21,19,3092300,1876,848,1028
430,21,19,3092400,517,257,260
431,21,19,3092500,373,175,198
432,21,19,3092600,2254,996,1258
433,21,19,3092700,1345,646,699
434,21,19,3092800,711,325,386
435,21,19,3092900,1852,833,1019
436,21,19,3093000,1065,496,569
437,21,19,3093100,1656,826,830
438,21,19,3093200,870,436,434
439,21,19,3093300,2766,1425,1341
440,21,19,3093400,465,223,242
441,21,19,3093500,861,444,417
442,21,19,3093600,763,328,435
443,21,19,3093700,1225,581,644
444,21,19,3093800,2441,1118,1323
445,21,19,3093900,3234,1602,1632
446,21,19,3094000,884,445,439
447,21,19,3094100,1079,562,517
448,21,19,3094200,683,325,358
449,21,19,3094300,2207,1102,1105
450,21,19,3094400,458,223,235
451,21,19,3094500,1397,678,719
452,21,19,3094600,2026,1009,1017
453,21,19,3094700,2769,1330,1439
454,21,19,3094800,2486,1201,1285
455,21,19,3094900,2735,1318,1417
456,21,19,3095000,884,420,464
457,21,19,3095100,1595,755,840
458,21,19,3095200,699,340,359
459,21,19,3095300,805,366,439
460,21,19,3095400,3212,1501,1711
461,21,19,3095500,911,432,479
462,21,19,3095600,3495,1730,1765
463,21,19,3095700,1428,698,730
464,21,19,3095800,3631,1718,1913
465,21,19,3095900,1640,870,770
466,21,19,3096000,1633,751,882
467,21,19,3096100,400,205,195
468,21,19,3096200,3562,1738,1824
469,21,19,3096300,1716,797,919
470,21,19,3096400,2135,997,1138
471,21,19,3096500,1710,798,912
472,21,19,3096600,1342,630,712
473,21,19,3096700,2705,1279,1426
474,21,19,3096800,335,167,168
475,21,19,3096900,3277,1533,1744
476,21,19,3097000,1055,559,496
477,21,19,3097100,1141,557,584
478,21,19,3097200,925,454,471
479,21,19,3097300,3582,1610,1972
480,21,19,3097400,2275,1082,1193
481,21,19,3097500,817,396,421
482,21,19,3097600,1657,769,888
483,21,19,3097700,638,323,315
484,21,19,3097800,5902,2971,2931
485,21,19,3097900,0,0,0
486,21,19,3098000,1902,904,998
487,21,19,3098100,1800,819,981
488,21,19,3098200,3471,1624,1847
489,21,19,3098300,2703,1347,1356
490,21,19,3098400,1903,852,1051
491,21,19,3098500,796,347,449
492,21,19,3098600,2179,1049,1130
493,21,19,3098700,1490,743,747
494,21,19,3098800,0,0,0
495,21,19,3098900,0,0,0
496,21,19,3099000,315,148,167
497,21,19,3099100,1204,567,637
498,21,19,3099200,0,0,0
499,21,19,3099300,0,0,0
500,21,19,3099400,708,308,400
501,21,19,3099500,602,301,301
502,21,19,3099600,44,23,21
503,21,19,3099700,3555,1675,1880
504,21,19,3099800,92,36,56
505,21,19,3099900,0,0,0
506,21,19,3100000,50,23,27
507,21,19,3100100,0,0,0
508,21,19,3100200,0,0,0
509,21,19,3100300,0,0,0
510,21,19,3100400,0,0,0
511,21,19,3100500,233,121,112
512,21,19,3100600,69,37,32
513,21,19,3100700,0,0,0
514,21,19,3100800,34,14,20
515,21,19,3100900,4233,2074,2159
516,21,19,3101000,2808,1434,1374
517,21,19,3101100,606,305,301
518,21,19,3101200,1545,763,782
519,21,19,3101300,0,0,0
520,21,19,3101400,0,0,0
521,21,19,3101500,2523,1252,1271
522,21,19,3101600,173,91,82
523,21,19,3101700,490,247,243
524,21,19,3101800,49,24,25
525,21,19,3101900,283,110,173
526,21,19,3102000,1394,643,751
527,21,19,3102100,73,33,40
528,21,19,3102200,0,0,0
529,21,19,3102300,217,89,128
530,21,19,3102400,94,49,45
531,21,19,3102500,1564,778,786
532,21,19,3102600,38,16,22
533,21,19,3102700,142,67,75
534,21,19,3102800,239,132,107
535,21,19,3102900,270,121,149
536,21,19,3103000,519,240,279
537,21,19,3103100,953,455,498
538,21,19,3103200,132,56,76
539,21,19,3103300,68,36,32
540,21,19,3103400,297,161,136
541,21,19,3103500,88,38,50
542,21,19,3103600,0,0,0
543,21,19,3103700,199,93,106
544,21,19,3103800,39,22,17
545,21,19,3103900,740,343,397
546,21,19,3104000,993,447,546
547,21,19,3104100,177,93,84
548,21,19,3104200,3802,1927,1875
549,21,19,3104300,862,450,412
550,21,19,3104400,643,290,353
551,21,19,3104500,116,63,53
552,21,19,3104600,56,22,34
553,21,19,3104700,166,87,79
554,21,19,3104800,372,177,195
555,21,19,3104900,0,0,0
556,21,19,3105000,282,125,157
557,21,19,3105100,145,69,76
558,21,19,3105200,439,219,220
559,21,19,3105300,65,30,35
560,21,19,3105400,32,15,17
561,21,19,3105500,0,0,0
562,21,19,3105600,70,32,38
563,21,19,3105700,29,15,14
564,21,19,3105800,305,154,151
565,21,19,3105900,1824,982,842
566,21,19,3106000,0,0,0
567,21,19,3106100,393,202,191
568,21,19,3106200,283,151,132
569,21,19,3106300,0,0,0
570,21,19,3106400,358,182,176
571,21,19,3106500,654,338,316
572,21,19,3106600,1311,708,603
573,21,19,3106700,0,0,0
574,21,19,3106800,0,0,0
575,21,19,3106900,112,51,61
576,21,19,3107000,211,116,95
577,21,19,3107100,0,0,0
578,21,19,3107200,113,57,56
579,21,19,3107300,831,404,427
580,21,19,3107400,66,33,33
581,21,19,3107500,104,50,54
582,21,19,3107600,1082,537,545
583,21,19,3107700,1229,629,600
584,21,19,3107800,649,325,324
585,21,19,3107900,462,218,244
586,21,19,3108000,214,98,116
587,21,19,3108100,5,2,3
588,21,19,3108200,193,101,92
589,21,19,3108300,862,422,440
590,21,19,3108400,303,169,134
591,21,19,3108500,2163,1070,1093
592,21,19,3108600,7,5,2
593,21,19,3108700,232,115,117
594,21,19,3108800,222,113,109
595,21,19,3108900,677,327,350
596,21,19,3109000,889,454,435
597,21,19,3109100,1504,720,784
598,21,19,3109200,352,169,183
599,21,19,3109300,686,322,364
600,21,19,3109400,1513,701,812
601,21,19,3109500,264,131,133
602,21,19,3109600,675,339,336
603,21,19,3109700,56,22,34
604,21,19,3109800,373,182,191
605,21,19,3109900,755,377,378
606,21,19,3110000,238,124,114
607,21,19,3110100,116,46,70
608,21,19,3110200,119,57,62
609,21,19,3110300,200,97,103
610,21,19,3110400,347,188,159
611,21,19,3110500,212,112,100
612,21,19,3110600,187,88,99
613,21,19,3110700,581,255,326
614,21,19,3110800,852,411,441
615,21,19,3110900,61,27,34
616,21,19,3111000,214,88,126
617,21,19,3111100,0,0,0
618,21,19,3111200,0,0,0
619,21,19,3111300,119,57,62
620,21,19,3111400,490,249,241
621,21,19,3111500,1247,689,558
622,21,19,3111600,475,240,235
623,21,19,3111700,483,238,245
624,21,19,3111800,1003,531,472
625,21,19,3111900,1142,573,569
626,21,19,3112000,2606,1322,1284
627,21,19,3112100,441,215,226
628,21,19,3112200,228,116,112
629,21,19,3112300,1271,667,604
630,21,19,3112400,2495,1275,1220
631,21,19,3112500,305,153,152
632,21,19,3112600,496,250,246
633,21,19,3112700,499,237,262
634,21,19,3112800,4347,2070,2277
635,21,19,3112900,1791,833,958
636,21,19,3113000,2260,1082,1178
637,21,19,3113100,1307,638,669
638,21,19,3113200,1770,897,873
639,21,19,3113300,548,295,253
640,21,19,3113400,764,377,387
641,21,19,3113500,3582,1792,1790
642,21,19,3113600,9,2,7
643,21,19,3113700,76,34,42
644,21,19,3113800,1411,690,721
645,21,19,3113900,74,36,38
646,21,19,3114000,255,130,125
647,21,19,3114100,2,1,1
648,21,19,3114200,70,33,37
649,21,19,3114300,100,53,47
650,21,19,3114400,396,208,188
651,21,19,3114500,0,0,0
652,21,19,3114600,1327,664,663
653,21,19,3114700,266,124,142
654,21,19,3114800,418,220,198
655,21,19,3114900,815,412,403
656,21,19,3115000,0,0,0
657,21,19,3115100,646,317,329
658,21,19,3115200,2495,1266,1229
659,21,19,3115300,659,316,343
660,21,19,3115400,2392,1227,1165
661,21,19,3115500,43,20,23
662,21,19,3115600,1062,525,537
663,21,19,3115700,1543,830,713
664,21,19,3115800,2776,1312,1464
665,21,19,3115900,2269,1109,1160
666,21,19,3116000,3907,1946,1961
667,21,19,3116100,0,0,0
668,21,19,3116200,43,19,24
669,21,19,3116300,0,0,0
670,21,19,3116400,41,22,19
671,21,19,3116500,18,9,9
672,21,19,3116600,80,43,37
673,21,19,3116700,5,2,3
674,21,19,3116800,266,135,131
675,21,19,3116900,33,15,18
676,21,19,3117000,79,33,46
677,21,19,3117100,223,114,109
678,21,19,3117200,114,57,57
679,21,19,3117300,55,32,23
680,21,19,3117400,0,0,0
681,21,19,3117500,0,0,0
682,21,19,3117600,105,63,42
683,21,19,3117700,221,95,126
684,21,19,3117800,0,0,0
685,21,19,3117900,80,40,40
686,21,19,3118000,0,0,0
687,21,19,3118100,32,12,20
688,21,19,3118200,67,28,39
689,21,19,3118300,195,97,98
690,21,19,3118400,61,24,37
691,21,19,3118500,136,69,67
692,21,19,3118600,44,20,24
693,21,19,3118700,73,38,35
694,21,19,3118800,155,82,73
695,21,19,3118900,59,30,29
696,21,19,3119000,18,12,6
697,21,19,3119100,1373,647,726
698,21,19,3119200,28,12,16
699,21,19,3119300,102,46,56
700,21,19,3119400,165,83,82
701,21,19,3119500,255,129,126
702,21,19,3119600,185,83,102
703,21,19,3119700,153,76,77
704,21,19,3119800,113,51,62
705,21,19,3119900,0,0,0
706,21,19,3120000,955,475,480
707,21,19,3120100,231,120,111
708,21,19,3120200,427,214,213
709,21,19,3120300,89,44,45
710,21,19,3120400,176,92,84
711,21,19,3120500,392,188,204
712,21,19,3120600,20,12,8
713,21,19,3120700,0,0,0
714,21,19,3120800,60,29,31
715,21,19,3120900,0,0,0
716,21,19,3121000,0,0,0
717,21,19,3121100,86,49,37
718,21,19,3121200,518,263,255
719,21,19,3121300,23,15,8
720,21,19,3121400,1073,563,510
721,21,19,3121500,426,229,197
722,21,19,3121600,918,468,450
723,21,19,3121700,186,102,84
724,21,19,3121800,1488,751,737
725,21,19,3121900,250,122,128
726,21,19,3122000,2619,1318,1301
727,21,19,3122100,94,40,54
728,21,19,3122200,0,0,0
729,21,19,3122300,266,129,137
730,21,19,3122400,126,57,69
731,21,19,3122500,423,215,208
732,21,19,3122600,594,293,301
733,21,19,3122700,324,174,150
734,21,19,3122800,2342,1133,1209
735,21,19,3122900,1543,782,761
736,21,19,3123000,110,50,60
737,21,19,3123100,83,43,40
738,21,19,3123200,134,61,73
739,21,19,3123300,84,44,40
740,21,19,3123400,565,290,275
741,21,19,3123500,1222,600,622
742,21,19,3123600,926,469,457
743,21,19,3123700,1064,554,510
744,21,19,3123800,383,197,186
745,21,19,3123900,1950,1014,936
746,21,19,3124000,148,70,78
747,21,19,3124100,853,451,402
748,21,19,3124200,285,146,139
749,21,19,3124300,296,167,129
750,21,19,3124400,298,144,154
751,21,19,3124500,1782,933,849
752,21,19,3124600,46,19,27
753,21,19,3124700,659,308,351
754,21,19,3124800,999,511,488
755,21,19,3124900,0,0,0
756,21,19,3125000,0,0,0
757,21,19,3125100,0,0,0
758,21,19,3125200,225,110,115
759,21,19,3125300,95,51,44
760,21,19,3125400,190,107,83
761,21,19,3125500,595,276,319
762,21,19,3125600,38,20,18
763,21,19,3125700,0,0,0
764,21,19,3125800,120,56,64
765,21,19,3125900,168,84,84
766,21,19,3126000,186,86,100
767,21,19,3126100,444,219,225
768,21,19,3126200,658,349,309
769,21,19,3126300,531,260,271
770,21,19,3126400,0,0,0
771,21,19,3126500,0,0,0
772,21,19,3126600,0,0,0
773,21,19,3126700,657,329,328
774,21,19,3126800,1249,636,613
775,21,19,3126900,0,0,0
776,21,19,3127000,1917,1010,907
777,21,19,3127100,1051,535,516
778,21,19,3127200,2270,1144,1126
779,21,19,3127300,205,95,110
780,21,19,3127400,0,0,0
781,21,19,3127500,497,259,238
782,21,19,3127600,1378,700,678
783,21,19,3127700,2219,1178,1041
784,21,19,3127800,51,23,28
785,21,19,3127900,3880,1982,1898
786,21,19,3128000,749,394,355
787,21,19,3128100,0,0,0
788,21,19,3128200,88,34,54
789,21,19,3128300,705,318,387
790,21,19,3128400,375,165,210
791,21,19,3128500,178,93,85
792,21,19,3128600,39,18,21
793,21,19,3128700,711,352,359
794,21,19,3128800,0,0,0
795,21,19,3128900,0,0,0
796,21,19,3129000,0,0,0
797,21,19,3129100,398,183,215
798,21,19,3129200,1422,697,725
799,21,19,3129300,505,237,268
800,21,19,3129400,1376,678,698
801,21,19,3129500,231,111,120
802,21,19,3129600,559,265,294
803,21,19,3129700,1647,817,830
804,21,19,3129800,775,373,402
805,21,19,3129900,3049,1588,1461
806,21,19,3130000,82,41,41
807,21,19,3130100,629,306,323
808,21,19,3130200,242,130,112
809,21,19,3130300,3834,1962,1872
810,21,19,3130400,853,429,424
811,21,19,3130500,0,0,0
812,21,19,3130600,145,70,75
813,21,19,3130700,48,24,24
814,21,19,3130800,8426,4285,4141
815,21,19,3130900,68,28,40
816,21,19,3131000,41,15,26
817,21,19,3131100,92,47,45
818,21,19,3131200,140,66,74
819,21,19,3131300,332,168,164
820,21,19,3131400,600,284,316
821,21,19,3131500,47,25,22
822,21,19,3131600,0,0,0
823,21,19,3131700,158,84,74
824,21,19,3131800,36,14,22
825,21,19,3131900,315,135,180
826,21,19,3132000,501,249,252
827,21,19,3132100,0,0,0
828,21,19,3132200,120,72,48
829,21,19,3132300,49,20,29
830,21,19,3132400,86,46,40
831,21,19,3132500,201,88,113
832,21,19,3132600,103,39,64
833,21,19,3132700,56,23,33
834,21,19,3132800,68,36,32
835,21,19,3132900,137,55,82
836,21,19,3133000,129,61,68
837,21,19,3133100,104,46,58
838,21,19,3133200,129,68,61
839,21,19,3133300,93,43,50
840,21,19,3133400,0,0,0
841,21,19,3133500,209,113,96
842,21,19,3133600,92,41,51
843,21,19,3133700,2548,1291,1257
844,21,19,3133800,499,230,269
845,21,19,3133900,266,122,144
846,21,19,3134000,177,84,93
847,21,19,3134100,145,77,68
848,21,19,3134200,214,104,110
849,21,19,3134300,107,57,50
850,21,19,3134400,158,80,78
851,21,19,3134500,67,36,31
852,21,19,3134600,225,105,120
853,21,19,3134700,313,146,167
854,21,19,3134800,142,72,70
855,21,19,3134900,334,185,149
856,21,19,3135000,166,80,86
857,21,19,3135100,382,185,197
858,21,19,3135200,1554,818,736
859,21,19,3135300,336,165,171
860,21,19,3135400,0,0,0
861,21,19,3135500,929,475,454
862,21,19,3135600,0,0,0
863,21,19,3135700,0,0,0
864,21,19,3135800,2656,1253,1403
865,21,19,3135900,80,40,40
866,21,19,3136000,646,327,319
867,21,19,3136100,2687,1365,1322
868,21,19,3136200,591,314,277
869,21,19,3136300,103,49,54
870,21,19,3136400,0,0,0
871,21,19,3136500,84,47,37
872,21,19,3136600,126,61,65
873,21,19,3136700,212,102,110
874,21,19,3136800,490,249,241
875,21,19,3136900,0,0,0
876,21,19,3137000,0,0,0
877,21,19,3137100,210,104,106
878,21,19,3137200,237,115,122
879,21,19,3137300,357,188,169
880,21,19,3137400,490,242,248
881,21,19,3137500,364,173,191
882,21,19,3137600,908,451,457
883,21,19,3137700,0,0,0
884,21,19,3137800,84,41,43
885,21,19,3137900,57,18,39
886,21,19,3138000,129,59,70
887,21,19,3138100,215,101,114
888,21,19,3138200,182,94,88
889,21,19,3138300,809,404,405
890,21,19,3138400,782,375,407
891,21,19,3138500,153,72,81
892,21,19,3138600,200,103,97
893,21,19,3138700,0,0,0
894,21,19,3138800,0,0,0
895,21,19,3138900,1431,721,710
896,21,19,3139000,807,409,398
897,21,19,3139100,1956,1004,952
898,21,19,3139200,924,457,467
899,21,19,3139300,0,0,0
900,21,19,3139400,691,335,356
901,21,19,3139500,0,0,0
902,21,19,3139600,1381,698,683
903,21,19,3139700,927,473,454
904,21,19,3139800,332,166,166
905,21,19,3139900,608,326,282
906,21,19,3140000,3496,1822,1674
907,21,19,3140100,255,126,129
908,21,19,3140200,510,250,260
909,21,19,3140300,357,164,193
910,21,19,3140400,146,73,73
911,21,19,3140500,251,126,125
912,21,19,3140600,86,39,47
913,21,19,3140700,427,218,209
914,21,19,3140800,51,24,27
915,21,19,3140900,849,431,418
916,21,19,3141000,317,161,156
917,21,19,3141100,0,0,0
918,21,19,3141200,411,200,211
919,21,19,3141300,511,250,261
920,21,19,3141400,1035,477,558
921,21,19,3141500,581,287,294
922,21,19,3141600,622,326,296
923,21,19,3141700,381,191,190
924,21,19,3141800,474,236,238
925,21,19,3141900,147,73,74
926,21,19,3142000,182,94,88
927,21,19,3142100,167,84,83
928,21,19,3142200,936,450,486
929,21,19,3142300,455,220,235
930,21,19,3142400,343,180,163
931,21,19,3142500,210,101,109
932,21,19,3142600,418,188,230
933,21,19,3142700,344,166,178
934,21,19,3142800,143,72,71
935,21,19,3142900,95,47,48
936,21,19,3143000,53,25,28
937,21,19,3143100,162,78,84
938,21,19,3143200,0,0,0
939,21,19,3143300,0,0,0
940,21,19,3143400,94,47,47
941,21,19,3143500,469,241,228
942,21,19,3143600,125,59,66
943,21,19,3143700,2926,1506,1420
944,21,19,3143800,2017,1002,1015
945,21,19,3143900,2681,1360,1321
946,21,19,3144000,1501,751,750
947,21,19,3144100,152,70,82
948,21,19,3144200,1971,1063,908
949,21,19,3144300,1024,537,487
950,21,19,3144400,2518,1318,1200
951,21,19,3144500,784,383,401
952,21,19,3144600,705,347,358
953,21,19,3144700,6920,3460,3460
954,21,19,3144800,2293,1126,1167
955,21,19,3144900,784,365,419
956,21,19,3145000,0,0,0
957,21,19,3145100,269,141,128
958,21,19,3145200,102,53,49
959,21,19,3145300,0,0,0
960,21,19,3145400,2455,1141,1314
961,21,19,3145500,3,2,1
962,21,19,3145600,126,53,73
963,21,19,3145700,522,272,250
964,21,19,3145800,494,253,241
965,21,19,3145900,1402,679,723
966,21,19,3146000,3246,1514,1732
967,21,19,3146100,28,9,19
968,21,19,3146200,2623,1232,1391
969,21,19,3146300,87,33,54
970,21,19,3146400,1138,546,592
971,21,19,3146500,5346,2617,2729
972,21,19,3146600,2437,1181,1256
973,21,19,3146700,1253,636,617
974,21,19,3146800,1081,525,556
975,21,19,3146900,1175,562,613
976,21,19,3147000,881,429,452
977,21,19,3147100,1296,604,692
978,21,19,3147200,1431,738,693
979,21,19,3147300,2094,1002,1092
980,21,19,3147400,1099,543,556
981,21,19,3147500,2786,1388,1398
982,21,19,3147600,910,480,430
983,21,19,3147700,73,33,40
984,21,19,3147800,504,228,276
985,21,19,3147900,391,178,213
986,21,19,3148000,3266,1602,1664
987,21,19,3148100,394,188,206
988,21,19,3148200,4533,2136,2397
989,21,19,3148300,807,410,397
990,21,19,3148400,233,112,121
991,21,19,3148500,729,368,361
992,21,19,3148600,1634,796,838
993,21,19,3148700,518,240,278
994,21,19,3148800,72,33,39
995,21,19,3148900,2778,1429,1349
996,21,19,3149000,0,0,0
997,21,19,3149100,1937,1002,935
998,21,19,3149200,1505,766,739
999,21,19,3149300,645,312,333
1000,21,19,3149400,677,347,330
1001,21,19,3149500,0,0,0
1002,21,19,3149600,362,187,175
1003,21,19,3149700,496,250,246
1004,21,19,3149800,4209,2119,2090
1005,21,19,3149900,143,76,67
1006,21,19,3150000,161,86,75
1007,21,19,3150100,0,0,0
1008,21,19,3150200,122,51,71
1009,21,19,3150300,456,232,224
1010,21,19,3150400,5245,2636,2609
1011,21,19,3150500,297,158,139
1012,21,19,3150600,1389,690,699
1013,21,19,3150700,125,67,58
1014,21,19,3150800,507,254,253
1015,21,19,3150900,2040,1058,982
1016,21,19,3151000,1396,640,756
1017,21,19,3151100,63,30,33
1018,21,19,3151200,469,238,231
1019,21,19,3151300,836,458,378
1020,21,19,3151400,3572,1721,1851
1021,21,19,3151500,699,346,353
1022,21,19,3151600,496,257,239
1023,21,19,3151700,4895,2514,2381
1024,21,19,3151800,1758,917,841
1025,21,19,3151900,1817,926,891
1026,21,19,3152000,1389,677,712
1027,21,19,3152100,782,357,425
1028,21,19,3152200,989,434,555
1029,21,19,3152300,4755,2455,2300
1030,21,19,3152400,1611,768,843
1031,21,19,3152500,932,418,514
1032,21,19,3152600,3813,1682,2131
1033,21,19,3152700,1102,576,526
1034,21,19,3152800,808,405,403
1035,21,19,3152900,48,19,29
1036,21,19,3153000,839,427,412
1037,21,19,3153100,568,293,275
1038,21,19,3153200,2334,1162,1172
1039,21,19,3153300,0,0,0
1040,21,19,3153400,902,448,454
1041,21,19,3153500,972,484,488
1042,21,19,3153600,409,194,215
1043,21,19,3153700,1655,854,801
1044,21,19,3153800,627,326,301
1045,21,19,3153900,886,409,477
1046,21,19,3154000,1136,582,554
1047,21,19,3154100,6779,3399,3380
1048,21,19,3154200,2342,1172,1170
1049,21,19,3154300,2098,1106,992
1050,21,19,3154400,3758,1907,1851
1051,21,19,3154500,881,419,462
1052,21,19,3154600,1429,711,718
1053,21,19,3154700,3070,1523,1547
1054,21,19,3154800,1822,938,884
1055,21,19,3154900,1196,615,581
1056,21,19,3155000,3430,1717,1713
1057,21,19,3155100,1818,902,916
1058,21,19,3155200,945,490,455
1059,21,19,3155300,0,0,0
1060,21,19,3155400,0,0,0
1061,21,19,3155500,1772,850,922
1062,21,19,3155600,942,465,477
1063,21,19,3155700,382,176,206
1064,21,19,3155800,0,0,0
1065,21,19,3155900,680,349,331
1066,21,19,3156000,1392,712,680
1067,21,19,3156100,1416,657,759
1068,21,19,3156200,12,6,6
1069,21,19,3156300,0,0,0
1070,21,19,3156400,125,59,66
1071,21,19,3156500,1539,762,777
1072,21,19,3156600,1490,779,711
1073,21,19,3156700,0,0,0
1074,21,19,3156800,2667,1375,1292
1075,21,19,3156900,2435,1243,1192
1076,21,19,3157000,1685,838,847
1077,21,19,3157100,380,200,180
1078,21,19,3157200,0,0,0
1079,21,19,3157300,2642,1377,1265
1080,21,19,3157400,780,422,358
1081,21,19,3157500,0,0,0
1082,21,19,3157600,783,381,402
1083,21,19,3157700,3717,1880,1837
1084,21,19,3157800,1811,904,907
1085,21,19,3157900,1115,539,576
1086,21,19,3158000,815,392,423
1087,21,19,3158100,101,48,53
1088,21,19,3158200,1432,683,749
1089,21,19,3158300,1527,762,765
1090,21,19,3158400,1977,954,1023
1091,21,19,3158500,2981,1398,1583
1092,21,19,3158600,1750,836,914
1093,21,19,3158700,0,0,0
1094,21,19,3158800,34,20,14
1095,21,19,3158900,0,0,0
1096,21,19,3159000,1852,918,934
1097,21,19,3159100,833,439,394
1098,21,19,3159200,0,0,0
1099,21,19,3159300,1647,841,806
1100,21,19,3159400,883,466,417
1101,21,19,3159500,3072,1470,1602
1102,21,19,3159600,345,182,163
1103,21,19,3159700,550,284,266
1104,21,19,3159800,230,110,120
1105,21,19,3159900,718,364,354
1106,21,19,3160000,63,32,31
1107,21,19,3160100,0,0,0
1108,21,19,3160200,0,0,0
1109,21,19,3160300,0,0,0
1110,21,19,3160400,938,446,492
1111,21,19,3160500,1705,782,923
1112,21,19,3160600,962,478,484
1113,21,19,3160700,1877,896,981
1114,21,19,3160800,555,240,315
1115,21,19,3160900,3708,1916,1792
1116,21,19,3161000,0,0,0
1117,21,19,3161100,654,340,314
1118,21,19,3161200,2021,1061,960
1119,21,19,3161300,522,268,254
1120,21,19,3161400,110,53,57
1121,21,19,3161500,0,0,0
1122,21,19,3161600,1993,1002,991
1123,21,19,3161700,1653,805,848
1124,21,19,3161800,636,324,312
1125,21,19,3161900,3725,1759,1966
1126,21,19,3162000,7043,3429,3614
1127,21,19,3162100,1261,635,626
1128,21,19,3162200,2205,1046,1159
1129,21,19,3162300,1386,701,685
1130,21,19,3162400,0,0,0
1131,21,19,3162500,1453,725,728
1132,21,19,3162600,1623,803,820
1133,21,19,3162700,719,327,392
1134,21,19,3162800,254,125,129
1135,21,19,3162900,1835,929,906
1136,21,19,3163000,469,222,247
1137,21,19,3163100,188,100,88
1138,21,19,3163200,247,114,133
1139,21,19,3163300,584,276,308
1140,21,19,3163400,2896,1452,1444
1141,21,19,3163500,540,251,289
1142,21,19,3163600,753,381,372
1143,21,19,3163700,819,420,399
1144,21,19,3163800,508,250,258
1145,21,19,3163900,594,295,299
1146,21,19,3164000,1639,801,838
1147,21,19,3164100,93,38,55
1148,21,19,3164200,1175,539,636
1149,21,19,3164300,82,39,43
1150,21,19,3164400,975,457,518
1151,21,19,3164500,1565,829,736
1152,21,19,3164600,702,385,317
1153,21,19,3164700,477,242,235
1154,21,19,3164800,0,0,0
1155,21,19,3164900,603,316,287
1156,21,19,3165000,902,467,435
1157,21,19,3165100,1875,964,911
1158,21,19,3165200,1554,787,767
1159,21,19,3165300,103,47,56
1160,21,19,3165400,442,230,212
1161,21,19,3165500,1877,1004,873
1162,21,19,3165600,0,0,0
1163,21,19,3165700,422,220,202
1164,21,19,3165800,361,188,173
1165,21,19,3165900,837,427,410
1166,21,19,3166000,357,169,188
1167,21,19,3166100,302,152,150
1168,21,19,3166200,1693,851,842
1169,21,19,3166300,1236,607,629
1170,21,19,3166400,609,279,330
1171,21,19,3166500,0,0,0
1172,21,19,3166600,3142,1509,1633
1173,21,19,3166700,1634,819,815
1174,21,19,3166800,2005,1002,1003
1175,21,19,3166900,2305,1163,1142
1176,21,19,3167000,1543,746,797
1177,21,19,3167100,1976,974,1002
1178,21,19,3167200,2770,1363,1407
1179,21,19,3167300,3229,1630,1599
1180,21,19,3167400,1395,643,752
1181,21,19,3167500,4054,1974,2080
1182,21,19,3167600,409,202,207
1183,21,19,3167700,308,164,144
1184,21,19,3167800,4209,2067,2142
1185,21,19,3167900,3129,1548,1581
1186,21,19,3168000,1458,709,749
1187,21,19,3168100,4062,2000,2062
1188,21,19,3168200,4227,2082,2145
1189,21,19,3168300,634,314,320
1190,21,19,3168400,4876,2548,2328
1191,21,19,3168500,882,413,469
1192,21,19,3168600,1480,718,762
1193,21,19,3168700,4,2,2
1194,21,19,3168800,1086,508,578
1195,21,19,3168900,850,429,421
1196,21,19,3169000,679,335,344
1197,21,19,3169100,2234,1106,1128
1198,21,19,3169200,1378,718,660
1199,21,19,3169300,1592,776,816
1200,21,19,3169400,1088,509,579
1201,21,19,3169500,854,440,414
1202,21,19,3169600,3620,1799,1821
1203,21,19,3169700,0,0,0
1204,21,19,3169800,2209,1095,1114
1205,21,19,3169900,2021,1011,1010
1206,21,19,3170000,1687,811,876
1207,21,19,3170100,1930,921,1009
1208,21,19,3170200,2895,1422,1473
1209,21,19,3170300,1308,658,650
1210,21,19,3170400,536,241,295
1211,21,19,3170500,936,422,514
1212,21,19,3170600,383,163,220
1213,21,19,3170700,2527,1311,1216
1214,21,19,3170800,1096,507,589
1215,21,19,3170900,8607,4290,4317
1216,21,19,3171000,2660,1364,1296
1217,21,19,3171100,3851,1910,1941
1218,21,19,3171200,5247,2551,2696
1219,21,19,3171300,1773,790,983
1220,21,19,3171400,661,316,345
1221,21,19,3171500,4360,2132,2228
1222,21,19,3171600,581,260,321
1223,21,19,3171700,0,0,0
1224,21,19,3171800,0,0,0
1225,21,19,3171900,1136,527,609
1226,21,19,3172000,2701,1280,1421
1227,21,19,3172100,1206,612,594
1228,21,19,3172200,552,279,273
1229,21,19,3172300,3300,1682,1618
1230,21,19,3172400,619,315,304
1231,21,19,3172500,14,5,9
1232,21,19,3172600,1550,782,768
1233,21,19,3172700,11,4,7
1234,21,19,3172800,2619,1356,1263
1235,21,19,3172900,1089,515,574
1236,21,19,3173000,0,0,0
1237,21,19,3173100,37,20,17
1238,21,19,3173200,1750,812,938
1239,21,19,3173300,842,423,419
1240,21,19,3173400,1742,869,873
1241,21,19,3173500,2564,1181,1383
1242,21,19,3173600,2122,1095,1027
1243,21,19,3173700,2080,996,1084
1244,21,19,3173800,3083,1493,1590
1245,21,19,3173900,1499,761,738
1246,21,19,3174000,1657,853,804
1247,21,19,3174100,934,477,457
1248,21,19,3174200,943,477,466
1249,21,19,3174300,2645,1253,1392
1250,21,19,3174400,1313,692,621
1251,21,19,3174500,649,313,336
1252,21,19,3174600,966,486,480
1253,21,19,3174700,6800,3193,3607
1254,21,19,3174800,1239,603,636
1255,21,19,3174900,1229,544,685
1256,21,19,3175000,3384,1673,1711
1257,21,19,3175100,2652,1236,1416
1258,21,19,3175200,1130,559,571
1259,21,19,3175300,1366,676,690
1260,21,19,3175400,0,0,0
1261,21,19,3175500,1211,546,665
1262,21,19,3175600,1605,759,846
1263,21,19,3175700,0,0,0
1264,21,19,3175800,0,0,0
1265,21,19,3175900,0,0,0
1266,21,19,3176000,572,301,271
1267,21,19,3176100,334,163,171
1268,21,19,3176200,48,18,30
1269,21,19,3176300,281,140,141
1270,21,19,3176400,0,0,0
1271,21,19,3176500,2186,1138,1048
1272,21,19,3176600,2058,1007,1051
1273,21,19,3176700,1,1,0
1274,21,19,3176800,7153,3367,3786
1275,21,19,3176900,1461,688,773
1276,21,19,3177000,2013,929,1084
1277,21,19,3177100,1165,573,592
1278,21,19,3177200,2379,1106,1273
1279,21,19,3177300,1143,604,539
1280,21,19,3177400,1438,736,702
1281,21,19,3177500,2560,1327,1233
1282,21,19,3177600,2505,1216,1289
1283,21,19,3177700,501,250,251
1284,21,19,3177800,1684,895,789
1285,21,19,3177900,7154,3630,3524
1286,21,19,3178000,314,152,162
1287,21,19,3178100,400,210,190
1288,21,19,3178200,1192,637,555
1289,21,19,3178300,2344,1142,1202
1290,21,19,3178400,1307,658,649
1291,21,19,3178500,905,477,428
1292,21,19,3178600,1996,1010,986
1293,21,19,3178700,1559,793,766
1294,21,19,3178800,1675,822,853
1295,21,19,3178900,1676,852,824
1296,21,19,3179000,997,521,476
1297,21,19,3179100,1524,697,827
1298,21,19,3179200,1868,882,986
1299,21,19,3179300,1612,782,830
1300,21,19,3179400,3101,1610,1491
1301,21,19,3179500,1381,669,712
1302,21,19,3179600,3054,1451,1603
1303,21,19,3179700,1966,971,995
1304,21,19,3179800,740,334,406
1305,21,19,3179900,487,232,255
1306,21,19,3180000,3008,1468,1540
1307,21,19,3180100,1013,477,536
1308,21,19,3180200,2560,1351,1209
1309,21,19,3180300,260,129,131
1310,21,19,3180400,5995,2947,3048
1311,21,19,3180500,1317,688,629
1312,21,19,3180600,1611,792,819
1313,21,19,3180700,784,394,390
1314,21,19,3180800,2719,1381,1338
1315,21,19,3180900,0,0,0
1316,21,19,3181000,0,0,0
1317,21,19,3181100,0,0,0
1318,21,19,3181200,0,0,0
1319,21,19,3181300,0,0,0
1320,21,19,3181400,2082,975,1107
1321,21,19,3181500,525,239,286
1322,21,19,3181600,2724,1243,1481
1323,21,19,3181700,1533,757,776
1324,21,19,3181800,784,377,407
1325,21,19,3181900,368,187,181
1326,21,19,3182000,6879,3501,3378
1327,21,19,3182100,893,435,458
1328,21,19,3182200,1428,691,737
1329,21,19,3182300,1979,969,1010
1330,21,19,3182400,769,372,397
1331,21,19,3182500,2244,1106,1138
1332,21,19,3182600,3314,1708,1606
1333,21,19,3182700,971,456,515
1334,21,19,3182800,1136,557,579
1335,21,19,3182900,1445,648,797
1336,21,19,3183000,635,333,302
1337,21,19,3183100,837,359,478
1338,21,19,3183200,1181,557,624
1339,21,19,3183300,557,258,299
1340,21,19,3183400,1079,533,546
1341,21,19,3183500,3319,1621,1698
1342,21,19,3183600,3026,1511,1515
1343,21,19,3183700,3040,1483,1557
1344,21,19,3183800,1298,643,655
1345,21,19,3183900,827,401,426
1346,21,19,3184000,993,475,518
1347,21,19,3184100,2747,1285,1462
1348,21,19,3184200,1291,611,680
1349,21,19,3184300,2023,1029,994
1350,21,19,3184400,2181,1085,1096
1351,21,19,3184500,410,225,185
1352,21,19,3184600,2369,1150,1219
1353,21,19,3184700,2179,1133,1046
1354,21,19,3184800,783,409,374
1355,21,19,3184900,1013,490,523
1356,21,19,3185000,805,393,412
1357,21,19,3185100,2924,1438,1486
1358,21,19,3185200,606,302,304
1359,21,19,3185300,732,368,364
1360,21,19,3185400,0,0,0
1361,21,19,3185500,1170,589,581
1362,21,19,3185600,7218,3512,3706
1363,21,19,3185700,3126,1512,1614
1364,21,19,3185800,146,69,77
1365,21,19,3185900,153,80,73
1366,21,19,3186000,208,103,105
1367,21,19,3186100,25,14,11
1368,21,19,3186200,272,129,143
1369,21,19,3186300,126,73,53
1370,21,19,3186400,304,153,151
1371,21,19,3186500,483,257,226
1372,21,19,3186600,820,431,389
1373,21,19,3186700,208,109,99
1374,21,19,3186800,66,30,36
1375,21,19,3186900,9,4,5
1376,21,19,3187000,979,495,484
1377,21,19,3187100,119,58,61
1378,21,19,3187200,2527,1285,1242
1379,21,19,3187300,1203,562,641
1380,21,19,3187400,103,48,55
1381,21,19,3187500,211,101,110
1382,21,19,3187600,100,49,51
1383,21,19,3187700,1357,655,702
1384,21,19,3187800,109,53,56
1385,21,19,3187900,0,0,0
1386,21,19,3188000,229,110,119
1387,21,19,3188100,153,80,73
1388,21,19,3188200,140,76,64
1389,21,19,3188300,270,153,117
1390,21,19,3188400,20,11,9
1391,21,19,3188500,49,24,25
1392,21,19,3188600,36,13,23
1393,21,19,3188700,409,209,200
1394,21,19,3188800,98,49,49
1395,21,19,3188900,107,60,47
1396,21,19,3189000,112,59,53
1397,21,19,3189100,65,37,28
1398,21,19,3189200,122,55,67
1399,21,19,3189300,1243,636,607
1400,21,19,3189400,1408,698,710
1401,21,19,3189500,0,0,0
1402,21,19,3189600,123,59,64
1403,21,19,3189700,0,0,0
1404,21,19,3189800,0,0,0
1405,21,19,3189900,3437,1715,1722
1406,21,19,3190000,0,0,0
1407,21,19,3190100,37,19,18
1408,21,19,3190200,23,11,12
1409,21,19,3190300,840,409,431
1410,21,19,3190400,0,0,0
1411,21,19,3190500,455,214,241
1412,21,19,3190600,65,32,33
1413,21,19,3190700,155,86,69
1414,21,19,3190800,1892,908,984
1415,21,19,3190900,1974,943,1031
1416,21,19,3191000,812,358,454
1417,21,19,3191100,2293,1071,1222
1418,21,19,3191200,211,113,98
1419,21,19,3191300,29,13,16
1420,21,19,3191400,659,307,352
1421,21,19,3191500,187,91,96
1422,21,19,3191600,29,11,18
1423,21,19,3191700,126,60,66
1424,21,19,3191800,145,76,69
1425,21,19,3191900,134,61,73
1426,21,19,3192000,63,37,26
1427,21,19,3192100,7,4,3
1428,21,19,3192200,0,0,0
1429,21,19,3192300,0,0,0
1430,21,19,3192400,233,121,112
1431,21,19,3192500,70,33,37
1432,21,19,3192600,166,87,79
1433,21,19,3192700,217,104,113
1434,21,19,3192800,153,74,79
1435,21,19,3192900,169,87,82
1436,21,19,3193000,69,43,26
1437,21,19,3193100,0,0,0
1438,21,19,3193200,48,14,34
1439,21,19,3193300,32,16,16
1440,21,19,3193400,37,22,15
1441,21,19,3193500,67,30,37
1442,21,19,3193600,111,55,56
1443,21,19,3193700,76,38,38
1444,21,19,3193800,1031,511,520
1445,21,19,3193900,3136,1488,1648
1446,21,19,3194000,425,208,217
1447,21,19,3194100,3366,1601,1765
1448,21,19,3194200,4242,2107,2135
1449,21,19,3194300,1171,581,590
1450,21,19,3194400,2775,1388,1387
1451,21,19,3194500,827,403,424
1452,21,19,3194600,1457,711,746
1453,21,19,3194700,1736,808,928
1454,21,19,3194800,648,298,350
1455,21,19,3194900,2332,1127,1205
1456,21,19,3195000,161,78,83
1457,21,19,3195100,66,33,33
1458,21,19,3195200,4,1,3
1459,21,19,3195300,0,0,0
1460,21,19,3195400,920,421,499
1461,21,19,3195500,0,0,0
1462,21,19,3195600,0,0,0
1463,21,19,3195700,0,0,0
1464,21,19,3195800,55,24,31
1465,21,19,3195900,607,323,284
1466,21,19,3196000,376,205,171
1467,21,19,3196100,598,315,283
1468,21,19,3196200,41,20,21
1469,21,19,3196300,772,378,394
1470,21,19,3196400,3030,1485,1545
1471,21,19,3196500,1180,582,598
1472,21,19,3196600,111,50,61
1473,21,19,3196700,209,119,90
1474,21,19,3196800,0,0,0
1475,21,19,3196900,297,136,161
1476,21,19,3197000,0,0,0
1477,21,19,3197100,1136,582,554
1478,21,19,3197200,2722,1364,1358
1479,21,19,3197300,0,0,0
1480,21,19,3197400,416,197,219
1481,21,19,3197500,1300,629,671
1482,21,19,3197600,0,0,0
1483,21,19,3197700,2098,1015,1083
1484,21,19,3197800,2056,998,1058
1485,21,19,3197900,515,285,230
1486,21,19,3198000,345,173,172
1487,21,19,3198100,0,0,0
1488,21,19,3198200,0,0,0
1489,21,19,3198300,507,251,256
1490,21,19,3198400,0,0,0
1491,21,19,3198500,2334,1128,1206
1492,21,19,3198600,2456,1226,1230
1493,21,19,3198700,651,327,324
1494,21,19,3198800,1193,540,653
1495,21,19,3198900,878,412,466
1496,21,19,3199000,645,335,310
1497,21,19,3199100,315,164,151
1498,21,19,3199200,1335,621,714
1499,21,19,3199300,0,0,0
1500,21,19,3199400,0,0,0
1501,21,19,3199500,0,0,0
1502,21,19,3199600,0,0,0
1503,21,19,3199700,373,188,185
1504,21,19,3199800,148,73,75
1505,21,19,3199900,28,15,13
1506,21,19,3200000,56,28,28
1507,21,19,3200100,162,78,84
1508,21,19,3200200,1097,570,527
1509,21,19,3200300,2213,1095,1118
1510,21,19,3200400,2477,1164,1313
1511,21,19,3200500,646,315,331
1512,21,19,3200600,680,335,345
1513,21,19,3200700,1232,640,592
1514,21,19,3200800,3098,1593,1505
1515,21,19,3200900,1888,887,1001
1516,21,19,3201000,231,107,124
1517,21,19,3201100,0,0,0
1518,21,19,3201200,4822,2535,2287
1519,21,19,3201300,1273,618,655
1520,21,19,3201400,444,230,214
1521,21,19,3201500,4073,2115,1958
1522,21,19,3201600,2137,1107,1030
1523,21,19,3201700,2719,1406,1313
1524,21,19,3201800,2147,1079,1068
1525,21,19,3201900,1889,911,978
1526,21,19,3202000,283,134,149
1527,21,19,3202100,136,69,67
1528,21,19,3202200,20,11,9
1529,21,19,3202300,0,0,0
1530,21,19,3202400,0,0,0
1531,21,19,3202500,0,0,0
1532,21,19,3202600,59,32,27
1533,21,19,3202700,3207,1485,1722
1534,21,19,3202800,30,16,14
1535,21,19,3202900,711,355,356
1536,21,19,3203000,1378,647,731
1537,21,19,3203100,0,0,0
1538,21,19,3203200,0,0,0
1539,21,19,3203300,0,0,0
1540,21,19,3203400,0,0,0
1541,21,19,3203500,0,0,0
1542,21,19,3203600,0,0,0
1543,21,19,3203700,0,0,0
1544,21,19,3203800,0,0,0
1545,21,19,3203900,1042,538,504
1546,21,19,3204000,1898,954,944
1547,21,19,3204100,1081,558,523
1548,21,19,3204200,462,221,241
1549,21,19,3204300,328,172,156
1550,21,19,3204400,2136,1030,1106
1551,21,19,3204500,0,0,0
1552,21,19,3204600,122,53,69
1553,21,19,3204700,0,0,0
1554,21,19,3204800,0,0,0
1555,21,19,3204900,0,0,0
1556,21,19,3205000,197,100,97
1557,21,19,3205100,183,86,97
1558,21,19,3205200,88,43,45
1559,21,19,3205300,49,29,20
1560,21,19,3205400,378,201,177
1561,21,19,3205500,175,88,87
1562,21,19,3205600,0,0,0
1563,21,19,3205700,8675,4167,4508
1564,21,19,3205800,1278,628,650
1565,21,19,3205900,696,325,371
1566,21,19,3206000,1297,627,670
1567,21,19,3206100,0,0,0
1568,21,19,3206200,2165,1102,1063
1569,21,19,3206300,0,0,0
1570,21,19,3206400,550,283,267
1571,21,19,3206500,819,378,441
1572,21,19,3206600,0,0,0
1573,21,19,3206700,1960,1009,951
1574,21,19,3206800,3776,1974,1802
1575,21,19,3206900,0,0,0
1576,21,19,3207000,1373,764,609
1577,21,19,3207100,3754,1748,2006
1578,21,19,3207200,0,0,0
1579,21,19,3207300,1367,626,741
1580,21,19,3207400,830,401,429
1581,21,19,3207500,2293,1161,1132
1582,21,19,3207600,100,49,51
1583,21,19,3207700,925,486,439
1584,21,19,3207800,1907,914,993
1585,21,19,3207900,798,357,441
1586,21,19,3208000,979,475,504
1587,21,19,3208100,2554,1270,1284
1588,21,19,3208200,0,0,0
1589,21,19,3208300,2005,961,1044
1590,21,19,3208400,1810,873,937
1591,21,19,3208500,1315,634,681
1592,21,19,3208600,553,282,271
1593,21,19,3208700,520,261,259
1594,21,19,3208800,258,126,132
1595,21,19,3208900,1224,526,698
1596,21,19,3209000,2370,1082,1288
1597,21,19,3209100,334,168,166
1598,21,19,3209200,28,14,14
1599,21,19,3209300,817,416,401
1600,21,19,3209400,708,373,335
1601,21,19,3209500,74,34,40
1602,21,19,3209600,1802,895,907
1603,21,19,3209700,3340,1684,1656
1604,21,19,3209800,0,0,0
1605,21,19,3209900,0,0,0
1606,21,19,3210000,1718,853,865
1607,21,19,3210100,1609,839,770
1608,21,19,3210200,1706,809,897
1609,21,19,3210300,1559,751,808
1610,21,19,3210400,1716,867,849
1611,21,19,3210500,2052,946,1106
1612,21,19,3210600,396,186,210
1613,21,19,3210700,709,375,334
1614,21,19,3210800,857,403,454
1615,21,19,3210900,1217,538,679
1616,21,19,3211000,735,319,416
1617,21,19,3211100,0,0,0
1618,21,19,3211200,648,304,344
1619,21,19,3211300,5103,2403,2700
1620,21,19,3211400,2859,1372,1487
1621,21,19,3211500,561,240,321
1622,21,19,3211600,1975,975,1000
1623,21,19,3211700,164,83,81
1624,21,19,3211800,1203,563,640
1625,21,19,3211900,683,350,333
1626,21,19,3212000,0,0,0
1627,21,19,3212100,1333,650,683
1628,21,19,3212200,0,0,0
1629,21,19,3212300,1308,657,651
1630,21,19,3212400,977,485,492
1631,21,19,3212500,92,48,44
1632,21,19,3212600,542,254,288
1633,21,19,3212700,0,0,0
1634,21,19,3212800,613,307,306
1635,21,19,3212900,27,15,12
1636,21,19,3213000,268,133,135
1637,21,19,3213100,403,180,223
1638,21,19,3213200,208,92,116
1639,21,19,3213300,261,125,136
1640,21,19,3213400,124,58,66
1641,21,19,3213500,0,0,0
1642,21,19,3213600,477,240,237
1643,21,19,3213700,753,367,386
1644,21,19,3213800,273,145,128
1645,21,19,3213900,377,205,172
1646,21,19,3214000,241,114,127
1647,21,19,3214100,92,39,53
1648,21,19,3214200,254,126,128
1649,21,19,3214300,4467,2261,2206
1650,21,19,3214400,366,183,183
1651,21,19,3214500,72,36,36
1652,21,19,3214600,375,205,170
1653,21,19,3214700,0,0,0
1654,21,19,3214800,0,0,0
1655,21,19,3214900,0,0,0
1656,21,19,3215000,92,44,48
1657,21,19,3215100,282,136,146
1658,21,19,3215200,0,0,0
1659,21,19,3215300,0,0,0
1660,21,19,3215400,0,0,0
1661,21,19,3215500,111,56,55
1662,21,19,3215600,0,0,0
1663,21,19,3215700,852,426,426
1664,21,19,3215800,1035,528,507
1665,21,19,3215900,1235,608,627
1666,21,19,3216000,450,212,238
1667,21,19,3216100,0,0,0
1668,21,19,3216200,0,0,0
1669,21,19,3216300,0,0,0
1670,21,19,3216400,0,0,0
1671,21,19,3216500,0,0,0
1672,21,19,3216600,328,155,173
1673,21,19,3216700,3330,1631,1699
1674,21,19,3216800,0,0,0
1675,21,19,3216900,3589,1671,1918
1676,21,19,3217000,2437,1169,1268
1677,21,19,3217100,1465,692,773
1678,21,19,3217200,905,485,420
1679,21,19,3217300,1045,500,545
1680,21,19,3217400,19,12,7
1681,21,19,3217500,1721,830,891
1682,21,19,3217600,463,222,241
1683,21,19,3217700,135,53,82
1684,21,19,3217800,0,0,0
1685,21,19,3217900,1793,881,912
1686,21,19,3218000,195,92,103
1687,21,19,3218100,1110,552,558
1688,21,19,3218200,1778,870,908
1689,21,19,3218300,0,0,0
1690,21,19,3218400,0,0,0
1691,21,19,3218500,0,0,0
1692,21,19,3218600,396,194,202
1693,21,19,3218700,98,51,47
1694,21,19,3218800,2128,1082,1046
1695,21,19,3218900,1714,857,857
1696,21,19,3219000,469,221,248
1697,21,19,3219100,263,115,148
1698,21,19,3219200,550,255,295
1699,21,19,3219300,1513,723,790
1700,21,19,3219400,323,145,178
1701,21,19,3219500,0,0,0
1702,21,19,3219600,4928,2422,2506
1703,21,19,3219700,2101,1008,1093
1704,21,19,3219800,1079,522,557
1705,21,19,3219900,1367,676,691
1706,21,19,3220000,646,291,355
1707,21,19,3220100,0,0,0
1708,21,19,3220200,0,0,0
1709,21,19,3220300,187,89,98
1710,21,19,3220400,971,450,521
1711,21,19,3220500,1081,561,520
1712,21,19,3220600,0,0,0
1713,21,19,3220700,0,0,0
1714,21,19,3220800,86,49,37
1715,21,19,3220900,1558,798,760
1716,21,19,3221000,398,202,196
1717,21,19,3221100,0,0,0
1718,21,19,3221200,0,0,0
1719,21,19,3221300,0,0,0
1720,21,19,3221400,164,70,94
1721,21,19,3221500,0,0,0
1722,21,19,3221600,403,227,176
1723,21,19,3221700,613,291,322
1724,21,19,3221800,982,477,505
1725,21,19,3221900,679,361,318
1726,21,19,3222000,1159,604,555
1727,21,19,3222100,771,392,379
1728,21,19,3222200,137,74,63
1729,21,19,3222300,261,141,120
1730,21,19,3222400,115,59,56
1731,21,19,3222500,4302,2184,2118
1732,21,19,3222600,120,69,51
1733,21,19,3222700,649,301,348
1734,21,19,3222800,287,146,141
1735,21,19,3222900,1161,564,597
1736,21,19,3223000,1094,567,527
1737,21,19,3223100,358,186,172
1738,21,19,3223200,2592,1351,1241
1739,21,19,3223300,1497,776,721
1740,21,19,3223400,1312,669,643
1741,21,19,3223500,1164,625,539
1742,21,19,3223600,784,393,391
1743,21,19,3223700,22,16,6
1744,21,19,3223800,6479,3303,3176
1745,21,19,3223900,1567,787,780
1746,21,19,3224000,863,456,407
1747,21,19,3224100,0,0,0
1748,21,19,3224200,699,355,344
1749,21,19,3224300,0,0,0
1750,21,19,3224400,6409,3255,3154
1751,21,19,3224500,0,0,0
1752,21,19,3224600,34,14,20
1753,21,19,3224700,377,175,202
1754,21,19,3224800,110,49,61
1755,21,19,3224900,0,0,0
1756,21,19,3225000,36,11,25
1757,21,19,3225100,0,0,0
1758,21,19,3225200,0,0,0
1759,21,19,3225300,0,0,0
1760,21,19,3225400,230,122,108
1761,21,19,3225500,590,308,282
1762,21,19,3225600,1492,763,729
1763,21,19,3225700,688,334,354
1764,21,19,3225800,1297,603,694
1765,21,19,3225900,3164,1528,1636
1766,21,19,3226000,164,72,92
1767,21,19,3226100,6,4,2
1768,21,19,3226200,1809,907,902
1769,21,19,3226300,2597,1350,1247
1770,21,19,3226400,1426,645,781
1771,21,19,3226500,1785,910,875
1772,21,19,3226600,0,0,0
1773,21,19,3226700,1953,924,1029
1774,21,19,3226800,1584,772,812
1775,21,19,3226900,377,183,194
1776,21,19,3227000,0,0,0
1777,21,19,3227100,2752,1328,1424
1778,21,19,3227200,1828,905,923
1779,21,19,3227300,2924,1557,1367
1780,21,19,3227400,2744,1365,1379
1781,21,19,3227500,830,440,390
1782,21,19,3227600,328,166,162
1783,21,19,3227700,0,0,0
1784,21,19,3227800,185,89,96
1785,21,19,3227900,0,0,0
1786,21,19,3228000,754,382,372
1787,21,19,3228100,0,0,0
1788,21,19,3228200,190,98,92
1789,21,19,3228300,60,30,30
1790,21,19,3228400,0,0,0
1791,21,19,3228500,0,0,0
1792,21,19,3228600,0,0,0
1793,21,19,3228700,655,311,344
1794,21,19,3228800,264,124,140
1795,21,19,3228900,977,456,521
1796,21,19,3229000,0,0,0
1797,21,19,3229100,205,105,100
1798,21,19,3229200,0,0,0
1799,21,19,3229300,977,499,478
1800,21,19,3229400,0,0,0
1801,21,19,3229500,960,496,464
1802,21,19,3229600,60,23,37
1803,21,19,3229700,125,61,64
1804,21,19,3229800,0,0,0
1805,21,19,3229900,1597,819,778
1806,21,19,3230000,84,41,43
1807,21,19,3230100,1668,829,839
1808,21,19,3230200,275,133,142
1809,21,19,3230300,231,114,117
1810,21,19,3230400,27,14,13
1811,21,19,3230500,0,0,0
1812,21,19,3230600,0,0,0
1813,21,19,3230700,806,392,414
1814,21,19,3230800,0,0,0
1815,21,19,3230900,0,0,0
1816,21,19,3231000,479,238,241
1817,21,19,3231100,755,352,403
1818,21,19,3231200,247,116,131
1819,21,19,3231300,0,0,0
1820,21,19,3231400,338,182,156
1821,21,19,3231500,184,89,95
1822,21,19,3231600,604,286,318
1823,21,19,3231700,932,455,477
1824,21,19,3231800,7400,3763,3637
1825,21,19,3231900,245,95,150
1826,21,19,3232000,1785,914,871
1827,21,19,3232100,282,136,146
1828,21,19,3232200,340,167,173
1829,21,19,3232300,0,0,0
1830,21,19,3232400,689,344,345
1831,21,19,3232500,0,0,0
1832,21,19,3232600,162,77,85
1833,21,19,3232700,448,222,226
1834,21,19,3232800,15,5,10
1835,21,19,3232900,677,345,332
1836,21,19,3233000,808,420,388
1837,21,19,3233100,519,261,258
1838,21,19,3233200,1656,772,884
1839,21,19,3233300,0,0,0
1840,21,19,3233400,3168,1572,1596
1841,21,19,3233500,1285,649,636
1842,21,19,3233600,671,347,324
1843,21,19,3233700,1352,709,643
1844,21,19,3233800,832,427,405
1845,21,19,3233900,0,0,0
1846,21,19,3234000,393,210,183
1847,21,19,3234100,902,490,412
1848,21,19,3234200,0,0,0
1849,21,19,3234300,917,448,469
1850,21,19,3234400,0,0,0
1851,21,19,3234500,332,173,159
1852,21,19,3234600,0,0,0
1853,21,19,3234700,0,0,0
1854,21,19,3234800,0,0,0
1855,21,19,3234900,0,0,0
1856,21,19,3235000,0,0,0
1857,21,19,3235100,2870,1460,1410
1858,21,19,3235200,0,0,0
1859,21,19,3235300,1543,784,759
1860,21,19,3235400,335,168,167
1861,21,19,3235500,576,293,283
1862,21,19,3235600,0,0,0
1863,21,19,3235700,0,0,0
1864,21,19,3235800,0,0,0
1865,21,19,3235900,1352,666,686
1866,21,19,3236000,242,130,112
1867,21,19,3236100,2535,1239,1296
1868,21,19,3236200,227,113,114
1869,21,19,3236300,820,441,379
1870,21,19,3236400,1484,743,741
1871,21,19,3236500,290,132,158
1872,21,19,3236600,783,376,407
1873,21,19,3236700,568,293,275
1874,21,19,3236800,530,279,251
1875,21,19,3236900,2575,1315,1260
1876,21,19,3237000,1465,756,709
1877,21,19,3237100,1105,536,569
1878,21,19,3237200,1162,581,581
1879,21,19,3237300,350,175,175
1880,21,19,3237400,110,49,61
1881,21,19,3237500,585,303,282
1882,21,19,3237600,466,220,246
1883,21,19,3237700,1387,723,664
1884,21,19,3237800,1430,724,706
1885,21,19,3237900,0,0,0
1886,21,19,3238000,0,0,0
1887,21,19,3238100,635,347,288
1888,21,19,3238200,285,152,133
1889,21,19,3238300,0,0,0
1890,21,19,3238400,386,199,187
1891,21,19,3238500,794,423,371
1892,21,19,3238600,284,148,136
1893,21,19,3238700,516,254,262
1894,21,19,3238800,0,0,0
1895,21,19,3238900,1513,784,729
1896,21,19,3239000,0,0,0
1897,21,19,3239100,1029,562,467
1898,21,19,3239200,454,209,245
1899,21,19,3239300,1077,572,505
1900,21,19,3239400,464,231,233
1901,21,19,3239500,0,0,0
1902,21,19,3239600,0,0,0
1903,21,19,3239700,152,80,72
1904,21,19,3239800,1879,947,932
1905,21,19,3239900,89,39,50
1906,21,19,3240000,5365,2742,2623
1907,21,19,3240100,357,168,189
1908,21,19,3240200,311,174,137
1909,21,19,3240300,423,215,208
1910,21,19,3240400,1631,871,760
1911,21,19,3240500,312,166,146
1912,21,19,3240600,732,372,360
1913,21,19,3240700,1330,692,638
1914,21,19,3240800,411,191,220
1915,21,19,3240900,1667,943,724
1916,21,19,3241000,989,527,462
1917,21,19,3241100,6348,3271,3077
1918,21,19,3241200,1991,1003,988
1919,21,19,3241300,0,0,0
1920,21,19,3241400,935,480,455
1921,21,19,3241500,472,214,258
1922,21,19,3241600,0,0,0
1923,21,19,3241700,863,434,429
1924,21,19,3241800,0,0,0
1925,21,19,3241900,1302,634,668
1926,21,19,3242000,1982,1043,939
1927,21,19,3242100,3065,1558,1507
1928,21,19,3242200,0,0,0
1929,21,19,3242300,655,311,344
1930,21,19,3242400,0,0,0
1931,21,19,3242500,1962,1020,942
1932,21,19,3242600,6858,3552,3306
1933,21,19,3242700,318,168,150
1934,21,19,3242800,1895,897,998
1935,21,19,3242900,2676,1378,1298
1936,21,19,3243000,1151,572,579
1937,21,19,3243100,1979,1023,956
1938,21,19,3243200,1150,592,558
1939,21,19,3243300,1652,798,854
1940,21,19,3243400,1837,946,891
1941,21,19,3243500,718,369,349
1942,21,19,3243600,0,0,0
1943,21,19,3243700,839,432,407
1944,21,19,3243800,677,326,351
1945,21,19,3243900,1795,836,959
1946,21,19,3244000,710,373,337
1947,21,19,3244100,389,204,185
1948,21,19,3244200,796,410,386
1949,21,19,3244300,1141,539,602
1950,21,19,3244400,1678,847,831
1951,21,19,3244500,4196,1983,2213
1952,21,19,3244600,1411,703,708
1953,21,19,3244700,755,390,365
1954,21,19,3244800,1794,935,859
1955,21,19,3244900,472,253,219
1956,21,19,3245000,665,348,317
1957,21,19,3245100,268,147,121
1958,21,19,3245200,1136,587,549
1959,21,19,3245300,9480,4694,4786
1960,21,19,3245400,1632,838,794
1961,21,19,3245500,536,259,277
1962,21,19,3245600,3645,1762,1883
1963,21,19,3245700,705,344,361
1964,21,19,3245800,2673,1334,1339
1965,21,19,3245900,0,0,0
1966,21,19,3246000,436,220,216
1967,21,19,3246100,3824,1946,1878
1968,21,19,3246200,196,104,92
1969,21,19,3246300,0,0,0
1970,21,19,3246400,2825,1424,1401
1971,21,19,3246500,1366,698,668
1972,21,19,3246600,3815,1964,1851
1973,21,19,3246700,4440,2269,2171
1974,21,19,3246800,2073,1067,1006
1975,21,19,3246900,1347,677,670
1976,21,19,3247000,487,221,266
1977,21,19,3247100,1330,664,666
1978,21,19,3247200,3602,1802,1800
1979,21,19,3247300,76,46,30
1980,21,19,3247400,232,120,112
1981,21,19,3247500,3180,1528,1652
1982,21,19,3247600,0,0,0
1983,21,19,3247700,250,123,127
1984,21,19,3247800,2355,1132,1223
1985,21,19,3247900,1567,768,799
1986,21,19,3248000,7816,3942,3874
1987,21,19,3248100,480,240,240
1988,21,19,3248200,3065,1567,1498
1989,21,19,3248300,1354,691,663
1990,21,19,3248400,836,441,395
1991,21,19,3248500,535,295,240
1992,21,19,3248600,3611,1763,1848
1993,21,19,3248700,544,265,279
1994,21,19,3248800,2509,1264,1245
1995,21,19,3248900,1877,911,966
1996,21,19,3249000,2415,1236,1179
1997,21,19,3249100,1151,593,558
1998,21,19,3249200,2280,1159,1121
1999,21,19,3249300,0,0,0
2000,21,19,3249400,1000,526,474
2001,21,19,3249500,1490,747,743
2002,21,19,3249600,1762,900,862
2003,21,19,3249700,429,232,197
2004,21,19,3249800,965,478,487
2005,21,19,3249900,573,313,260
2006,21,19,3250000,156,76,80
2007,21,19,3250100,1205,598,607
2008,21,19,3250200,887,450,437
2009,21,19,3250300,1695,831,864
2010,21,19,3250400,2435,1207,1228
2011,21,19,3250500,2899,1460,1439
2012,21,19,3250600,4690,2399,2291
2013,21,19,3250700,1132,564,568
2014,21,19,3250800,3003,1449,1554
2015,21,19,3250900,4744,2316,2428
2016,21,19,3251000,1281,644,637
2017,21,19,3251100,2729,1395,1334
2018,21,19,3251200,0,0,0
2019,21,19,3251300,1991,1029,962
2020,21,19,3251400,6865,3449,3416
2021,21,19,3251500,5,2,3
2022,21,19,3251600,9690,4853,4837
2023,21,19,3251700,1259,655,604
2024,21,19,3251800,3247,1639,1608
2025,21,19,3251900,1126,547,579
2026,21,19,3252000,5,5,0
2027,21,19,3252100,303,132,171
2028,21,19,3252200,2662,1343,1319
2029,21,19,3252300,1531,717,814
2030,21,19,3252400,640,311,329
2031,21,19,3252500,3635,1783,1852
2032,21,19,3252600,2305,1178,1127
2033,21,19,3252700,3342,1666,1676
2034,21,19,3252800,2337,1190,1147
2035,21,19,3252900,949,484,465
2036,21,19,3253000,920,456,464
2037,21,19,3253100,1859,951,908
2038,21,19,3253200,2093,1079,1014
2039,21,19,3253300,2622,1377,1245
2040,21,19,3253400,2837,1321,1516
2041,21,19,3253500,2432,1415,1017
2042,21,19,3253600,4634,2319,2315
2043,21,19,3253700,1158,608,550
2044,21,19,3253800,3434,1746,1688
2045,21,19,3253900,236,137,99
2046,21,19,3254000,1055,501,554
2047,21,19,3254100,2223,1114,1109
2048,21,19,3254200,4029,2041,1988
2049,21,19,3254300,792,398,394
2050,21,19,3254400,237,129,108
2051,21,19,3254500,516,251,265
2052,21,19,3254600,2083,1042,1041
2053,21,19,3254700,1611,788,823
2054,21,19,3254800,5121,2576,2545
2055,21,19,3254900,2619,1214,1405
2056,21,19,3255000,10663,5931,4732
2057,21,19,3255100,3282,1504,1778
2058,21,19,3255200,1239,554,685
2059,21,19,3255300,5619,2850,2769
2060,21,19,3255400,3381,1716,1665
2061,21,19,3255500,1698,829,869
2062,21,19,3255600,527,239,288
2063,21,19,3255700,1350,691,659
2064,21,19,3255800,2192,1099,1093
2065,21,19,3255900,1785,881,904
2066,21,19,3256000,3068,1528,1540
2067,21,19,3256100,2573,1313,1260
2068,21,19,3256200,3410,1756,1654
2069,21,19,3256300,2906,1493,1413
2070,21,19,3256400,1950,1025,925
2071,21,19,3256500,2812,1451,1361
2072,21,19,3256600,1687,860,827
2073,21,19,3256700,2861,1388,1473
2074,21,19,3256800,725,348,377
2075,21,19,3256900,58,28,30
2076,21,19,3257000,712,365,347
2077,21,19,3257100,1559,769,790
2078,21,19,3257200,951,478,473
2079,21,19,3257300,8052,4038,4014
2080,21,19,3257400,2107,1041,1066
2081,21,19,3257500,2148,1122,1026
2082,21,19,3257600,5399,2885,2514
2083,21,19,3257700,2516,1273,1243
2084,21,19,3257800,2125,1065,1060
2085,21,19,3257900,2104,1089,1015
2086,21,19,3258000,1661,829,832
2087,21,19,3258100,1245,612,633
2088,21,19,3258200,1078,522,556
2089,21,19,3258300,6681,3468,3213
2090,21,19,3258400,3322,1735,1587
2091,21,19,3258500,5503,2773,2730
2092,21,19,3258600,1557,766,791
2093,21,19,3258700,302,153,149
2094,21,19,3258800,2808,1402,1406
2095,21,19,3258900,3409,1734,1675
2096,21,19,3259000,576,301,275
2097,21,19,3259100,5332,2708,2624
2098,21,19,3259200,1517,746,771
2099,21,19,3259300,2496,1200,1296
2100,21,19,3259400,2253,1118,1135
2101,21,19,3259500,8339,4204,4135
2102,21,19,3259600,11525,6059,5466
2103,21,19,3259700,3294,1671,1623
2104,21,19,3259800,7377,3765,3612
2105,21,19,3259900,3323,1707,1616
2106,21,19,3260000,1685,816,869
2107,21,19,3260100,2306,1140,1166
2108,21,19,3260200,0,0,0
2109,21,19,3260300,5113,2597,2516
2110,21,19,3260400,0,0,0
2111,21,19,3260500,1371,736,635
2112,21,19,3260600,0,0,0
2113,21,19,3260700,0,0,0
2114,21,19,3260800,1760,890,870
2115,21,19,3260900,1092,571,521
2116,21,19,3261000,0,0,0
2117,21,19,3261100,1147,570,577
2118,21,19,3261200,1012,521,491
2119,21,19,3261300,2438,1202,1236
2120,21,19,3261400,1945,992,953
2121,21,19,3261500,836,398,438
2122,21,19,3261600,1258,667,591
2123,21,19,3261700,1739,889,850
2124,21,19,3261800,2833,1431,1402
2125,21,19,3261900,3143,1619,1524
2126,21,19,3262000,1539,806,733
2127,21,19,3262100,1028,550,478
2128,21,19,3262200,2758,1426,1332
2129,21,19,3262300,401,225,176
2130,21,19,3262400,1013,484,529
2131,21,19,3262500,4793,2490,2303
2132,21,19,3262600,3077,1578,1499
2133,21,19,3262700,1165,600,565
2134,21,19,3262800,3038,1564,1474
2135,21,19,3262900,953,475,478
2136,21,19,3263000,58,30,28
2137,21,19,3263100,167,76,91
2138,21,19,3263200,3866,1889,1977
2139,21,19,3263300,6085,3101,2984
2140,21,19,3263400,3690,1838,1852
2141,21,19,3263500,1492,700,792
2142,21,19,3263600,1481,757,724
2143,21,19,3263700,2636,1344,1292
2144,21,19,3263800,752,345,407
2145,21,19,3263900,1656,762,894
2146,21,19,3264000,1922,943,979
2147,21,19,3264100,580,266,314
2148,21,19,3264200,1787,864,923
2149,21,19,3264300,891,402,489
2150,21,19,3264400,1286,636,650
2151,21,19,3264500,822,421,401
2152,21,19,3264600,1407,687,720
2153,21,19,3264700,4496,2190,2306
2154,21,19,3264800,2228,1110,1118
2155,21,19,3264900,2786,1372,1414
2156,21,19,3265000,1054,517,537
2157,21,19,3265100,923,476,447
2158,21,19,3265200,2694,1350,1344
2159,21,19,3265300,354,180,174
2160,21,19,3265400,391,185,206
2161,21,19,3265500,401,206,195
2162,21,19,3265600,82,44,38
2163,21,19,3265700,440,221,219
2164,21,19,3265800,542,258,284
2165,21,19,3265900,393,187,206
2166,21,19,3266000,798,391,407
2167,21,19,3266100,325,169,156
2168,21,19,3266200,540,261,279
2169,21,19,3266300,597,277,320
2170,21,19,3266400,1972,938,1034
2171,21,19,3266500,473,244,229
2172,21,19,3266600,405,196,209
2173,21,19,3266700,889,454,435
2174,21,19,3266800,208,102,106
2175,21,19,3266900,4065,1954,2111
2176,21,19,3267000,1907,937,970
2177,21,19,3267100,1537,754,783
2178,21,19,3267200,255,124,131
2179,21,19,3267300,1619,756,863
2180,21,19,3267400,635,306,329
2181,21,19,3267500,227,105,122
2182,21,19,3267600,2463,1136,1327
2183,21,19,3267700,788,361,427
2184,21,19,3267800,495,214,281
2185,21,19,3267900,1639,780,859
2186,21,19,3268000,3182,1591,1591
2187,21,19,3268100,1460,744,716
2188,21,19,3268200,435,208,227
2189,21,19,3268300,699,325,374
2190,21,19,3268400,1574,746,828
2191,21,19,3268500,2432,1137,1295
2192,21,19,3268600,3237,1586,1651
2193,21,19,3268700,1205,564,641
2194,21,19,3268800,3029,1393,1636
2195,21,19,3268900,1906,896,1010
2196,21,19,3269000,9260,4586,4674
2197,21,19,3269100,0,0,0
2198,21,19,3269200,8327,4245,4082
2199,21,19,3269300,381,176,205
2200,21,19,3269400,2348,1159,1189
2201,21,19,3269500,368,166,202
2202,21,19,3269600,1984,1011,973
2203,21,19,3269700,5368,2682,2686
2204,21,19,3269800,1620,820,800
2205,21,19,3269900,3726,1793,1933
2206,21,19,3270000,1945,974,971
2207,21,19,3270100,762,380,382
2208,21,19,3270200,290,145,145
2209,21,19,3270300,1280,665,615
2210,21,19,3270400,476,244,232
2211,21,19,3270500,28,14,14
2212,21,19,3270600,95,48,47
2213,21,19,3270700,359,193,166
2214,21,19,3270800,1388,699,689
2215,21,19,3270900,352,176,176
2216,21,19,3271000,0,0,0
2217,21,19,3271100,141,67,74
2218,21,19,3271200,211,103,108
2219,21,19,3271300,237,115,122
2220,21,19,3271400,297,135,162
2221,21,19,3271500,77,36,41
2222,21,19,3271600,1009,525,484
2223,21,19,3271700,378,194,184
2224,21,19,3271800,1778,911,867
2225,21,19,3271900,239,130,109
2226,21,19,3272000,329,162,167
2227,21,19,3272100,165,86,79
2228,21,19,3272200,666,336,330
2229,21,19,3272300,394,194,200
2230,21,19,3272400,537,233,304
2231,21,19,3272500,469,218,251
2232,21,19,3272600,100,47,53
2233,21,19,3272700,2614,1341,1273
2234,21,19,3272800,1353,682,671
2235,21,19,3272900,158,78,80
2236,21,19,3273000,794,378,416
2237,21,19,3273100,178,93,85
2238,21,19,3273200,125,57,68
2239,21,19,3273300,114,50,64
2240,21,19,3273400,158,79,79
2241,21,19,3273500,340,169,171
2242,21,19,3273600,1061,497,564
2243,21,19,3273700,137,69,68
2244,21,19,3273800,0,0,0
2245,21,19,3273900,120,65,55
2246,21,19,3274000,161,83,78
2247,21,19,3274100,0,0,0
2248,21,19,3274200,0,0,0
2249,21,19,3274300,61,28,33
2250,21,19,3274400,518,269,249
2251,21,19,3274500,72,34,38
2252,21,19,3274600,1464,729,735
2253,21,19,3274700,841,411,430
2254,21,19,3274800,853,402,451
2255,21,19,3274900,145,66,79
2256,21,19,3275000,0,0,0
2257,21,19,3275100,543,261,282
2258,21,19,3275200,2479,1213,1266
2259,21,19,3275300,628,314,314
2260,21,19,3275400,1471,700,771
2261,21,19,3275500,849,442,407
2262,21,19,3275600,33,12,21
2263,21,19,3275700,0,0,0
2264,21,19,3275800,195,97,98
2265,21,19,3275900,32,18,14
2266,21,19,3276000,23,7,16
2267,21,19,3276100,143,66,77
2268,21,19,3276200,109,56,53
2269,21,19,3276300,13,5,8
2270,21,19,3276400,34,15,19
2271,21,19,3276500,69,33,36
2272,21,19,3276600,80,44,36
2273,21,19,3276700,104,56,48
2274,21,19,3276800,137,70,67
2275,21,19,3276900,101,48,53
2276,21,19,3277000,0,0,0
2277,21,19,3277100,49,23,26
2278,21,19,3277200,1555,806,749
2279,21,19,3277300,153,70,83
2280,21,19,3277400,212,103,109
2281,21,19,3277500,100,56,44
2282,21,19,3277600,120,53,67
2283,21,19,3277700,583,283,300
2284,21,19,3277800,151,69,82
2285,21,19,3277900,671,332,339
2286,21,19,3278000,172,92,80
2287,21,19,3278100,382,188,194
2288,21,19,3278200,962,493,469
2289,21,19,3278300,910,447,463
2290,21,19,3278400,863,411,452
2291,21,19,3278500,114,48,66
2292,21,19,3278600,842,432,410
2293,21,19,3278700,163,82,81
2294,21,19,3278800,89,46,43
2295,21,19,3278900,0,0,0
2296,21,19,3279000,78,40,38
2297,21,19,3279100,1,1,0
2298,21,19,3279200,145,73,72
2299,21,19,3279300,0,0,0
2300,21,19,3279400,114,58,56
2301,21,19,3279500,0,0,0
2302,21,19,3279600,451,227,224
2303,21,19,3279700,0,0,0
2304,21,19,3279800,125,59,66
2305,21,19,3279900,1046,516,530
2306,21,19,3280000,410,195,215
2307,21,19,3280100,0,0,0
2308,21,19,3280200,735,382,353
2309,21,19,3280300,853,400,453
2310,21,19,3280400,305,168,137
2311,21,19,3280500,3021,1481,1540
2312,21,19,3280600,1082,537,545
2313,21,19,3280700,80,44,36
2314,21,19,3280800,0,0,0
2315,21,19,3280900,324,155,169
2316,21,19,3281000,873,444,429
2317,21,19,3281100,2936,1435,1501
2318,21,19,3281200,0,0,0
2319,21,19,3281300,1464,765,699
2320,21,19,3281400,496,253,243
2321,21,19,3281500,107,55,52
2322,21,19,3281600,0,0,0
2323,21,19,3281700,2153,1076,1077
2324,21,19,3281800,358,172,186
2325,21,19,3281900,221,100,121
2326,21,19,3282000,439,212,227
2327,21,19,3282100,658,334,324
2328,21,19,3282200,905,465,440
2329,21,19,3282300,923,493,430
2330,21,19,3282400,1431,693,738
2331,21,19,3282500,1078,521,557
2332,21,19,3282600,456,232,224
2333,21,19,3282700,84,46,38
2334,21,19,3282800,51,25,26
2335,21,19,3282900,6,4,2
2336,21,19,3283000,67,33,34
2337,21,19,3283100,78,34,44
2338,21,19,3283200,67,27,40
2339,21,19,3283300,70,38,32
2340,21,19,3283400,601,324,277
2341,21,19,3283500,194,92,102
2342,21,19,3283600,1210,597,613
2343,21,19,3283700,1128,582,546
2344,21,19,3283800,2217,1105,1112
2345,21,19,3283900,429,202,227
2346,21,19,3284000,57,29,28
2347,21,19,3284100,0,0,0
2348,21,19,3284200,2776,1419,1357
2349,21,19,3284300,0,0,0
2350,21,19,3284400,307,163,144
2351,21,19,3284500,136,77,59
2352,21,19,3284600,219,107,112
2353,21,19,3284700,80,39,41
2354,21,19,3284800,5163,2596,2567
2355,21,19,3284900,302,166,136
2356,21,19,3285000,444,228,216
2357,21,19,3285100,778,391,387
2358,21,19,3285200,0,0,0
2359,21,19,3285300,552,268,284
2360,21,19,3285400,220,107,113
2361,21,19,3285500,1393,711,682
2362,21,19,3285600,1138,553,585
2363,21,19,3285700,220,110,110
2364,21,19,3285800,701,327,374
2365,21,19,3285900,143,76,67
2366,21,19,3286000,489,253,236
2367,21,19,3286100,0,0,0
2368,21,19,3286200,1065,496,569
2369,21,19,3286300,225,102,123
2370,21,19,3286400,19,7,12
2371,21,19,3286500,799,394,405
2372,21,19,3286600,1331,659,672
2373,21,19,3286700,436,232,204
2374,21,19,3286800,336,177,159
2375,21,19,3286900,247,113,134
2376,21,19,3287000,664,323,341
2377,21,19,3287100,1260,598,662
2378,21,19,3287200,1336,672,664
2379,21,19,3287300,690,345,345
2380,21,19,3287400,2379,1204,1175
2381,21,19,3287500,287,141,146
2382,21,19,3287600,1452,743,709
2383,21,19,3287700,286,152,134
2384,21,19,3287800,410,208,202
2385,21,19,3287900,0,0,0
2386,21,19,3288000,0,0,0
2387,21,19,3288100,1252,646,606
2388,21,19,3288200,974,469,505
2389,21,19,3288300,287,136,151
2390,21,19,3288400,688,334,354
2391,21,19,3288500,1291,595,696
2392,21,19,3288600,661,325,336
2393,21,19,3288700,484,238,246
2394,21,19,3288800,0,0,0
2395,21,19,3288900,133,68,65
2396,21,19,3289000,1664,833,831
2397,21,19,3289100,1057,479,578
2398,21,19,3289200,421,212,209
2399,21,19,3289300,0,0,0
2400,21,19,3289400,3315,1525,1790
2401,21,19,3289500,352,182,170
2402,21,19,3289600,1413,609,804
2403,21,19,3289700,1474,656,818
2404,21,19,3289800,40,18,22
2405,21,19,3289900,473,230,243
2406,21,19,3290000,539,268,271
2407,21,19,3290100,412,194,218
2408,21,19,3290200,8170,4213,3957
2409,21,19,3290300,3882,1946,1936
2410,21,19,3290400,4617,2316,2301
2411,21,19,3290500,3357,1641,1716
2412,21,19,3290600,862,451,411
2413,21,19,3290700,0,0,0
2414,21,19,3290800,16,9,7
2415,21,19,3290900,1536,820,716
2416,21,19,3291000,1294,649,645
2417,21,19,3291100,0,0,0
2418,21,19,3291200,0,0,0
2419,21,19,3291300,538,269,269
2420,21,19,3291400,1221,604,617
2421,21,19,3291500,2067,1029,1038
2422,21,19,3291600,0,0,0
2423,21,19,3291700,1465,689,776
2424,21,19,3291800,2815,1450,1365
2425,21,19,3291900,458,206,252
2426,21,19,3292000,925,414,511
2427,21,19,3292100,2197,1031,1166
2428,21,19,3292200,1345,702,643
2429,21,19,3292300,3895,1889,2006
2430,21,19,3292400,1030,537,493
2431,21,19,3292500,603,297,306
2432,21,19,3292600,753,376,377
2433,21,19,3292700,499,263,236
2434,21,19,3292800,5074,2565,2509
2435,21,19,3292900,1611,872,739
2436,21,19,3293000,1881,972,909
2437,21,19,3293100,0,0,0
2438,21,19,3293200,719,368,351
2439,21,19,3293300,248,125,123
2440,21,19,3293400,938,464,474
2441,21,19,3293500,229,112,117
2442,21,19,3293600,0,0,0
2443,21,19,3293700,1277,670,607
2444,21,19,3293800,659,298,361
2445,21,19,3293900,1527,719,808
2446,21,19,3294000,1072,537,535
2447,21,19,3294100,607,283,324
2448,21,19,3294200,369,169,200
2449,21,19,3294300,1290,594,696
2450,21,19,3294400,477,211,266
2451,21,19,3294500,1739,846,893
2452,21,19,3294600,1112,527,585
2453,21,19,3294700,895,455,440
2454,21,19,3294800,3337,1634,1703
2455,21,19,3294900,1287,676,611
2456,21,19,3295000,259,129,130
2457,21,19,3295100,1049,505,544
2458,21,19,3295200,0,0,0
2459,21,19,3295300,275,137,138
2460,21,19,3295400,112,59,53
2461,21,19,3295500,1126,564,562
2462,21,19,3295600,0,0,0
2463,21,19,3295700,584,296,288
2464,21,19,3295800,1378,711,667
2465,21,19,3295900,1419,726,693
2466,21,19,3296000,0,0,0
2467,21,19,3296100,1452,719,733
2468,21,19,3296200,1762,878,884
2469,21,19,3296300,1775,921,854
2470,21,19,3296400,708,358,350
2471,21,19,3296500,2104,1001,1103
2472,21,19,3296600,544,275,269
2473,21,19,3296700,3,2,1
2474,21,19,3296800,332,173,159
2475,21,19,3296900,1229,609,620
2476,21,19,3297000,1320,679,641
2477,21,19,3297100,1060,540,520
2478,21,19,3297200,1770,886,884
2479,21,19,3297300,0,0,0
2480,21,19,3297400,581,293,288
2481,21,19,3297500,373,204,169
2482,21,19,3297600,817,404,413
2483,21,19,3297700,910,455,455
2484,21,19,3297800,206,105,101
2485,21,19,3297900,496,261,235
2486,21,19,3298000,188,110,78
2487,21,19,3298100,2146,1046,1100
2488,21,19,3298200,825,394,431
2489,21,19,3298300,1378,634,744
2490,21,19,3298400,1226,552,674
2491,21,19,3298500,867,383,484
2492,21,19,3298600,2490,1222,1268
2493,21,19,3298700,166,86,80
2494,21,19,3298800,191,98,93
2495,21,19,3298900,176,87,89
2496,21,19,3299000,153,69,84
2497,21,19,3299100,115,53,62
2498,21,19,3299200,0,0,0
2499,21,19,3299300,0,0,0
2500,21,19,3299400,89,48,41
2501,21,19,3299500,232,109,123
2502,21,19,3299600,336,185,151
2503,21,19,3299700,156,69,87
2504,21,19,3299800,154,77,77
2505,21,19,3299900,20,15,5
2506,21,19,3300000,1934,972,962
2507,21,19,3300100,100,47,53
2508,21,19,3300200,56,29,27
2509,21,19,3300300,164,91,73
2510,21,19,3300400,4540,2353,2187
2511,21,19,3300500,3590,1829,1761
2512,21,19,3300600,87,41,46
2513,21,19,3300700,250,123,127
2514,21,19,3300800,217,102,115
2515,21,19,3300900,780,366,414
2516,21,19,3301000,141,61,80
2517,21,19,3301100,0,0,0
2518,21,19,3301200,93,44,49
2519,21,19,3301300,36,19,17
2520,21,19,3301400,0,0,0
2521,21,19,3301500,51,23,28
2522,21,19,3301600,0,0,0
2523,21,19,3301700,0,0,0
2524,21,19,3301800,145,73,72
2525,21,19,3301900,251,123,128
2526,21,19,3302000,89,44,45
2527,21,19,3302100,176,82,94
2528,21,19,3302200,2197,1050,1147
2529,21,19,3302300,261,131,130
2530,21,19,3302400,1195,629,566
2531,21,19,3302500,1018,468,550
2532,21,19,3302600,365,177,188
2533,21,19,3302700,1169,579,590
2534,21,19,3302800,977,478,499
2535,21,19,3302900,204,101,103
2536,21,19,3303000,408,202,206
2537,21,19,3303100,593,296,297
2538,21,19,3303200,84,49,35
2539,21,19,3303300,1211,615,596
2540,21,19,3303400,677,337,340
2541,21,19,3303500,563,293,270
2542,21,19,3303600,0,0,0
2543,21,19,3303700,1115,573,542
2544,21,19,3303800,2066,1001,1065
2545,21,19,3303900,135,73,62
2546,21,19,3304000,61,30,31
2547,21,19,3304100,426,229,197
2548,21,19,3304200,333,175,158
2549,21,19,3304300,233,116,117
2550,21,19,3304400,364,191,173
2551,21,19,3304500,3001,1504,1497
2552,21,19,3304600,115,57,58
2553,21,19,3304700,0,0,0
2554,21,19,3304800,264,142,122
2555,21,19,3304900,107,56,51
2556,21,19,3305000,102,63,39
2557,21,19,3305100,98,44,54
2558,21,19,3305200,113,60,53
2559,21,19,3305300,0,0,0
2560,21,19,3305400,28,12,16
2561,21,19,3305500,105,59,46
2562,21,19,3305600,66,34,32
2563,21,19,3305700,0,0,0
2564,21,19,3305800,0,0,0
2565,21,19,3305900,392,196,196
2566,21,19,3306000,0,0,0
2567,21,19,3306100,178,94,84
2568,21,19,3306200,2,2,0
2569,21,19,3306300,3717,1875,1842
2570,21,19,3306400,84,39,45
2571,21,19,3306500,0,0,0
2572,21,19,3306600,126,63,63
2573,21,19,3306700,135,73,62
2574,21,19,3306800,0,0,0
2575,21,19,3306900,107,58,49
2576,21,19,3307000,210,119,91
2577,21,19,3307100,345,156,189
2578,21,19,3307200,202,91,111
2579,21,19,3307300,308,146,162
2580,21,19,3307400,111,57,54
2581,21,19,3307500,86,47,39
2582,21,19,3307600,147,79,68
2583,21,19,3307700,242,124,118
2584,21,19,3307800,93,50,43
2585,21,19,3307900,0,0,0
2586,21,19,3308000,0,0,0
2587,21,19,3308100,969,478,491
2588,21,19,3308200,0,0,0
2589,21,19,3308300,2131,1082,1049
2590,21,19,3308400,668,333,335
2591,21,19,3308500,394,186,208
2592,21,19,3308600,529,260,269
2593,21,19,3308700,0,0,0
2594,21,19,3308800,1035,530,505
2595,21,19,3308900,883,479,404
2596,21,19,3309000,927,450,477
2597,21,19,3309100,792,394,398
2598,21,19,3309200,893,422,471
2599,21,19,3309300,2098,1044,1054
2600,21,19,3309400,0,0,0
2601,21,19,3309500,635,314,321
2602,21,19,3309600,0,0,0
2603,21,19,3309700,0,0,0
2604,21,19,3309800,769,373,396
2605,21,19,3309900,0,0,0
2606,21,19,3310000,1460,757,703
2607,21,19,3310100,0,0,0
2608,21,19,3310200,11,6,5
2609,21,19,3310300,0,0,0
2610,21,19,3310400,0,0,0
2611,21,19,3310500,339,176,163
2612,21,19,3310600,228,121,107
2613,21,19,3310700,544,275,269
2614,21,19,3310800,329,156,173
2615,21,19,3310900,655,337,318
2616,21,19,3311000,1158,589,569
2617,21,19,3311100,1389,655,734
2618,21,19,3311200,1545,736,809
2619,21,19,3311300,1847,887,960
2620,21,19,3311400,1353,693,660
2621,21,19,3311500,500,264,236
2622,21,19,3311600,2132,1088,1044
2623,21,19,3311700,1293,654,639
2624,21,19,3311800,559,275,284
2625,21,19,3311900,2347,1178,1169
2626,21,19,3312000,2202,1085,1117
2627,21,19,3312100,542,270,272
2628,21,19,3312200,561,251,310
2629,21,19,3312300,0,0,0
2630,21,19,3312400,0,0,0
2631,21,19,3312500,0,0,0
2632,21,19,3312600,329,173,156
2633,21,19,3312700,0,0,0
2634,21,19,3312800,0,0,0
2635,21,19,3312900,1736,883,853
2636,21,19,3313000,1067,501,566
2637,21,19,3313100,0,0,0
2638,21,19,3313200,0,0,0
2639,21,19,3313300,0,0,0
2640,21,19,3313400,548,275,273
2641,21,19,3313500,47,22,25
2642,21,19,3313600,15,6,9
2643,21,19,3313700,151,77,74
2644,21,19,3313800,0,0,0
2645,21,19,3313900,0,0,0
2646,21,19,3314000,48,28,20
2647,21,19,3314100,18,7,11
2648,21,19,3314200,119,57,62
2649,21,19,3314300,94,58,36
2650,21,19,3314400,0,0,0
2651,21,19,3314500,193,91,102
2652,21,19,3314600,263,136,127
2653,21,19,3314700,552,277,275
2654,21,19,3314800,647,343,304
2655,21,19,3314900,1248,640,608
2656,21,19,3315000,193,115,78
2657,21,19,3315100,277,141,136
2658,21,19,3315200,136,68,68
2659,21,19,3315300,92,46,46
2660,21,19,3315400,0,0,0
2661,21,19,3315500,1304,649,655
2662,21,19,3315600,116,63,53
2663,21,19,3315700,0,0,0
2664,21,19,3315800,0,0,0
2665,21,19,3315900,571,264,307
2666,21,19,3316000,0,0,0
2667,21,19,3316100,1281,604,677
2668,21,19,3316200,355,164,191
2669,21,19,3316300,627,319,308
2670,21,19,3316400,3591,1833,1758
2671,21,19,3316500,287,132,155
2672,21,19,3316600,338,176,162
2673,21,19,3316700,402,174,228
2674,21,19,3316800,0,0,0
2675,21,19,3316900,163,84,79
2676,21,19,3317000,1232,640,592
2677,21,19,3317100,683,333,350
2678,21,19,3317200,7689,3883,3806
2679,21,19,3317300,455,223,232
2680,21,19,3317400,469,237,232
2681,21,19,3317500,707,337,370
2682,21,19,3317600,265,132,133
2683,21,19,3317700,465,195,270
2684,21,19,3317800,241,120,121
2685,21,19,3317900,0,0,0
2686,21,19,3318000,67,30,37
2687,21,19,3318100,0,0,0
2688,21,19,3318200,0,0,0
2689,21,19,3318300,34,20,14
2690,21,19,3318400,136,65,71
2691,21,19,3318500,44,15,29
2692,21,19,3318600,0,0,0
2693,21,19,3318700,70,25,45
2694,21,19,3318800,76,37,39
2695,21,19,3318900,104,59,45
2696,21,19,3319000,70,37,33
2697,21,19,3319100,437,221,216
2698,21,19,3319200,0,0,0
2699,21,19,3319300,63,29,34
2700,21,19,3319400,0,0,0
2701,21,19,3319500,51,29,22
2702,21,19,3319600,0,0,0
2703,21,19,3319700,0,0,0
2704,21,19,3319800,0,0,0
2705,21,19,3319900,0,0,0
2706,21,19,3320000,70,40,30
2707,21,19,3320100,46,20,26
2708,21,19,3320200,0,0,0
2709,21,19,3320300,24,9,15
2710,21,19,3320400,0,0,0
2711,21,19,3320500,46,25,21
2712,21,19,3320600,16,9,7
2713,21,19,3320700,5,2,3
2714,21,19,3320800,43,20,23
2715,21,19,3320900,0,0,0
2716,21,19,3321000,53,29,24
2717,21,19,3321100,30,15,15
2718,21,19,3321200,0,0,0
2719,21,19,3321300,98,50,48
2720,21,19,3321400,68,40,28
2721,21,19,3321500,0,0,0
2722,21,19,3321600,1019,511,508
2723,21,19,3321700,615,285,330
2724,21,19,3321800,392,194,198
2725,21,19,3321900,884,450,434
2726,21,19,3322000,291,140,151
2727,21,19,3322100,1074,561,513
2728,21,19,3322200,1509,755,754
2729,21,19,3322300,812,371,441
2730,21,19,3322400,1886,899,987
2731,21,19,3322500,422,196,226
2732,21,19,3322600,1666,753,913
2733,21,19,3322700,587,272,315
2734,21,19,3322800,756,371,385
2735,21,19,3322900,1156,530,626
2736,21,19,3323000,902,437,465
2737,21,19,3323100,411,215,196
2738,21,19,3323200,1918,969,949
2739,21,19,3323300,1280,638,642
2740,21,19,3323400,16,6,10
2741,21,19,3323500,753,377,376
2742,21,19,3323600,48,18,30
2743,21,19,3323700,51,28,23
2744,21,19,3323800,39,16,23
2745,21,19,3323900,0,0,0
2746,21,19,3324000,48,19,29
2747,21,19,3324100,16,5,11
2748,21,19,3324200,116,55,61
2749,21,19,3324300,815,409,406
2750,21,19,3324400,423,217,206
2751,21,19,3324500,1010,496,514
2752,21,19,3324600,1664,812,852
2753,21,19,3324700,409,175,234
2754,21,19,3324800,1692,698,994
2755,21,19,3324900,1693,861,832
2756,21,19,3325000,1,1,0
2757,21,19,3325100,485,255,230
2758,21,19,3325200,0,0,0
2759,21,19,3325300,1201,584,617
2760,21,19,3325400,1408,636,772
2761,21,19,3325500,809,357,452
2762,21,19,3325600,1083,511,572
2763,21,19,3325700,451,208,243
2764,21,19,3325800,1087,537,550
2765,21,19,3325900,1962,817,1145
2766,21,19,3326000,955,421,534
2767,21,19,3326100,544,211,333
2768,21,19,3326200,4621,2208,2413
2769,21,19,3326300,817,361,456
2770,21,19,3326400,882,440,442
2771,21,19,3326500,686,304,382
2772,21,19,3326600,876,383,493
2773,21,19,3326700,880,402,478
2774,21,19,3326800,658,305,353
2775,21,19,3326900,291,154,137
2776,21,19,3327000,346,167,179
2777,21,19,3327100,762,350,412
2778,21,19,3327200,180,82,98
2779,21,19,3327300,1439,717,722
2780,21,19,3327400,436,214,222
2781,21,19,3327500,3183,1545,1638
2782,21,19,3327600,37,16,21
2783,21,19,3327700,25,9,16
2784,21,19,3327800,134,61,73
2785,21,19,3327900,1297,669,628
2786,21,19,3328000,276,136,140
2787,21,19,3328100,458,227,231
2788,21,19,3328200,1039,526,513
2789,21,19,3328300,86,48,38
2790,21,19,3328400,405,175,230
2791,21,19,3328500,1154,552,602
2792,21,19,3328600,107,50,57
2793,21,19,3328700,70,33,37
2794,21,19,3328800,554,273,281
2795,21,19,3328900,173,93,80
2796,21,19,3329000,124,65,59
2797,21,19,3329100,609,307,302
2798,21,19,3329200,486,225,261
2799,21,19,3329300,113,58,55
2800,21,19,3329400,0,0,0
2801,21,19,3329500,2748,1350,1398
2802,21,19,3329600,992,464,528
2803,21,19,3329700,1472,603,869
2804,21,19,3329800,1336,624,712
2805,21,19,3329900,104,56,48
2806,21,19,3330000,177,88,89
2807,21,19,3330100,187,100,87
2808,21,19,3330200,265,132,133
2809,21,19,3330300,362,180,182
2810,21,19,3330400,120,46,74
2811,21,19,3330500,539,249,290
2812,21,19,3330600,272,133,139
2813,21,19,3330700,55,25,30
2814,21,19,3330800,27,12,15
2815,21,19,3330900,178,86,92
2816,21,19,3331000,57,36,21
2817,21,19,3331100,114,63,51
2818,21,19,3331200,38,23,15
2819,21,19,3331300,163,82,81
2820,21,19,3331400,43,18,25
2821,21,19,3331500,161,66,95
2822,21,19,3331600,304,144,160
2823,21,19,3331700,0,0,0
2824,21,19,3331800,0,0,0
2825,21,19,3331900,95,46,49
2826,21,19,3332000,319,140,179
2827,21,19,3332100,86,38,48
2828,21,19,3332200,660,314,346
2829,21,19,3332300,175,69,106
2830,21,19,3332400,710,437,273
2831,21,19,3332500,294,147,147
2832,21,19,3332600,446,209,237
2833,21,19,3332700,230,101,129
2834,21,19,3332800,197,101,96
2835,21,19,3332900,100,46,54
2836,21,19,3333000,135,68,67
2837,21,19,3333100,245,131,114
2838,21,19,3333200,206,102,104
2839,21,19,3333300,1035,544,491
2840,21,19,3333400,403,215,188
2841,21,19,3333500,1668,816,852
2842,21,19,3333600,8457,4276,4181
2843,21,19,3333700,873,435,438
2844,21,19,3333800,1527,787,740
2845,21,19,3333900,792,383,409
2846,21,19,3334000,483,264,219
2847,21,19,3334100,1935,947,988
2848,21,19,3334200,1666,843,823
2849,21,19,3334300,1425,746,679
2850,21,19,3334400,1399,721,678
2851,21,19,3334500,953,499,454
2852,21,19,3334600,1668,830,838
2853,21,19,3334700,761,386,375
2854,21,19,3334800,1630,842,788
2855,21,19,3334900,869,457,412
2856,21,19,3335000,1173,579,594
2857,21,19,3335100,223,105,118
2858,21,19,3335200,0,0,0
2859,21,19,3335300,0,0,0
2860,21,19,3335400,0,0,0
2861,21,19,3335500,1304,699,605
2862,21,19,3335600,380,209,171
2863,21,19,3335700,0,0,0
2864,21,19,3335800,2369,1169,1200
2865,21,19,3335900,1317,676,641
2866,21,19,3336000,0,0,0
2867,21,19,3336100,3951,2030,1921
2868,21,19,3336200,1283,603,680
2869,21,19,3336300,1925,1009,916
2870,21,19,3336400,705,306,399
2871,21,19,3336500,1258,597,661
2872,21,19,3336600,667,328,339
2873,21,19,3336700,1271,629,642
2874,21,19,3336800,1286,646,640
2875,21,19,3336900,1688,867,821
2876,21,19,3337000,3415,1773,1642
2877,21,19,3337100,785,393,392
2878,21,19,3337200,691,357,334
2879,21,19,3337300,635,324,311
2880,21,19,3337400,3536,1757,1779
2881,21,19,3337500,2274,1211,1063
2882,21,19,3337600,107,57,50
2883,21,19,3337700,137,72,65
2884,21,19,3337800,298,146,152
2885,21,19,3337900,0,0,0
2886,21,19,3338000,0,0,0
2887,21,19,3338100,0,0,0
2888,21,19,3338200,1781,923,858
2889,21,19,3338300,899,391,508
2890,21,19,3338400,617,306,311
2891,21,19,3338500,239,130,109
2892,21,19,3338600,712,366,346
2893,21,19,3338700,1564,817,747
2894,21,19,3338800,413,217,196
2895,21,19,3338900,1110,582,528
2896,21,19,3339000,1067,526,541
2897,21,19,3339100,1821,957,864
2898,21,19,3339200,1432,711,721
2899,21,19,3339300,2338,1140,1198
2900,21,19,3339400,6713,3454,3259
2901,21,19,3339500,916,479,437
2902,21,19,3339600,49,28,21
2903,21,19,3339700,57,27,30
2904,21,19,3339800,2543,1355,1188
2905,21,19,3339900,649,326,323
2906,21,19,3340000,3887,2090,1797
2907,21,19,3340100,1034,536,498
2908,21,19,3340200,1054,575,479
2909,21,19,3340300,1823,955,868
2910,21,19,3340400,2997,1556,1441
2911,21,19,3340500,0,0,0
2912,21,19,3340600,768,396,372
2913,21,19,3340700,307,154,153
2914,21,19,3340800,1214,634,580
2915,21,19,3340900,1355,726,629
2916,21,19,3341000,2166,1073,1093
2917,21,19,3341100,6535,3464,3071
2918,21,19,3341200,3302,1792,1510
2919,21,19,3341300,4160,2202,1958
2920,21,19,3341400,529,268,261
2921,21,19,3341500,3354,1667,1687
2922,21,19,3341600,0,0,0
2923,21,19,3341700,1506,811,695
2924,21,19,3341800,1710,812,898
2925,21,19,3341900,24,12,12
2926,21,19,3342000,1095,579,516
2927,21,19,3342100,0,0,0
2928,21,19,3342200,2422,1245,1177
2929,21,19,3342300,293,143,150
2930,21,19,3342400,254,132,122
2931,21,19,3342500,47,18,29
2932,21,19,3342600,290,141,149
2933,21,19,3342700,645,317,328
2934,21,19,3342800,0,0,0
2935,21,19,3342900,1429,738,691
2936,21,19,3343000,72,37,35
2937,21,19,3343100,122,60,62
2938,21,19,3343200,944,477,467
2939,21,19,3343300,322,163,159
2940,21,19,3343400,0,0,0
2941,21,19,3343500,463,221,242
2942,21,19,3343600,305,157,148
2943,21,19,3343700,1273,635,638
2944,21,19,3343800,292,133,159
2945,21,19,3343900,457,227,230
2946,21,19,3344000,466,220,246
2947,21,19,3344100,0,0,0
2948,21,19,3344200,488,249,239
2949,21,19,3344300,1564,757,807
2950,21,19,3344400,1345,676,669
2951,21,19,3344500,598,294,304
2952,21,19,3344600,458,242,216
2953,21,19,3344700,361,183,178
2954,21,19,3344800,250,129,121
2955,21,19,3344900,833,375,458
2956,21,19,3345000,485,240,245
2957,21,19,3345100,87,50,37
2958,21,19,3345200,143,65,78
2959,21,19,3345300,0,0,0
2960,21,19,3345400,135,68,67
2961,21,19,3345500,2051,1007,1044
2962,21,19,3345600,214,97,117
2963,21,19,3345700,571,283,288
2964,21,19,3345800,1624,843,781
2965,21,19,3345900,2209,1079,1130
2966,21,19,3346000,7238,3647,3591
2967,21,19,3346100,3706,1910,1796
2968,21,19,3346200,1164,587,577
2969,21,19,3346300,1019,525,494
2970,21,19,3346400,3561,1857,1704
2971,21,19,3346500,1497,766,731
2972,21,19,3346600,1332,700,632
2973,21,19,3346700,4945,2550,2395
2974,21,19,3346800,2593,1335,1258
2975,21,19,3346900,0,0,0
2976,21,19,3347000,816,429,387
2977,21,19,3347100,0,0,0
2978,21,19,3347200,1372,682,690
2979,21,19,3347300,498,229,269
2980,21,19,3347400,552,297,255
2981,21,19,3347500,1953,1021,932
2982,21,19,3347600,712,380,332
2983,21,19,3347700,873,437,436
2984,21,19,3347800,1371,759,612
2985,21,19,3347900,242,122,120
2986,21,19,3348000,1279,689,590
2987,21,19,3348100,555,254,301
2988,21,19,3348200,536,254,282
2989,21,19,3348300,1079,525,554
2990,21,19,3348400,7,5,2
2991,21,19,3348500,625,305,320
2992,21,19,3348600,7274,3573,3701
2993,21,19,3348700,4198,2117,2081
2994,21,19,3348800,1649,843,806
2995,21,19,3348900,7241,3647,3594
2996,21,19,3349000,1085,530,555
2997,21,19,3349100,51,22,29
2998,21,19,3349200,1714,902,812
2999,21,19,3349300,951,476,475
3000,21,19,3349400,97,46,51
3001,21,19,3349500,33,20,13
3002,21,19,3349600,0,0,0
3003,21,19,3349700,293,152,141
3004,21,19,3349800,134,59,75
3005,21,19,3349900,266,124,142
3006,21,19,3350000,39,19,20
3007,21,19,3350100,385,193,192
3008,21,19,3350200,565,281,284
3009,21,19,3350300,131,65,66
3010,21,19,3350400,709,350,359
3011,21,19,3350500,37,15,22
3012,21,19,3350600,564,295,269
3013,21,19,3350700,257,121,136
3014,21,19,3350800,697,346,351
3015,21,19,3350900,336,173,163
3016,21,19,3351000,244,126,118
3017,21,19,3351100,1004,530,474
3018,21,19,3351200,546,287,259
3019,21,19,3351300,880,456,424
3020,21,19,3351400,538,248,290
3021,21,19,3351500,808,412,396
3022,21,19,3351600,1579,828,751
3023,21,19,3351700,1546,740,806
3024,21,19,3351800,451,208,243
3025,21,19,3351900,1758,854,904
3026,21,19,3352000,3995,2067,1928
3027,21,19,3352100,1303,668,635
3028,21,19,3352200,698,345,353
3029,21,19,3352300,1192,607,585
3030,21,19,3352400,1415,719,696
3031,21,19,3352500,0,0,0
3032,21,19,3352600,1035,552,483
3033,21,19,3352700,279,146,133
3034,21,19,3352800,0,0,0
3035,21,19,3352900,4435,2165,2270
3036,21,19,3353000,5480,2710,2770
3037,21,19,3353100,2147,1142,1005
3038,21,19,3353200,2240,1042,1198
3039,21,19,3353300,3657,1815,1842
3040,21,19,3353400,7296,3695,3601
3041,21,19,3353500,2722,1366,1356
3042,21,19,3353600,2416,1172,1244
3043,21,19,3353700,1460,707,753
3044,21,19,3353800,4321,2115,2206
3045,21,19,3353900,3339,1579,1760
3046,21,19,3354000,2270,1122,1148
3047,21,19,3354100,2053,966,1087
3048,21,19,3354200,1800,874,926
3049,21,19,3354300,5385,2769,2616
3050,21,19,3354400,7716,3737,3979
3051,21,19,3354500,530,254,276
3052,21,19,3354600,771,391,380
3053,21,19,3354700,655,332,323
3054,21,19,3354800,0,0,0
3055,21,19,3354900,3065,1645,1420
3056,21,19,3355000,1342,720,622
3057,21,19,3355100,0,0,0
3058,21,19,3355200,1236,655,581
3059,21,19,3355300,2468,1331,1137
3060,21,19,3355400,3247,1640,1607
3061,21,19,3355500,1850,900,950
3062,21,19,3355600,729,385,344
3063,21,19,3355700,1146,575,571
3064,21,19,3355800,990,571,419
3065,21,19,3355900,2560,1314,1246
3066,21,19,3356000,1366,732,634
3067,21,19,3356100,1249,637,612
3068,21,19,3356200,657,329,328
3069,21,19,3356300,1247,615,632
3070,21,19,3356400,4080,1956,2124
3071,21,19,3356500,2070,965,1105
3072,21,19,3356600,3656,1750,1906
3073,21,19,3356700,1098,526,572
3074,21,19,3356800,3744,1836,1908
3075,21,19,3356900,2575,1200,1375
3076,21,19,3357000,3507,1727,1780
3077,21,19,3357100,2679,1311,1368
3078,21,19,3357200,1314,621,693
3079,21,19,3357300,2242,1085,1157
3080,21,19,3357400,966,463,503
3081,21,19,3357500,2184,1040,1144
3082,21,19,3357600,89,39,50
3083,21,19,3357700,1948,990,958
3084,21,19,3357800,3062,1321,1741
3085,21,19,3357900,2355,1104,1251
3086,21,19,3358000,1438,675,763
3087,21,19,3358100,2710,1362,1348
3088,21,19,3358200,3056,1490,1566
3089,21,19,3358300,925,437,488
3090,21,19,3358400,1682,800,882
3091,21,19,3358500,6093,2959,3134
3092,21,19,3358600,1768,863,905
3093,21,19,3358700,5717,2768,2949
3094,21,19,3358800,717,359,358
3095,21,19,3358900,0,0,0
3096,21,19,3359000,0,0,0
3097,21,19,3359100,0,0,0
3098,21,19,3359200,676,333,343
3099,21,19,3359300,938,472,466
3100,21,19,3359400,1196,548,648
3101,21,19,3359500,817,411,406
3102,21,19,3359600,2860,1363,1497
3103,21,19,3359700,0,0,0
3104,21,19,3359800,16,11,5
3105,21,19,3359900,0,0,0
3106,21,19,3360000,60,32,28
3107,21,19,3360100,25,11,14
3108,21,19,3360200,47,15,32
3109,21,19,3360300,92,46,46
3110,21,19,3360400,37,18,19
3111,21,19,3360500,91,49,42
3112,21,19,3360600,0,0,0
3113,21,19,3360700,70,36,34
3114,21,19,3360800,49,22,27
3115,21,19,3360900,56,29,27
3116,21,19,3361000,24,9,15
3117,21,19,3361100,49,25,24
3118,21,19,3361200,191,98,93
3119,21,19,3361300,136,69,67
3120,21,19,3361400,247,122,125
3121,21,19,3361500,103,58,45
3122,21,19,3361600,50,24,26
3123,21,19,3361700,67,37,30
3124,21,19,3361800,23,7,16
3125,21,19,3361900,60,34,26
3126,21,19,3362000,58,28,30
3127,21,19,3362100,145,82,63
3128,21,19,3362200,173,87,86
3129,21,19,3362300,339,173,166
3130,21,19,3362400,22,11,11
3131,21,19,3362500,0,0,0
3132,21,19,3362600,23,13,10
3133,21,19,3362700,88,48,40
3134,21,19,3362800,131,63,68
3135,21,19,3362900,38,20,18
3136,21,19,3363000,134,77,57
3137,21,19,3363100,164,76,88
3138,21,19,3363200,55,30,25
3139,21,19,3363300,293,156,137
3140,21,19,3363400,287,148,139
3141,21,19,3363500,57,29,28
3142,21,19,3363600,134,67,67
3143,21,19,3363700,132,60,72
3144,21,19,3363800,46,20,26
3145,21,19,3363900,73,39,34
3146,21,19,3364000,0,0,0
3147,21,19,3364100,38,18,20
3148,21,19,3364200,110,53,57
3149,21,19,3364300,178,86,92
3150,21,19,3364400,14,6,8
3151,21,19,3364500,70,38,32
3152,21,19,3364600,0,0,0
3153,21,19,3364700,29,19,10
3154,21,19,3364800,154,70,84
3155,21,19,3364900,93,49,44
3156,21,19,3365000,238,109,129
3157,21,19,3365100,24,12,12
3158,21,19,3365200,105,51,54
3159,21,19,3365300,143,66,77
3160,21,19,3365400,98,53,45
3161,21,19,3365500,133,58,75
3162,21,19,3365600,126,65,61
3163,21,19,3365700,147,80,67
3164,21,19,3365800,1196,648,548
3165,21,19,3365900,39,20,19
3166,21,19,3366000,131,55,76
3167,21,19,3366100,22,12,10
3168,21,19,3366200,50,19,31
3169,21,19,3366300,44,18,26
3170,21,19,3366400,140,69,71
3171,21,19,3366500,141,74,67
3172,21,19,3366600,504,356,148
3173,21,19,3366700,110,51,59
3174,21,19,3366800,196,100,96
3175,21,19,3366900,132,61,71
3176,21,19,3367000,24,12,12
3177,21,19,3367100,0,0,0
3178,21,19,3367200,292,137,155
3179,21,19,3367300,0,0,0
3180,21,19,3367400,144,80,64
3181,21,19,3367500,317,153,164
3182,21,19,3367600,142,67,75
3183,21,19,3367700,140,73,67
3184,21,19,3367800,33,18,15
3185,21,19,3367900,205,95,110
3186,21,19,3368000,88,38,50
3187,21,19,3368100,161,79,82
3188,21,19,3368200,34,19,15
3189,21,19,3368300,40,23,17
3190,21,19,3368400,201,104,97
3191,21,19,3368500,239,109,130
3192,21,19,3368600,56,22,34
3193,21,19,3368700,134,70,64
3194,21,19,3368800,125,67,58
3195,21,19,3368900,0,0,0
3196,21,19,3369000,103,47,56
3197,21,19,3369100,86,36,50
3198,21,19,3369200,144,77,67
3199,21,19,3369300,151,80,71
3200,21,19,3369400,217,115,102
3201,21,19,3369500,447,227,220
3202,21,19,3369600,0,0,0
3203,21,19,3369700,56,30,26
3204,21,19,3369800,53,24,29
3205,21,19,3369900,72,36,36
3206,21,19,3370000,68,36,32
3207,21,19,3370100,133,63,70
3208,21,19,3370200,22,11,11
3209,21,19,3370300,114,60,54
3210,21,19,3370400,55,23,32
3211,21,19,3370500,107,55,52
