,Statecode,Districtcode,VillageCode,Population,Males,Females
0,21,13,2063000,311,154,157
1,21,13,2063100,0,0,0
2,21,13,2063200,305,146,159
3,21,13,2063300,661,332,329
4,21,13,2063400,479,233,246
5,21,13,2063500,358,196,162
6,21,13,2063600,954,476,478
7,21,13,2063700,2006,1000,1006
8,21,13,2063800,567,269,298
9,21,13,2063900,2925,1580,1345
10,21,13,2064000,6309,3293,3016
11,21,13,2064100,591,298,293
12,21,13,2064200,1047,511,536
13,21,13,2064300,782,406,376
14,21,13,2064400,5202,2809,2393
15,21,13,2064500,1581,812,769
16,21,13,2064600,625,307,318
17,21,13,2064700,561,285,276
18,21,13,2064800,1891,1003,888
19,21,13,2064900,1236,618,618
20,21,13,2065000,517,245,272
21,21,13,2065100,466,231,235
22,21,13,2065200,591,345,246
23,21,13,2065300,1343,681,662
24,21,13,2065400,396,201,195
25,21,13,2065500,712,361,351
26,21,13,2065600,8222,4314,3908
27,21,13,2065700,1375,662,713
28,21,13,2065800,517,266,251
29,21,13,2065900,443,233,210
30,21,13,2066000,852,415,437
31,21,13,2066100,873,453,420
32,21,13,2066200,330,176,154
33,21,13,2066300,0,0,0
34,21,13,2066400,587,281,306
35,21,13,2066500,1537,780,757
36,21,13,2066600,883,428,455
37,21,13,2066700,1295,673,622
38,21,13,2066800,660,356,304
39,21,13,2066900,1211,630,581
40,21,13,2067000,209,108,101
41,21,13,2067100,1358,751,607
42,21,13,2067200,434,229,205
43,21,13,2067300,1505,761,744
44,21,13,2067400,377,187,190
45,21,13,2067500,0,0,0
46,21,13,2067600,572,284,288
47,21,13,2067700,1110,555,555
48,21,13,2067800,555,281,274
49,21,13,2067900,1242,670,572
50,21,13,2068000,0,0,0
51,21,13,2068100,0,0,0
52,21,13,2068200,1288,659,629
53,21,13,2068300,143,79,64
54,21,13,2068400,1282,655,627
55,21,13,2068500,464,237,227
56,21,13,2068600,194,116,78
57,21,13,2068700,0,0,0
58,21,13,2068800,399,199,200
59,21,13,2068900,2151,1137,1014
60,21,13,2069000,316,174,142
61,21,13,2069100,419,193,226
62,21,13,2069200,1230,626,604
63,21,13,2069300,458,239,219
64,21,13,2069400,1764,898,866
65,21,13,2069500,631,341,290
66,21,13,2069600,618,312,306
67,21,13,2069700,311,150,161
68,21,13,2069800,1242,648,594
69,21,13,2069900,0,0,0
70,21,13,2070000,827,429,398
71,21,13,2070100,2148,1113,1035
72,21,13,2070200,1268,659,609
73,21,13,2070300,4012,2024,1988
74,21,13,2070400,4029,2072,1957
75,21,13,2070500,1561,772,789
76,21,13,2070600,622,335,287
77,21,13,2070700,1535,774,761
78,21,13,2070800,447,235,212
79,21,13,2070900,1206,592,614
80,21,13,2071000,1867,946,921
81,21,13,2071100,2757,1418,1339
82,21,13,2071200,1016,519,497
83,21,13,2071300,2591,1261,1330
84,21,13,2071400,2067,1055,1012
85,21,13,2071500,754,379,375
86,21,13,2071600,703,348,355
87,21,13,2071700,1095,631,464
88,21,13,2071800,0,0,0
89,21,13,2071900,1236,621,615
90,21,13,2072000,560,287,273
91,21,13,2072100,1175,581,594
92,21,13,2072200,503,262,241
93,21,13,2072300,1456,756,700
94,21,13,2072400,1431,741,690
95,21,13,2072500,396,191,205
96,21,13,2072600,783,391,392
97,21,13,2072700,946,453,493
98,21,13,2072800,382,186,196
99,21,13,2072900,80,35,45
100,21,13,2073000,937,478,459
101,21,13,2073100,881,453,428
102,21,13,2073200,0,0,0
103,21,13,2073300,1931,974,957
104,21,13,2073400,754,385,369
105,21,13,2073500,0,0,0
106,21,13,2073600,1275,649,626
107,21,13,2073700,2676,1378,1298
108,21,13,2073800,2688,1391,1297
109,21,13,2073900,1338,699,639
110,21,13,2074000,955,508,447
111,21,13,2074100,210,99,111
112,21,13,2074200,1580,816,764
113,21,13,2074300,7636,3886,3750
114,21,13,2074400,2101,1012,1089
115,21,13,2074500,478,252,226
116,21,13,2074600,2694,1399,1295
117,21,13,2074700,0,0,0
118,21,13,2074800,2272,1167,1105
119,21,13,2074900,2505,1268,1237
120,21,13,2075000,788,420,368
121,21,13,2075100,625,320,305
122,21,13,2075200,1029,517,512
123,21,13,2075300,1394,716,678
124,21,13,2075400,472,233,239
125,21,13,2075500,0,0,0
126,21,13,2075600,1526,793,733
127,21,13,2075700,1165,585,580
128,21,13,2075800,1613,854,759
129,21,13,2075900,1221,588,633
130,21,13,2076000,2210,1111,1099
131,21,13,2076100,2100,1100,1000
132,21,13,2076200,4666,2410,2256
133,21,13,2076300,238,129,109
134,21,13,2076400,0,0,0
135,21,13,2076500,3864,2019,1845
136,21,13,2076600,1583,833,750
137,21,13,2076700,0,0,0
138,21,13,2076800,0,0,0
139,21,13,2076900,929,482,447
140,21,13,2077000,299,158,141
141,21,13,2077100,2713,1403,1310
142,21,13,2077200,0,0,0
143,21,13,2077300,0,0,0
144,21,13,2077400,213,117,96
145,21,13,2077500,1107,573,534
146,21,13,2077600,4406,2260,2146
147,21,13,2077700,947,471,476
148,21,13,2077800,897,461,436
149,21,13,2077900,0,0,0
150,21,13,2078000,561,298,263
151,21,13,2078100,0,0,0
152,21,13,2078200,0,0,0
153,21,13,2078300,0,0,0
154,21,13,2078400,0,0,0
155,21,13,2078500,0,0,0
156,21,13,2078600,0,0,0
157,21,13,2078700,4995,2544,2451
158,21,13,2078800,2968,1507,1461
159,21,13,2078900,1237,592,645
160,21,13,2079000,1631,838,793
161,21,13,2079100,1094,570,524
162,21,13,2079200,1687,877,810
163,21,13,2079300,1221,590,631
164,21,13,2079400,916,458,458
165,21,13,2079500,1085,539,546
166,21,13,2079600,1147,570,577
167,21,13,2079700,716,370,346
168,21,13,2079800,2112,1105,1007
169,21,13,2079900,2471,1225,1246
170,21,13,2080000,3408,1798,1610
171,21,13,2080100,342,156,186
172,21,13,2080200,239,120,119
173,21,13,2080300,3052,1582,1470
174,21,13,2080400,2177,1141,1036
175,21,13,2080500,415,209,206
176,21,13,2080600,4069,2211,1858
177,21,13,2080700,792,395,397
178,21,13,2080800,1135,530,605
179,21,13,2080900,2048,1025,1023
180,21,13,2081000,1076,531,545
181,21,13,2081100,2029,1073,956
182,21,13,2081200,214,98,116
183,21,13,2081300,1560,797,763
184,21,13,2081400,973,494,479
185,21,13,2081500,4600,2374,2226
186,21,13,2081600,624,315,309
187,21,13,2081700,1037,497,540
188,21,13,2081800,2085,1087,998
189,21,13,2081900,1848,897,951
190,21,13,2082000,0,0,0
191,21,13,2082100,1201,620,581
192,21,13,2082200,0,0,0
193,21,13,2082300,2551,1319,1232
194,21,13,2082400,431,213,218
195,21,13,2082500,964,456,508
196,21,13,2082600,0,0,0
197,21,13,2082700,431,220,211
198,21,13,2082800,2267,1199,1068
199,21,13,2082900,0,0,0
200,21,13,2083000,2232,1139,1093
201,21,13,2083100,3,3,0
202,21,13,2083200,962,480,482
203,21,13,2083300,1819,938,881
204,21,13,2083400,0,0,0
205,21,13,2083500,2850,1464,1386
206,21,13,2083600,1181,595,586
207,21,13,2083700,1296,654,642
208,21,13,2083800,1154,599,555
209,21,13,2083900,1207,599,608
210,21,13,2084000,676,345,331
211,21,13,2084100,440,215,225
212,21,13,2084200,660,340,320
213,21,13,2084300,656,339,317
214,21,13,2084400,448,214,234
215,21,13,2084500,1840,947,893
216,21,13,2084600,2594,1358,1236
217,21,13,2084700,370,190,180
218,21,13,2084800,592,291,301
219,21,13,2084900,925,488,437
220,21,13,2085000,1208,585,623
221,21,13,2085100,1040,541,499
222,21,13,2085200,1283,654,629
223,21,13,2085300,0,0,0
224,21,13,2085400,0,0,0
225,21,13,2085500,0,0,0
226,21,13,2085600,2108,1075,1033
227,21,13,2085700,67,28,39
228,21,13,2085800,129,66,63
229,21,13,2085900,2080,1080,1000
230,21,13,2086000,568,271,297
231,21,13,2086100,1455,736,719
232,21,13,2086200,598,307,291
233,21,13,2086300,905,493,412
234,21,13,2086400,1613,824,789
235,21,13,2086500,215,108,107
236,21,13,2086600,968,491,477
237,21,13,2086700,14,5,9
238,21,13,2086800,927,473,454
239,21,13,2086900,2921,1511,1410
240,21,13,2087000,1597,848,749
241,21,13,2087100,2918,1494,1424
242,21,13,2087200,820,424,396
243,21,13,2087300,347,167,180
244,21,13,2087400,949,488,461
245,21,13,2087500,2900,1478,1422
246,21,13,2087600,424,220,204
247,21,13,2087700,811,408,403
248,21,13,2087800,918,464,454
249,21,13,2087900,1635,842,793
250,21,13,2088000,1630,776,854
251,21,13,2088100,1121,567,554
252,21,13,2088200,2621,1315,1306
253,21,13,2088300,460,235,225
254,21,13,2088400,1105,557,548
255,21,13,2088500,699,341,358
256,21,13,2088600,11,4,7
257,21,13,2088700,0,0,0
258,21,13,2088800,1251,653,598
259,21,13,2088900,1237,613,624
260,21,13,2089000,294,146,148
261,21,13,2089100,692,335,357
262,21,13,2089200,403,200,203
263,21,13,2089300,1258,616,642
264,21,13,2089400,439,219,220
265,21,13,2089500,551,270,281
266,21,13,2089600,631,301,330
267,21,13,2089700,94,53,41
268,21,13,2089800,970,493,477
269,21,13,2089900,461,248,213
270,21,13,2090000,887,457,430
271,21,13,2090100,3504,1756,1748
272,21,13,2090200,260,123,137
273,21,13,2090300,0,0,0
274,21,13,2090400,828,420,408
275,21,13,2090500,1154,598,556
276,21,13,2090600,700,332,368
277,21,13,2090700,820,433,387
278,21,13,2090800,227,125,102
279,21,13,2090900,209,105,104
280,21,13,2091000,584,301,283
281,21,13,2091100,1434,712,722
282,21,13,2091200,864,456,408
283,21,13,2091300,449,224,225
284,21,13,2091400,1685,844,841
285,21,13,2091500,1278,646,632
286,21,13,2091600,1460,766,694
287,21,13,2091700,1232,625,607
288,21,13,2091800,1904,956,948
289,21,13,2091900,1329,674,655
290,21,13,2092000,223,108,115
291,21,13,2092100,1886,932,954
292,21,13,2092200,493,266,227
293,21,13,2092300,428,208,220
294,21,13,2092400,187,82,105
295,21,13,2092500,150,76,74
296,21,13,2092600,1070,543,527
297,21,13,2092700,854,451,403
298,21,13,2092800,174,92,82
299,21,13,2092900,367,174,193
300,21,13,2093000,686,405,281
301,21,13,2093100,547,278,269
302,21,13,2093200,1089,538,551
303,21,13,2093300,967,489,478
304,21,13,2093400,672,337,335
305,21,13,2093500,497,251,246
306,21,13,2093600,254,119,135
307,21,13,2093700,402,214,188
308,21,13,2093800,690,347,343
309,21,13,2093900,415,205,210
310,21,13,2094000,42,22,20
311,21,13,2094100,69,31,38
312,21,13,2094200,178,90,88
313,21,13,2094300,308,147,161
314,21,13,2094400,147,80,67
315,21,13,2094500,194,90,104
316,21,13,2094600,0,0,0
317,21,13,2094700,22,11,11
318,21,13,2094800,473,245,228
319,21,13,2094900,699,338,361
320,21,13,2095000,4,2,2
321,21,13,2095100,464,220,244
322,21,13,2095200,292,146,146
323,21,13,2095300,680,341,339
324,21,13,2095400,437,215,222
325,21,13,2095500,193,94,99
326,21,13,2095600,1189,592,597
327,21,13,2095700,285,137,148
328,21,13,2095800,527,244,283
329,21,13,2095900,847,413,434
330,21,13,2096000,116,67,49
331,21,13,2096100,4063,2016,2047
332,21,13,2096200,610,294,316
333,21,13,2096300,585,298,287
334,21,13,2096400,204,105,99
335,21,13,2096500,149,74,75
336,21,13,2096600,638,327,311
337,21,13,2096700,329,158,171
338,21,13,2096800,454,230,224
339,21,13,2096900,723,365,358
340,21,13,2097000,3589,1816,1773
341,21,13,2097100,559,294,265
342,21,13,2097200,73,32,41
343,21,13,2097300,213,102,111
344,21,13,2097400,3449,1709,1740
345,21,13,2097500,1615,810,805
346,21,13,2097600,129,57,72
347,21,13,2097700,476,246,230
348,21,13,2097800,1795,913,882
349,21,13,2097900,36,18,18
350,21,13,2098000,1028,519,509
351,21,13,2098100,1154,588,566
352,21,13,2098200,294,163,131
353,21,13,2098300,659,330,329
354,21,13,2098400,559,279,280
355,21,13,2098500,266,136,130
356,21,13,2098600,537,264,273
357,21,13,2098700,358,175,183
358,21,13,2098800,23,11,12
359,21,13,2098900,424,214,210
360,21,13,2099000,2502,1300,1202
361,21,13,2099100,330,168,162
362,21,13,2099200,719,361,358
363,21,13,2099300,48,24,24
364,21,13,2099400,481,256,225
365,21,13,2099500,552,299,253
366,21,13,2099600,639,312,327
367,21,13,2099700,980,469,511
368,21,13,2099800,377,191,186
369,21,13,2099900,302,147,155
370,21,13,2100000,521,274,247
371,21,13,2100100,173,82,91
372,21,13,2100200,1158,584,574
373,21,13,2100300,150,76,74
374,21,13,2100400,356,179,177
375,21,13,2100500,3425,1792,1633
376,21,13,2100600,299,138,161
377,21,13,2100700,1937,976,961
378,21,13,2100800,480,249,231
379,21,13,2100900,514,249,265
380,21,13,2101000,564,284,280
381,21,13,2101100,92,44,48
382,21,13,2101200,369,183,186
383,21,13,2101300,300,164,136
384,21,13,2101400,359,179,180
385,21,13,2101500,372,193,179
386,21,13,2101600,2513,1231,1282
387,21,13,2101700,287,149,138
388,21,13,2101800,89,45,44
389,21,13,2101900,0,0,0
390,21,13,2102000,0,0,0
391,21,13,2102100,1150,575,575
392,21,13,2102200,843,429,414
393,21,13,2102300,1013,519,494
394,21,13,2102400,938,464,474
395,21,13,2102500,852,454,398
396,21,13,2102600,1130,573,557
397,21,13,2102700,388,188,200
398,21,13,2102800,916,463,453
399,21,13,2102900,2706,1358,1348
400,21,13,2103000,1118,572,546
401,21,13,2103100,191,94,97
402,21,13,2103200,501,257,244
403,21,13,2103300,134,70,64
404,21,13,2103400,1722,918,804
405,21,13,2103500,112,62,50
406,21,13,2103600,847,419,428
407,21,13,2103700,0,0,0
408,21,13,2103800,583,290,293
409,21,13,2103900,569,272,297
410,21,13,2104000,0,0,0
411,21,13,2104100,1268,664,604
412,21,13,2104200,409,193,216
413,21,13,2104300,1784,923,861
414,21,13,2104400,673,336,337
415,21,13,2104500,1241,640,601
416,21,13,2104600,340,184,156
417,21,13,2104700,628,321,307
418,21,13,2104800,934,460,474
419,21,13,2104900,2472,1277,1195
420,21,13,2105000,1300,695,605
421,21,13,2105100,1543,800,743
422,21,13,2105200,0,0,0
423,21,13,2105300,541,274,267
424,21,13,2105400,0,0,0
425,21,13,2105500,600,310,290
426,21,13,2105600,240,128,112
427,21,13,2105700,487,229,258
428,21,13,2105800,395,206,189
429,21,13,2105900,1501,780,721
430,21,13,2106000,0,0,0
431,21,13,2106100,369,186,183
432,21,13,2106200,84,44,40
433,21,13,2106300,466,242,224
434,21,13,2106400,498,269,229
435,21,13,2106500,998,518,480
436,21,13,2106600,210,108,102
437,21,13,2106700,543,270,273
438,21,13,2106800,593,318,275
439,21,13,2106900,436,208,228
440,21,13,2107000,1546,807,739
441,21,13,2107100,642,330,312
442,21,13,2107200,0,0,0
443,21,13,2107300,2470,1236,1234
444,21,13,2107400,2676,1383,1293
445,21,13,2107500,284,144,140
446,21,13,2107600,694,365,329
447,21,13,2107700,168,80,88
448,21,13,2107800,266,139,127
449,21,13,2107900,721,385,336
450,21,13,2108000,267,126,141
451,21,13,2108100,0,0,0
452,21,13,2108200,636,307,329
453,21,13,2108300,4474,2314,2160
454,21,13,2108400,1045,542,503
455,21,13,2108500,489,266,223
456,21,13,2108600,1047,539,508
457,21,13,2108700,598,308,290
458,21,13,2108800,782,378,404
459,21,13,2108900,2097,1100,997
460,21,13,2109000,534,262,272
461,21,13,2109100,201,100,101
462,21,13,2109200,0,0,0
463,21,13,2109300,463,254,209
464,21,13,2109400,956,492,464
465,21,13,2109500,0,0,0
466,21,13,2109600,267,137,130
467,21,13,2109700,548,288,260
468,21,13,2109800,1560,786,774
469,21,13,2109900,2947,1493,1454
470,21,13,2110000,368,196,172
471,21,13,2110100,406,210,196
472,21,13,2110200,306,150,156
473,21,13,2110300,150,74,76
474,21,13,2110400,2822,1475,1347
475,21,13,2110500,1328,685,643
476,21,13,2110600,694,347,347
477,21,13,2110700,610,310,300
478,21,13,2110800,864,444,420
479,21,13,2110900,590,299,291
480,21,13,2111000,278,153,125
481,21,13,2111100,621,328,293
482,21,13,2111200,2011,1065,946
483,21,13,2111300,842,449,393
484,21,13,2111400,1222,639,583
485,21,13,2111500,261,136,125
486,21,13,2111600,1388,693,695
487,21,13,2111700,673,345,328
488,21,13,2111800,45,18,27
489,21,13,2111900,1577,767,810
490,21,13,2112000,2093,1093,1000
491,21,13,2112100,736,379,357
492,21,13,2112200,600,316,284
493,21,13,2112300,1259,654,605
494,21,13,2112400,643,345,298
495,21,13,2112500,574,281,293
496,21,13,2112600,406,227,179
497,21,13,2112700,429,233,196
498,21,13,2112800,3152,1643,1509
499,21,13,2112900,704,370,334
500,21,13,2113000,1192,611,581
501,21,13,2113100,1981,1023,958
502,21,13,2113200,807,393,414
503,21,13,2113300,1594,817,777
504,21,13,2113400,1088,551,537
505,21,13,2113500,460,228,232
506,21,13,2113600,579,284,295
507,21,13,2113700,881,437,444
508,21,13,2113800,730,379,351
509,21,13,2113900,1209,610,599
510,21,13,2114000,699,350,349
511,21,13,2114100,1069,545,524
512,21,13,2114200,651,331,320
513,21,13,2114300,419,210,209
514,21,13,2114400,45,21,24
515,21,13,2114500,462,238,224
516,21,13,2114600,501,242,259
517,21,13,2114700,524,279,245
518,21,13,2114800,0,0,0
519,21,13,2114900,1192,608,584
520,21,13,2115000,558,289,269
521,21,13,2115100,811,417,394
522,21,13,2115200,521,274,247
523,21,13,2115300,1966,943,1023
524,21,13,2115400,0,0,0
525,21,13,2115500,130,66,64
526,21,13,2115600,1008,531,477
527,21,13,2115700,663,340,323
528,21,13,2115800,602,318,284
529,21,13,2115900,1296,656,640
530,21,13,2116000,0,0,0
531,21,13,2116100,1317,702,615
532,21,13,2116200,1157,599,558
533,21,13,2116300,0,0,0
534,21,13,2116400,797,437,360
535,21,13,2116500,196,93,103
536,21,13,2116600,2584,1337,1247
537,21,13,2116700,947,483,464
538,21,13,2116800,4003,2022,1981
539,21,13,2116900,278,143,135
540,21,13,2117000,1115,568,547
541,21,13,2117100,1408,725,683
542,21,13,2117200,1676,865,811
543,21,13,2117300,1331,713,618
544,21,13,2117400,1536,766,770
545,21,13,2117500,0,0,0
546,21,13,2117600,639,305,334
547,21,13,2117700,804,400,404
548,21,13,2117800,1121,578,543
549,21,13,2117900,155,80,75
550,21,13,2118000,1866,955,911
551,21,13,2118100,841,426,415
552,21,13,2118200,387,219,168
553,21,13,2118300,592,308,284
554,21,13,2118400,39,19,20
555,21,13,2118500,379,200,179
556,21,13,2118600,341,170,171
557,21,13,2118700,195,114,81
558,21,13,2118800,691,377,314
559,21,13,2118900,1526,786,740
560,21,13,2119000,1787,945,842
561,21,13,2119100,2503,1326,1177
562,21,13,2119200,1405,684,721
563,21,13,2119300,80,37,43
564,21,13,2119400,1347,659,688
565,21,13,2119500,67,29,38
566,21,13,2119600,2,1,1
567,21,13,2119700,3644,1830,1814
568,21,13,2119800,652,336,316
569,21,13,2119900,2639,1344,1295
570,21,13,2120000,227,97,130
571,21,13,2120100,187,100,87
572,21,13,2120200,803,376,427
573,21,13,2120300,1085,559,526
574,21,13,2120400,440,228,212
575,21,13,2120500,0,0,0
576,21,13,2120600,454,229,225
577,21,13,2120700,1825,925,900
578,21,13,2120800,433,224,209
579,21,13,2120900,429,209,220
580,21,13,2121000,1341,640,701
581,21,13,2121100,713,361,352
582,21,13,2121200,1655,785,870
583,21,13,2121300,3539,1702,1837
584,21,13,2121400,1660,785,875
585,21,13,2121500,3143,1571,1572
586,21,13,2121600,841,428,413
587,21,13,2121700,493,239,254
588,21,13,2121800,1556,813,743
589,21,13,2121900,2952,1517,1435
590,21,13,2122000,235,109,126
591,21,13,2122100,269,135,134
592,21,13,2122200,365,181,184
593,21,13,2122300,498,269,229
594,21,13,2122400,210,115,95
595,21,13,2122500,363,194,169
596,21,13,2122600,497,251,246
597,21,13,2122700,48,28,20
598,21,13,2122800,4,3,1
599,21,13,2122900,871,464,407
600,21,13,2123000,65,35,30
601,21,13,2123100,138,62,76
602,21,13,2123200,1594,828,766
603,21,13,2123300,541,282,259
604,21,13,2123400,1784,919,865
605,21,13,2123500,1529,788,741
606,21,13,2123600,2786,1456,1330
607,21,13,2123700,299,164,135
608,21,13,2123800,911,439,472
609,21,13,2123900,1306,640,666
610,21,13,2124000,39,19,20
611,21,13,2124100,341,170,171
612,21,13,2124200,1894,954,940
613,21,13,2124300,1948,954,994
614,21,13,2124400,400,224,176
615,21,13,2124500,1899,963,936
616,21,13,2124600,925,471,454
617,21,13,2124700,509,254,255
618,21,13,2124800,3085,1615,1470
619,21,13,2124900,1693,857,836
620,21,13,2125000,464,257,207
621,21,13,2125100,941,490,451
622,21,13,2125200,18,8,10
623,21,13,2125300,1170,578,592
624,21,13,2125400,0,0,0
625,21,13,2125500,797,418,379
626,21,13,2125600,2680,1378,1302
627,21,13,2125700,1390,721,669
628,21,13,2125800,727,350,377
629,21,13,2125900,1222,629,593
630,21,13,2126000,1257,674,583
631,21,13,2126100,1038,555,483
632,21,13,2126200,1744,862,882
633,21,13,2126300,235,119,116
634,21,13,2126400,66,39,27
635,21,13,2126500,550,275,275
636,21,13,2126600,492,261,231
637,21,13,2126700,886,454,432
638,21,13,2126800,375,194,181
639,21,13,2126900,242,135,107
640,21,13,2127000,854,452,402
641,21,13,2127100,2032,1059,973
642,21,13,2127200,1181,598,583
643,21,13,2127300,75,38,37
644,21,13,2127400,1267,649,618
645,21,13,2127500,616,306,310
646,21,13,2127600,847,426,421
647,21,13,2127700,1507,767,740
648,21,13,2127800,0,0,0
649,21,13,2127900,602,308,294
650,21,13,2128000,1666,852,814
651,21,13,2128100,497,251,246
652,21,13,2128200,1364,712,652
653,21,13,2128300,484,244,240
654,21,13,2128400,2974,1470,1504
655,21,13,2128500,0,0,0
656,21,13,2128600,0,0,0
657,21,13,2128700,611,316,295
658,21,13,2128800,2464,1240,1224
659,21,13,2128900,968,482,486
660,21,13,2129000,547,279,268
661,21,13,2129100,649,332,317
662,21,13,2129200,1000,507,493
663,21,13,2129300,567,288,279
664,21,13,2129400,587,288,299
665,21,13,2129500,894,469,425
666,21,13,2129600,938,466,472
667,21,13,2129700,2419,1184,1235
668,21,13,2129800,2412,1270,1142
669,21,13,2129900,919,479,440
670,21,13,2130000,1869,986,883
671,21,13,2130100,290,133,157
672,21,13,2130200,579,305,274
673,21,13,2130300,578,281,297
674,21,13,2130400,936,501,435
675,21,13,2130500,2049,1026,1023
676,21,13,2130600,27,14,13
677,21,13,2130700,1875,938,937
678,21,13,2130800,457,233,224
679,21,13,2130900,0,0,0
680,21,13,2131000,792,390,402
681,21,13,2131100,1293,652,641
682,21,13,2131200,1890,955,935
683,21,13,2131300,2464,1218,1246
684,21,13,2131400,2139,1109,1030
685,21,13,2131500,828,419,409
686,21,13,2131600,934,490,444
687,21,13,2131700,675,350,325
688,21,13,2131800,433,223,210
689,21,13,2131900,1550,786,764
690,21,13,2132000,1248,628,620
691,21,13,2132100,595,308,287
692,21,13,2132200,308,156,152
693,21,13,2132300,41,26,15
694,21,13,2132400,2184,1124,1060
695,21,13,2132500,1058,503,555
696,21,13,2132600,812,426,386
697,21,13,2132700,1986,994,992
698,21,13,2132800,4242,2171,2071
699,21,13,2132900,629,330,299
700,21,13,2133000,767,393,374
701,21,13,2133100,1157,563,594
702,21,13,2133200,1028,521,507
703,21,13,2133300,1576,804,772
704,21,13,2133400,626,308,318
705,21,13,2133500,1058,537,521
706,21,13,2133600,0,0,0
707,21,13,2133700,780,370,410
708,21,13,2133800,1676,841,835
709,21,13,2133900,41,22,19
710,21,13,2134000,569,284,285
711,21,13,2134100,462,247,215
712,21,13,2134200,0,0,0
713,21,13,2134300,530,274,256
714,21,13,2134400,2281,1146,1135
715,21,13,2134500,2875,1452,1423
716,21,13,2134600,1453,755,698
717,21,13,2134700,1550,782,768
718,21,13,2134800,0,0,0
719,21,13,2134900,626,328,298
720,21,13,2135000,0,0,0
721,21,13,2135100,818,395,423
722,21,13,2135200,0,0,0
723,21,13,2135300,1302,665,637
724,21,13,2135400,713,369,344
725,21,13,2135500,2178,1110,1068
726,21,13,2135600,2409,1232,1177
727,21,13,2135700,456,238,218
728,21,13,2135800,156,88,68
729,21,13,2135900,116,56,60
730,21,13,2136000,2333,1172,1161
731,21,13,2136100,2257,1152,1105
732,21,13,2136200,811,403,408
733,21,13,2136300,2284,1170,1114
734,21,13,2136400,120,55,65
735,21,13,2136500,330,159,171
736,21,13,2136600,1501,808,693
737,21,13,2136700,177,96,81
738,21,13,2136800,97,54,43
739,21,13,2136900,150,74,76
740,21,13,2137000,1799,898,901
741,21,13,2137100,3392,1716,1676
742,21,13,2137200,168,80,88
743,21,13,2137300,2107,1079,1028
744,21,13,2137400,1719,864,855
745,21,13,2137500,3336,1689,1647
746,21,13,2137600,1306,671,635
747,21,13,2137700,1476,731,745
748,21,13,2137800,942,476,466
749,21,13,2137900,294,149,145
750,21,13,2138000,436,231,205
751,21,13,2138100,3121,1641,1480
752,21,13,2138200,1065,545,520
753,21,13,2138300,5981,2957,3024
754,21,13,2138400,816,402,414
755,21,13,2138500,3900,2025,1875
756,21,13,2138600,1045,517,528
757,21,13,2138700,345,159,186
758,21,13,2138800,3637,1813,1824
759,21,13,2138900,1319,644,675
760,21,13,2139000,4286,2051,2235
761,21,13,2139100,1349,719,630
762,21,13,2139200,2333,1167,1166
763,21,13,2139300,6224,3049,3175
764,21,13,2139400,2431,1199,1232
765,21,13,2139500,3506,1798,1708
766,21,13,2139600,2253,1124,1129
767,21,13,2139700,3441,1642,1799
768,21,13,2139800,2516,1225,1291
769,21,13,2139900,1774,929,845
770,21,13,2140000,1575,822,753
771,21,13,2140100,588,284,304
772,21,13,2140200,1567,739,828
773,21,13,2140300,1292,653,639
774,21,13,2140400,499,252,247
775,21,13,2140500,2315,1128,1187
776,21,13,2140600,877,428,449
777,21,13,2140700,3038,1516,1522
778,21,13,2140800,1231,594,637
779,21,13,2140900,592,317,275
780,21,13,2141000,3398,1722,1676
781,21,13,2141100,1368,684,684
782,21,13,2141200,774,367,407
783,21,13,2141300,1393,681,712
784,21,13,2141400,1820,885,935
785,21,13,2141500,1089,522,567
786,21,13,2141600,704,359,345
787,21,13,2141700,1519,782,737
788,21,13,2141800,1025,512,513
789,21,13,2141900,88,48,40
790,21,13,2142000,1786,885,901
791,21,13,2142100,934,484,450
792,21,13,2142200,499,257,242
793,21,13,2142300,3199,1590,1609
794,21,13,2142400,565,264,301
795,21,13,2142500,2031,1018,1013
796,21,13,2142600,873,453,420
797,21,13,2142700,2268,1124,1144
798,21,13,2142800,1100,572,528
799,21,13,2142900,673,312,361
800,21,13,2143000,1604,821,783
801,21,13,2143100,2111,1054,1057
802,21,13,2143200,542,255,287
803,21,13,2143300,1248,653,595
804,21,13,2143400,1232,581,651
805,21,13,2143500,1625,863,762
806,21,13,2143600,1832,898,934
807,21,13,2143700,294,148,146
808,21,13,2143800,1643,820,823
809,21,13,2143900,693,352,341
810,21,13,2144000,931,484,447
811,21,13,2144100,2782,1385,1397
812,21,13,2144200,2647,1347,1300
813,21,13,2144300,830,408,422
814,21,13,2144400,853,421,432
815,21,13,2144500,802,366,436
816,21,13,2144600,916,413,503
817,21,13,2144700,573,272,301
818,21,13,2144800,1704,797,907
819,21,13,2144900,689,348,341
820,21,13,2145000,4190,2041,2149
821,21,13,2145100,1205,613,592
822,21,13,2145200,2605,1305,1300
823,21,13,2145300,3310,1672,1638
824,21,13,2145400,1252,594,658
825,21,13,2145500,6626,3385,3241
826,21,13,2145600,1868,936,932
827,21,13,2145700,2249,1088,1161
828,21,13,2145800,2900,1442,1458
829,21,13,2145900,1905,1009,896
830,21,13,2146000,1612,830,782
831,21,13,2146100,1379,709,670
832,21,13,2146200,4930,2467,2463
833,21,13,2146300,64,27,37
834,21,13,2146400,4455,2133,2322
835,21,13,2146500,1093,573,520
836,21,13,2146600,2893,1412,1481
837,21,13,2146700,877,443,434
838,21,13,2146800,369,167,202
839,21,13,2146900,175,88,87
840,21,13,2147000,1373,654,719
841,21,13,2147100,856,415,441
842,21,13,2147200,612,315,297
843,21,13,2147300,4478,2268,2210
844,21,13,2147400,1024,548,476
845,21,13,2147500,852,419,433
846,21,13,2147600,1571,784,787
847,21,13,2147700,2207,1038,1169
848,21,13,2147800,885,415,470
849,21,13,2147900,0,0,0
850,21,13,2148000,421,201,220
851,21,13,2148100,1167,567,600
852,21,13,2148200,948,457,491
853,21,13,2148300,224,124,100
854,21,13,2148400,1988,977,1011
855,21,13,2148500,292,156,136
856,21,13,2148600,2283,1130,1153
857,21,13,2148700,837,381,456
858,21,13,2148800,1208,600,608
859,21,13,2148900,1977,1006,971
860,21,13,2149000,590,301,289
861,21,13,2149100,1871,973,898
862,21,13,2149200,469,220,249
863,21,13,2149300,620,306,314
864,21,13,2149400,309,155,154
865,21,13,2149500,2073,1010,1063
866,21,13,2149600,565,287,278
867,21,13,2149700,2913,1478,1435
868,21,13,2149800,1835,921,914
869,21,13,2149900,2015,1073,942
870,21,13,2150000,959,436,523
871,21,13,2150100,628,328,300
872,21,13,2150200,2727,1338,1389
873,21,13,2150300,3081,1553,1528
874,21,13,2150400,5548,2860,2688
875,21,13,2150500,462,224,238
876,21,13,2150600,1053,533,520
877,21,13,2150700,638,318,320
878,21,13,2150800,1039,537,502
879,21,13,2150900,70,39,31
880,21,13,2151000,975,457,518
881,21,13,2151100,663,336,327
882,21,13,2151200,1754,865,889
883,21,13,2151300,1432,711,721
884,21,13,2151400,2768,1423,1345
885,21,13,2151500,2706,1352,1354
886,21,13,2151600,0,0,0
887,21,13,2151700,299,154,145
888,21,13,2151800,3330,1612,1718
889,21,13,2151900,108,53,55
890,21,13,2152000,786,369,417
891,21,13,2152100,915,443,472
892,21,13,2152200,587,294,293
893,21,13,2152300,3442,1748,1694
894,21,13,2152400,603,294,309
895,21,13,2152500,1955,1029,926
896,21,13,2152600,918,440,478
897,21,13,2152700,1200,594,606
898,21,13,2152800,711,322,389
899,21,13,2152900,988,493,495
900,21,13,2153000,1355,691,664
901,21,13,2153100,1908,990,918
902,21,13,2153200,1067,540,527
903,21,13,2153300,257,128,129
904,21,13,2153400,2714,1381,1333
905,21,13,2153500,2207,1073,1134
906,21,13,2153600,603,300,303
907,21,13,2153700,2210,1120,1090
908,21,13,2153800,2151,1069,1082
909,21,13,2153900,820,434,386
910,21,13,2154000,1835,923,912
911,21,13,2154100,1171,594,577
912,21,13,2154200,1786,924,862
913,21,13,2154300,1323,671,652
914,21,13,2154400,1226,612,614
915,21,13,2154500,2139,1057,1082
916,21,13,2154600,205,87,118
917,21,13,2154700,2526,1283,1243
918,21,13,2154800,2890,1430,1460
919,21,13,2154900,712,352,360
920,21,13,2155000,2394,1171,1223
921,21,13,2155100,2199,1066,1133
922,21,13,2155200,791,373,418
923,21,13,2155300,1286,639,647
924,21,13,2155400,675,340,335
925,21,13,2155500,1008,520,488
926,21,13,2155600,178,90,88
927,21,13,2155700,278,137,141
928,21,13,2155800,1617,853,764
929,21,13,2155900,312,146,166
930,21,13,2156000,670,332,338
931,21,13,2156100,1814,867,947
932,21,13,2156200,5963,2790,3173
933,21,13,2156300,7035,3439,3596
934,21,13,2156400,1572,733,839
935,21,13,2156500,1748,827,921
936,21,13,2156600,478,248,230
937,21,13,2156700,0,0,0
938,21,13,2156800,0,0,0
939,21,13,2156900,2560,1273,1287
940,21,13,2157000,1137,542,595
941,21,13,2157100,791,396,395
942,21,13,2157200,2819,1448,1371
943,21,13,2157300,2332,1189,1143
944,21,13,2157400,749,369,380
945,21,13,2157500,862,437,425
946,21,13,2157600,4052,2058,1994
947,21,13,2157700,2123,1073,1050
948,21,13,2157800,941,452,489
949,21,13,2157900,10339,5306,5033
950,21,13,2158000,1557,807,750
951,21,13,2158100,2040,1013,1027
952,21,13,2158200,3023,1510,1513
953,21,13,2158300,1446,752,694
954,21,13,2158400,1008,463,545
955,21,13,2158500,3497,1712,1785
956,21,13,2158600,921,480,441
957,21,13,2158700,2746,1365,1381
958,21,13,2158800,980,474,506
959,21,13,2158900,0,0,0
960,21,13,2159000,4859,2322,2537
961,21,13,2159100,593,272,321
962,21,13,2159200,1339,685,654
963,21,13,2159300,1643,817,826
964,21,13,2159400,357,183,174
965,21,13,2159500,1995,983,1012
966,21,13,2159600,2344,1155,1189
967,21,13,2159700,661,346,315
968,21,13,2159800,2738,1371,1367
969,21,13,2159900,49,22,27
970,21,13,2160000,1557,764,793
971,21,13,2160100,973,497,476
972,21,13,2160200,411,206,205
973,21,13,2160300,3671,1835,1836
974,21,13,2160400,801,415,386
975,21,13,2160500,3448,1785,1663
976,21,13,2160600,0,0,0
977,21,13,2160700,1337,646,691
978,21,13,2160800,1847,919,928
979,21,13,2160900,2117,1013,1104
980,21,13,2161000,4239,2069,2170
981,21,13,2161100,2524,1242,1282
982,21,13,2161200,4787,2303,2484
983,21,13,2161300,2606,1352,1254
984,21,13,2161400,3519,1787,1732
985,21,13,2161500,2602,1289,1313
986,21,13,2161600,7024,3401,3623
987,21,13,2161700,3249,1660,1589
988,21,13,2161800,1162,587,575
989,21,13,2161900,990,509,481
990,21,13,2162000,3715,1848,1867
991,21,13,2162100,0,0,0
992,21,13,2162200,3338,1655,1683
993,21,13,2162300,1978,975,1003
994,21,13,2162400,3967,1971,1996
995,21,13,2162500,3448,1707,1741
996,21,13,2162600,409,196,213
997,21,13,2162700,2487,1212,1275
998,21,13,2162800,6838,3199,3639
999,21,13,2162900,3610,1765,1845
1000,21,13,2163000,0,0,0
1001,21,13,2163100,436,235,201
1002,21,13,2163200,6173,3064,3109
1003,21,13,2163300,5759,2711,3048
1004,21,13,2163400,598,278,320
1005,21,13,2163500,1628,732,896
1006,21,13,2163600,2378,1174,1204
1007,21,13,2163700,551,258,293
1008,21,13,2163800,3806,1776,2030
1009,21,13,2163900,1517,797,720
1010,21,13,2164000,4040,1965,2075
1011,21,13,2164100,0,0,0
1012,21,13,2164200,0,0,0
1013,21,13,2164300,245,118,127
1014,21,13,2164400,0,0,0
1015,21,13,2164500,830,418,412
1016,21,13,2164600,1239,604,635
1017,21,13,2164700,1381,674,707
1018,21,13,2164800,1951,958,993
1019,21,13,2164900,2877,1363,1514
1020,21,13,2165000,588,294,294
1021,21,13,2165100,2213,1076,1137
1022,21,13,2165200,1462,725,737
1023,21,13,2165300,1249,600,649
1024,21,13,2165400,669,322,347
1025,21,13,2165500,366,181,185
1026,21,13,2165600,2543,1231,1312
1027,21,13,2165700,2522,1300,1222
1028,21,13,2165800,2456,1245,1211
1029,21,13,2165900,1015,528,487
1030,21,13,2166000,2101,1088,1013
1031,21,13,2166100,1567,781,786
1032,21,13,2166200,1056,531,525
1033,21,13,2166300,1073,561,512
1034,21,13,2166400,1030,540,490
1035,21,13,2166500,1549,783,766
1036,21,13,2166600,1302,594,708
1037,21,13,2166700,2230,1060,1170
1038,21,13,2166800,3481,1702,1779
1039,21,13,2166900,1947,951,996
1040,21,13,2167000,454,217,237
1041,21,13,2167100,2917,1438,1479
1042,21,13,2167200,2731,1353,1378
1043,21,13,2167300,643,298,345
1044,21,13,2167400,1543,755,788
1045,21,13,2167500,3644,1755,1889
1046,21,13,2167600,2359,1152,1207
1047,21,13,2167700,381,168,213
1048,21,13,2167800,224,118,106
1049,21,13,2167900,1602,818,784
1050,21,13,2168000,2957,1479,1478
1051,21,13,2168100,1587,776,811
1052,21,13,2168200,124,58,66
1053,21,13,2168300,2353,1201,1152
1054,21,13,2168400,2331,1107,1224
1055,21,13,2168500,306,135,171
1056,21,13,2168600,795,393,402
1057,21,13,2168700,1415,749,666
1058,21,13,2168800,0,0,0
1059,21,13,2168900,0,0,0
1060,21,13,2169000,0,0,0
1061,21,13,2169100,2372,1240,1132
1062,21,13,2169200,1105,568,537
1063,21,13,2169300,783,382,401
1064,21,13,2169400,2,1,1
1065,21,13,2169500,2913,1507,1406
1066,21,13,2169600,366,187,179
1067,21,13,2169700,1103,575,528
1068,21,13,2169800,39,17,22
1069,21,13,2169900,0,0,0
1070,21,13,2170000,1795,921,874
1071,21,13,2170100,2401,1191,1210
1072,21,13,2170200,2216,1107,1109
1073,21,13,2170300,2437,1219,1218
1074,21,13,2170400,1693,827,866
1075,21,13,2170500,2146,1066,1080
1076,21,13,2170600,4352,2181,2171
1077,21,13,2170700,1994,973,1021
1078,21,13,2170800,1684,798,886
1079,21,13,2170900,2524,1279,1245
1080,21,13,2171000,1525,757,768
1081,21,13,2171100,1650,821,829
1082,21,13,2171200,4165,2120,2045
1083,21,13,2171300,2069,1027,1042
1084,21,13,2171400,4499,2201,2298
1085,21,13,2171500,1674,853,821
1086,21,13,2171600,4107,2127,1980
1087,21,13,2171700,803,437,366
1088,21,13,2171800,373,187,186
1089,21,13,2171900,1365,706,659
1090,21,13,2172000,1469,743,726
1091,21,13,2172100,235,127,108
1092,21,13,2172200,1373,690,683
1093,21,13,2172300,191,100,91
1094,21,13,2172400,383,191,192
1095,21,13,2172500,1484,788,696
1096,21,13,2172600,449,221,228
1097,21,13,2172700,754,379,375
1098,21,13,2172800,1364,689,675
1099,21,13,2172900,1819,925,894
1100,21,13,2173000,367,191,176
1101,21,13,2173100,2108,1083,1025
1102,21,13,2173200,2915,1443,1472
1103,21,13,2173300,3938,2017,1921
1104,21,13,2173400,1144,610,534
1105,21,13,2173500,2644,1372,1272
1106,21,13,2173600,3276,1707,1569
1107,21,13,2173700,633,322,311
1108,21,13,2173800,6348,3054,3294
1109,21,13,2173900,8222,4093,4129
1110,21,13,2174000,3286,1601,1685
1111,21,13,2174100,1540,794,746
1112,21,13,2174200,1998,1033,965
1113,21,13,2174300,563,278,285
1114,21,13,2174400,2156,1101,1055
1115,21,13,2174500,1012,488,524
1116,21,13,2174600,1699,844,855
1117,21,13,2174700,528,261,267
1118,21,13,2174800,1295,644,651
1119,21,13,2174900,2388,1257,1131
1120,21,13,2175000,3017,1539,1478
1121,21,13,2175100,504,271,233
1122,21,13,2175200,3196,1642,1554
1123,21,13,2175300,1717,921,796
1124,21,13,2175400,3443,1709,1734
1125,21,13,2175500,3455,1752,1703
1126,21,13,2175600,2,1,1
1127,21,13,2175700,0,0,0
1128,21,13,2175800,0,0,0
1129,21,13,2175900,901,469,432
1130,21,13,2176000,0,0,0
1131,21,13,2176100,0,0,0
1132,21,13,2176200,0,0,0
1133,21,13,2176300,280,134,146
1134,21,13,2176400,551,265,286
1135,21,13,2176500,2130,1055,1075
1136,21,13,2176600,49,23,26
1137,21,13,2176700,247,146,101
1138,21,13,2176800,205,108,97
1139,21,13,2176900,0,0,0
1140,21,13,2177000,0,0,0
1141,21,13,2177100,1597,826,771
1142,21,13,2177200,933,467,466
1143,21,13,2177300,1795,955,840
1144,21,13,2177400,0,0,0
1145,21,13,2177500,0,0,0
1146,21,13,2177600,1217,616,601
1147,21,13,2177700,0,0,0
1148,21,13,2177800,606,294,312
1149,21,13,2177900,923,499,424
1150,21,13,2178000,0,0,0
1151,21,13,2178100,32,17,15
1152,21,13,2178200,502,244,258
1153,21,13,2178300,1573,782,791
1154,21,13,2178400,1084,555,529
1155,21,13,2178500,5662,2897,2765
1156,21,13,2178600,1411,714,697
1157,21,13,2178700,5,2,3
1158,21,13,2178800,0,0,0
1159,21,13,2178900,1189,618,571
1160,21,13,2179000,504,256,248
1161,21,13,2179100,0,0,0
1162,21,13,2179200,409,210,199
1163,21,13,2179300,411,223,188
1164,21,13,2179400,199,92,107
1165,21,13,2179500,1343,676,667
1166,21,13,2179600,4165,2107,2058
1167,21,13,2179700,0,0,0
1168,21,13,2179800,781,387,394
1169,21,13,2179900,560,280,280
1170,21,13,2180000,474,220,254
1171,21,13,2180100,1100,599,501
1172,21,13,2180200,629,301,328
1173,21,13,2180300,901,417,484
1174,21,13,2180400,378,177,201
1175,21,13,2180500,0,0,0
1176,21,13,2180600,600,311,289
1177,21,13,2180700,6,3,3
1178,21,13,2180800,1448,724,724
1179,21,13,2180900,289,144,145
1180,21,13,2181000,1226,588,638
1181,21,13,2181100,257,133,124
1182,21,13,2181200,712,356,356
1183,21,13,2181300,622,298,324
1184,21,13,2181400,147,75,72
1185,21,13,2181500,130,75,55
1186,21,13,2181600,0,0,0
1187,21,13,2181700,2711,1367,1344
1188,21,13,2181800,3509,1865,1644
1189,21,13,2181900,730,400,330
1190,21,13,2182000,0,0,0
1191,21,13,2182100,2507,1372,1135
1192,21,13,2182200,1622,1033,589
1193,21,13,2182300,1422,729,693
1194,21,13,2182400,603,327,276
1195,21,13,2182500,5484,2885,2599
1196,21,13,2182600,1567,797,770
1197,21,13,2182700,0,0,0
1198,21,13,2182800,0,0,0
1199,21,13,2182900,0,0,0
1200,21,13,2183000,46,18,28
1201,21,13,2183100,0,0,0
1202,21,13,2183200,0,0,0
1203,21,13,2183300,177,85,92
1204,21,13,2183400,44,19,25
1205,21,13,2183500,1198,649,549
1206,21,13,2183600,1170,591,579
1207,21,13,2183700,2680,1352,1328
1208,21,13,2183800,1216,616,600
1209,21,13,2183900,446,227,219
1210,21,13,2184000,644,335,309
1211,21,13,2184100,673,311,362
1212,21,13,2184200,522,255,267
1213,21,13,2184300,0,0,0
1214,21,13,2184400,0,0,0
1215,21,13,2184500,685,345,340
1216,21,13,2184600,1355,720,635
1217,21,13,2184700,292,139,153
1218,21,13,2184800,287,157,130
1219,21,13,2184900,943,471,472
1220,21,13,2185000,1104,552,552
1221,21,13,2185100,701,375,326
1222,21,13,2185200,1523,800,723
1223,21,13,2185300,257,129,128
1224,21,13,2185400,0,0,0
1225,21,13,2185500,538,294,244
1226,21,13,2185600,309,159,150
1227,21,13,2185700,0,0,0
1228,21,13,2185800,0,0,0
1229,21,13,2185900,1966,1010,956
1230,21,13,2186000,340,169,171
1231,21,13,2186100,330,166,164
1232,21,13,2186200,1644,868,776
1233,21,13,2186300,0,0,0
1234,21,13,2186400,1911,1006,905
1235,21,13,2186500,568,289,279
1236,21,13,2186600,54,27,27
1237,21,13,2186700,863,452,411
1238,21,13,2186800,0,0,0
1239,21,13,2186900,159,78,81
1240,21,13,2187000,56,26,30
1241,21,13,2187100,865,469,396
1242,21,13,2187200,484,251,233
1243,21,13,2187300,108,49,59
1244,21,13,2187400,776,388,388
1245,21,13,2187500,218,112,106
1246,21,13,2187600,794,429,365
1247,21,13,2187700,0,0,0
1248,21,13,2187800,2170,1100,1070
1249,21,13,2187900,774,392,382
1250,21,13,2188000,0,0,0
1251,21,13,2188100,0,0,0
1252,21,13,2188200,2071,1058,1013
1253,21,13,2188300,168,84,84
1254,21,13,2188400,1340,669,671
1255,21,13,2188500,1399,733,666
1256,21,13,2188600,368,191,177
1257,21,13,2188700,0,0,0
1258,21,13,2188800,367,197,170
1259,21,13,2188900,3,3,0
1260,21,13,2189000,1469,729,740
1261,21,13,2189100,0,0,0
1262,21,13,2189200,446,215,231
1263,21,13,2189300,392,197,195
1264,21,13,2189400,878,439,439
1265,21,13,2189500,0,0,0
1266,21,13,2189600,0,0,0
1267,21,13,2189700,233,124,109
1268,21,13,2189800,865,463,402
1269,21,13,2189900,83,47,36
1270,21,13,2190000,0,0,0
1271,21,13,2190100,624,321,303
1272,21,13,2190200,0,0,0
1273,21,13,2190300,426,215,211
1274,21,13,2190400,3909,1968,1941
1275,21,13,2190500,239,125,114
1276,21,13,2190600,0,0,0
1277,21,13,2190700,0,0,0
1278,21,13,2190800,2227,1165,1062
1279,21,13,2190900,65,33,32
1280,21,13,2191000,0,0,0
1281,21,13,2191100,65,36,29
1282,21,13,2191200,1507,757,750
1283,21,13,2191300,1029,530,499
1284,21,13,2191400,439,226,213
1285,21,13,2191500,446,221,225
1286,21,13,2191600,573,279,294
1287,21,13,2191700,148,66,82
1288,21,13,2191800,689,363,326
1289,21,13,2191900,2028,1044,984
1290,21,13,2192000,452,218,234
1291,21,13,2192100,704,360,344
1292,21,13,2192200,2687,1380,1307
1293,21,13,2192300,267,125,142
1294,21,13,2192400,800,427,373
1295,21,13,2192500,456,245,211
1296,21,13,2192600,387,178,209
1297,21,13,2192700,0,0,0
1298,21,13,2192800,1381,712,669
1299,21,13,2192900,341,190,151
1300,21,13,2193000,377,187,190
1301,21,13,2193100,177,96,81
1302,21,13,2193200,1327,695,632
1303,21,13,2193300,110,57,53
1304,21,13,2193400,166,96,70
1305,21,13,2193500,490,258,232
1306,21,13,2193600,541,269,272
1307,21,13,2193700,1101,588,513
1308,21,13,2193800,194,96,98
1309,21,13,2193900,720,345,375
1310,21,13,2194000,569,287,282
1311,21,13,2194100,549,291,258
1312,21,13,2194200,613,308,305
1313,21,13,2194300,622,318,304
1314,21,13,2194400,32,13,19
1315,21,13,2194500,419,217,202
1316,21,13,2194600,103,54,49
1317,21,13,2194700,613,318,295
1318,21,13,2194800,680,332,348
1319,21,13,2194900,135,73,62
1320,21,13,2195000,1678,883,795
1321,21,13,2195100,361,197,164
1322,21,13,2195200,381,187,194
1323,21,13,2195300,237,134,103
1324,21,13,2195400,642,342,300
1325,21,13,2195500,105,53,52
1326,21,13,2195600,168,93,75
1327,21,13,2195700,577,294,283
1328,21,13,2195800,478,230,248
1329,21,13,2195900,1154,560,594
1330,21,13,2196000,406,211,195
1331,21,13,2196100,584,292,292
1332,21,13,2196200,2591,1297,1294
1333,21,13,2196300,2264,1113,1151
1334,21,13,2196400,3176,1635,1541
1335,21,13,2196500,903,480,423
1336,21,13,2196600,3104,1587,1517
1337,21,13,2196700,311,163,148
1338,21,13,2196800,5197,2666,2531
1339,21,13,2196900,7964,4086,3878
1340,21,13,2197000,593,315,278
1341,21,13,2197100,1094,543,551
1342,21,13,2197200,368,200,168
1343,21,13,2197300,41,21,20
1344,21,13,2197400,1523,802,721
1345,21,13,2197500,302,163,139
1346,21,13,2197600,408,197,211
1347,21,13,2197700,0,0,0
1348,21,13,2197800,439,217,222
1349,21,13,2197900,1594,804,790
1350,21,13,2198000,512,269,243
1351,21,13,2198100,540,296,244
1352,21,13,2198200,683,356,327
1353,21,13,2198300,1238,636,602
1354,21,13,2198400,1772,907,865
1355,21,13,2198500,1282,643,639
1356,21,13,2198600,704,355,349
1357,21,13,2198700,533,285,248
1358,21,13,2198800,747,375,372
1359,21,13,2198900,611,311,300
1360,21,13,2199000,666,337,329
1361,21,13,2199100,898,448,450
1362,21,13,2199200,694,359,335
1363,21,13,2199300,825,383,442
1364,21,13,2199400,838,411,427
1365,21,13,2199500,0,0,0
1366,21,13,2199600,2315,1205,1110
1367,21,13,2199700,1209,611,598
1368,21,13,2199800,1707,877,830
1369,21,13,2199900,1174,610,564
1370,21,13,2200000,4525,2314,2211
1371,21,13,2200100,977,513,464
1372,21,13,2200200,1285,634,651
1373,21,13,2200300,606,336,270
1374,21,13,2200400,2157,1119,1038
1375,21,13,2200500,0,0,0
1376,21,13,2200600,4121,2129,1992
1377,21,13,2200700,174,89,85
1378,21,13,2200800,998,498,500
1379,21,13,2200900,4393,2230,2163
1380,21,13,2201000,3053,1561,1492
1381,21,13,2201100,347,175,172
1382,21,13,2201200,1289,653,636
1383,21,13,2201300,932,471,461
1384,21,13,2201400,517,267,250
1385,21,13,2201500,2639,1345,1294
1386,21,13,2201600,542,251,291
1387,21,13,2201700,2515,1277,1238
1388,21,13,2201800,594,319,275
1389,21,13,2201900,1385,690,695
1390,21,13,2202000,1205,626,579
1391,21,13,2202100,1320,680,640
1392,21,13,2202200,1198,599,599
1393,21,13,2202300,853,446,407
1394,21,13,2202400,3002,1504,1498
1395,21,13,2202500,1865,1004,861
1396,21,13,2202600,6488,3351,3137
1397,21,13,2202700,1164,603,561
1398,21,13,2202800,265,135,130
1399,21,13,2202900,279,150,129
1400,21,13,2203000,0,0,0
1401,21,13,2203100,2786,1439,1347
1402,21,13,2203200,0,0,0
1403,21,13,2203300,0,0,0
1404,21,13,2203400,1350,676,674
1405,21,13,2203500,0,0,0
1406,21,13,2203600,0,0,0
1407,21,13,2203700,954,476,478
1408,21,13,2203800,881,466,415
1409,21,13,2203900,351,186,165
1410,21,13,2204000,680,352,328
1411,21,13,2204100,0,0,0
1412,21,13,2204200,1930,1004,926
1413,21,13,2204300,704,387,317
1414,21,13,2204400,153,74,79
1415,21,13,2204500,145,74,71
1416,21,13,2204600,0,0,0
1417,21,13,2204700,1471,756,715
1418,21,13,2204800,2301,1172,1129
1419,21,13,2204900,1228,636,592
1420,21,13,2205000,309,160,149
1421,21,13,2205100,1354,733,621
1422,21,13,2205200,907,481,426
1423,21,13,2205300,1889,949,940
1424,21,13,2205400,966,493,473
1425,21,13,2205500,1774,888,886
1426,21,13,2205600,1063,538,525
1427,21,13,2205700,830,443,387
1428,21,13,2205800,672,359,313
1429,21,13,2205900,242,117,125
1430,21,13,2206000,939,467,472
1431,21,13,2206100,249,135,114
1432,21,13,2206200,1823,903,920
1433,21,13,2206300,1152,588,564
1434,21,13,2206400,1271,654,617
1435,21,13,2206500,348,163,185
1436,21,13,2206600,551,274,277
1437,21,13,2206700,1251,626,625
1438,21,13,2206800,28,9,19
1439,21,13,2206900,767,410,357
1440,21,13,2207000,2881,1476,1405
1441,21,13,2207100,448,221,227
1442,21,13,2207200,757,377,380
1443,21,13,2207300,296,147,149
1444,21,13,2207400,851,462,389
1445,21,13,2207500,541,275,266
1446,21,13,2207600,1492,775,717
1447,21,13,2207700,1301,652,649
1448,21,13,2207800,0,0,0
1449,21,13,2207900,2393,1256,1137
1450,21,13,2208000,284,168,116
1451,21,13,2208100,1332,672,660
1452,21,13,2208200,219,105,114
1453,21,13,2208300,1343,645,698
1454,21,13,2208400,109,57,52
1455,21,13,2208500,2168,1100,1068
1456,21,13,2208600,1225,619,606
1457,21,13,2208700,952,478,474
1458,21,13,2208800,2138,1070,1068
1459,21,13,2208900,828,395,433
1460,21,13,2209000,188,105,83
1461,21,13,2209100,2413,1268,1145
1462,21,13,2209200,128,48,80
1463,21,13,2209300,985,514,471
1464,21,13,2209400,136,62,74
1465,21,13,2209500,585,299,286
1466,21,13,2209600,822,420,402
1467,21,13,2209700,656,289,367
1468,21,13,2209800,2647,1307,1340
1469,21,13,2209900,1576,763,813
1470,21,13,2210000,1188,624,564
1471,21,13,2210100,0,0,0
1472,21,13,2210200,420,213,207
1473,21,13,2210300,419,221,198
1474,21,13,2210400,1013,520,493
1475,21,13,2210500,797,412,385
1476,21,13,2210600,2723,1398,1325
1477,21,13,2210700,868,451,417
1478,21,13,2210800,606,328,278
1479,21,13,2210900,0,0,0
1480,21,13,2211000,1419,759,660
1481,21,13,2211100,0,0,0
1482,21,13,2211200,215,103,112
1483,21,13,2211300,912,489,423
1484,21,13,2211400,0,0,0
1485,21,13,2211500,329,160,169
1486,21,13,2211600,299,146,153
1487,21,13,2211700,1717,876,841
1488,21,13,2211800,493,271,222
1489,21,13,2211900,1242,645,597
1490,21,13,2212000,760,373,387
1491,21,13,2212100,310,168,142
1492,21,13,2212200,902,460,442
1493,21,13,2212300,851,456,395
1494,21,13,2212400,135,70,65
1495,21,13,2212500,0,0,0
1496,21,13,2212600,1712,894,818
1497,21,13,2212700,217,110,107
1498,21,13,2212800,187,92,95
1499,21,13,2212900,431,219,212
1500,21,13,2213000,3226,1633,1593
1501,21,13,2213100,0,0,0
1502,21,13,2213200,0,0,0
1503,21,13,2213300,0,0,0
1504,21,13,2213400,0,0,0
1505,21,13,2213500,336,174,162
1506,21,13,2213600,0,0,0
1507,21,13,2213700,2092,1118,974
1508,21,13,2213800,1172,601,571
1509,21,13,2213900,985,513,472
1510,21,13,2214000,740,383,357
1511,21,13,2214100,612,331,281
1512,21,13,2214200,999,522,477
1513,21,13,2214300,1742,886,856
1514,21,13,2214400,2,1,1
1515,21,13,2214500,0,0,0
1516,21,13,2214600,555,287,268
1517,21,13,2214700,1048,529,519
1518,21,13,2214800,1332,670,662
1519,21,13,2214900,92,47,45
1520,21,13,2215000,368,205,163
1521,21,13,2215100,1206,640,566
1522,21,13,2215200,0,0,0
1523,21,13,2215300,4980,2567,2413
1524,21,13,2215400,1,1,0
1525,21,13,2215500,0,0,0
1526,21,13,2215600,297,160,137
1527,21,13,2215700,1722,893,829
1528,21,13,2215800,841,428,413
1529,21,13,2215900,2223,1105,1118
1530,21,13,2216000,1381,712,669
1531,21,13,2216100,328,153,175
1532,21,13,2216200,1313,648,665
1533,21,13,2216300,3347,1614,1733
1534,21,13,2216400,538,306,232
1535,21,13,2216500,0,0,0
1536,21,13,2216600,588,300,288
1537,21,13,2216700,3393,1735,1658
1538,21,13,2216800,329,183,146
1539,21,13,2216900,4176,2163,2013
1540,21,13,2217000,1755,902,853
1541,21,13,2217100,0,0,0
1542,21,13,2217200,311,146,165
1543,21,13,2217300,616,294,322
1544,21,13,2217400,0,0,0
1545,21,13,2217500,2361,1182,1179
1546,21,13,2217600,18,8,10
1547,21,13,2217700,793,411,382
1548,21,13,2217800,635,311,324
1549,21,13,2217900,480,237,243
1550,21,13,2218000,23,14,9
1551,21,13,2218100,517,275,242
1552,21,13,2218200,136,74,62
1553,21,13,2218300,0,0,0
1554,21,13,2218400,194,106,88
1555,21,13,2218500,3192,1586,1606
1556,21,13,2218600,434,233,201
1557,21,13,2218700,368,194,174
1558,21,13,2218800,2664,1365,1299
1559,21,13,2218900,193,103,90
1560,21,13,2219000,0,0,0
1561,21,13,2219100,1573,812,761
1562,21,13,2219200,440,218,222
1563,21,13,2219300,510,274,236
1564,21,13,2219400,478,244,234
1565,21,13,2219500,552,284,268
1566,21,13,2219600,480,245,235
1567,21,13,2219700,467,237,230
1568,21,13,2219800,764,382,382
1569,21,13,2219900,1257,660,597
1570,21,13,2220000,181,94,87
1571,21,13,2220100,0,0,0
1572,21,13,2220200,385,200,185
1573,21,13,2220300,0,0,0
1574,21,13,2220400,0,0,0
1575,21,13,2220500,907,461,446
1576,21,13,2220600,63,29,34
1577,21,13,2220700,19,12,7
1578,21,13,2220800,730,393,337
1579,21,13,2220900,0,0,0
1580,21,13,2221000,0,0,0
1581,21,13,2221100,593,300,293
1582,21,13,2221200,230,115,115
1583,21,13,2221300,0,0,0
1584,21,13,2221400,1065,531,534
1585,21,13,2221500,260,130,130
1586,21,13,2221600,51,23,28
1587,21,13,2221700,11,3,8
1588,21,13,2221800,714,365,349
1589,21,13,2221900,289,154,135
1590,21,13,2222000,750,378,372
1591,21,13,2222100,231,108,123
1592,21,13,2222200,0,0,0
1593,21,13,2222300,876,447,429
1594,21,13,2222400,1277,640,637
1595,21,13,2222500,0,0,0
1596,21,13,2222600,195,98,97
1597,21,13,2222700,740,378,362
1598,21,13,2222800,251,125,126
1599,21,13,2222900,619,315,304
1600,21,13,2223000,1286,675,611
1601,21,13,2223100,462,235,227
1602,21,13,2223200,784,381,403
1603,21,13,2223300,224,110,114
1604,21,13,2223400,426,220,206
1605,21,13,2223500,235,115,120
1606,21,13,2223600,0,0,0
1607,21,13,2223700,914,490,424
1608,21,13,2223800,366,174,192
1609,21,13,2223900,1545,811,734
1610,21,13,2224000,210,100,110
1611,21,13,2224100,0,0,0
1612,21,13,2224200,887,446,441
1613,21,13,2224300,918,451,467
1614,21,13,2224400,0,0,0
1615,21,13,2224500,0,0,0
1616,21,13,2224600,0,0,0
1617,21,13,2224700,430,209,221
1618,21,13,2224800,451,231,220
1619,21,13,2224900,0,0,0
1620,21,13,2225000,235,134,101
1621,21,13,2225100,966,509,457
1622,21,13,2225200,774,400,374
1623,21,13,2225300,510,269,241
1624,21,13,2225400,513,269,244
1625,21,13,2225500,1256,619,637
1626,21,13,2225600,0,0,0
1627,21,13,2225700,453,247,206
1628,21,13,2225800,0,0,0
1629,21,13,2225900,2680,1338,1342
1630,21,13,2226000,74,38,36
1631,21,13,2226100,13,6,7
1632,21,13,2226200,682,368,314
1633,21,13,2226300,716,359,357
1634,21,13,2226400,1530,756,774
1635,21,13,2226500,539,274,265
1636,21,13,2226600,3372,1702,1670
1637,21,13,2226700,2782,1336,1446
1638,21,13,2226800,1400,676,724
1639,21,13,2226900,1736,887,849
1640,21,13,2227000,2379,1201,1178
1641,21,13,2227100,4536,2240,2296
1642,21,13,2227200,1782,902,880
1643,21,13,2227300,317,158,159
1644,21,13,2227400,352,169,183
1645,21,13,2227500,3089,1648,1441
1646,21,13,2227600,1067,530,537
1647,21,13,2227700,0,0,0
1648,21,13,2227800,153,80,73
1649,21,13,2227900,818,427,391
1650,21,13,2228000,716,365,351
1651,21,13,2228100,0,0,0
1652,21,13,2228200,401,204,197
1653,21,13,2228300,0,0,0
1654,21,13,2228400,402,197,205
1655,21,13,2228500,1319,670,649
1656,21,13,2228600,703,358,345
1657,21,13,2228700,685,352,333
1658,21,13,2228800,196,85,111
1659,21,13,2228900,0,0,0
1660,21,13,2229000,0,0,0
1661,21,13,2229100,0,0,0
1662,21,13,2229200,625,316,309
1663,21,13,2229300,0,0,0
1664,21,13,2229400,0,0,0
1665,21,13,2229500,0,0,0
1666,21,13,2229600,1101,568,533
1667,21,13,2229700,780,431,349
1668,21,13,2229800,208,115,93
1669,21,13,2229900,359,185,174
1670,21,13,2230000,0,0,0
1671,21,13,2230100,269,128,141
1672,21,13,2230200,472,251,221
1673,21,13,2230300,760,381,379
1674,21,13,2230400,363,177,186
1675,21,13,2230500,541,284,257
1676,21,13,2230600,0,0,0
1677,21,13,2230700,116,54,62
1678,21,13,2230800,887,463,424
1679,21,13,2230900,377,191,186
1680,21,13,2231000,2698,1382,1316
1681,21,13,2231100,798,391,407
1682,21,13,2231200,1008,501,507
1683,21,13,2231300,206,98,108
1684,21,13,2231400,254,119,135
1685,21,13,2231500,181,89,92
1686,21,13,2231600,381,191,190
1687,21,13,2231700,640,320,320
1688,21,13,2231800,483,231,252
1689,21,13,2231900,0,0,0
1690,21,13,2232000,0,0,0
1691,21,13,2232100,2010,1038,972
1692,21,13,2232200,123,55,68
1693,21,13,2232300,0,0,0
1694,21,13,2232400,1331,671,660
1695,21,13,2232500,0,0,0
1696,21,13,2232600,1047,543,504
1697,21,13,2232700,448,252,196
1698,21,13,2232800,731,387,344
1699,21,13,2232900,24,22,2
1700,21,13,2233000,511,261,250
1701,21,13,2233100,844,417,427
1702,21,13,2233200,519,260,259
1703,21,13,2233300,338,169,169
1704,21,13,2233400,923,472,451
1705,21,13,2233500,622,301,321
1706,21,13,2233600,355,175,180
1707,21,13,2233700,137,73,64
1708,21,13,2233800,1788,903,885
1709,21,13,2233900,528,271,257
1710,21,13,2234000,0,0,0
1711,21,13,2234100,0,0,0
1712,21,13,2234200,0,0,0
1713,21,13,2234300,487,256,231
1714,21,13,2234400,0,0,0
1715,21,13,2234500,0,0,0
1716,21,13,2234600,523,265,258
1717,21,13,2234700,502,264,238
1718,21,13,2234800,1091,514,577
1719,21,13,2234900,1095,547,548
1720,21,13,2235000,0,0,0
1721,21,13,2235100,220,116,104
1722,21,13,2235200,3053,1534,1519
1723,21,13,2235300,3192,1624,1568
1724,21,13,2235400,3396,1743,1653
1725,21,13,2235500,10761,5376,5385
1726,21,13,2235600,924,494,430
1727,21,13,2235700,4566,2352,2214
1728,21,13,2235800,269,130,139
1729,21,13,2235900,1444,731,713
1730,21,13,2236000,3348,1590,1758
1731,21,13,2236100,3469,1743,1726
1732,21,13,2236200,1824,959,865
1733,21,13,2236300,1517,765,752
1734,21,13,2236400,2168,1046,1122
1735,21,13,2236500,1466,742,724
1736,21,13,2236600,301,154,147
1737,21,13,2236700,841,422,419
1738,21,13,2236800,2111,1056,1055
1739,21,13,2236900,1587,790,797
1740,21,13,2237000,0,0,0
1741,21,13,2237100,0,0,0
1742,21,13,2237200,0,0,0
1743,21,13,2237300,490,244,246
1744,21,13,2237400,604,310,294
1745,21,13,2237500,415,206,209
1746,21,13,2237600,1019,471,548
1747,21,13,2237700,5800,2898,2902
1748,21,13,2237800,0,0,0
1749,21,13,2237900,470,242,228
1750,21,13,2238000,14,6,8
1751,21,13,2238100,653,328,325
1752,21,13,2238200,105,55,50
1753,21,13,2238300,0,0,0
1754,21,13,2238400,682,348,334
1755,21,13,2238500,719,365,354
1756,21,13,2238600,439,214,225
1757,21,13,2238700,757,372,385
1758,21,13,2238800,37,17,20
1759,21,13,2238900,5339,2746,2593
1760,21,13,2239000,0,0,0
1761,21,13,2239100,0,0,0
1762,21,13,2239200,187,98,89
1763,21,13,2239300,773,377,396
1764,21,13,2239400,0,0,0
1765,21,13,2239500,0,0,0
1766,21,13,2239600,0,0,0
1767,21,13,2239700,0,0,0
1768,21,13,2239800,164,97,67
1769,21,13,2239900,0,0,0
1770,21,13,2240000,0,0,0
1771,21,13,2240100,0,0,0
1772,21,13,2240200,0,0,0
1773,21,13,2240300,474,249,225
1774,21,13,2240400,0,0,0
1775,21,13,2240500,0,0,0
1776,21,13,2240600,0,0,0
1777,21,13,2240700,977,522,455
