,Statecode,Districtcode,VillageCode,Population,Males,Females
0,21,5,375300,568,299,269
1,21,5,375400,692,354,338
2,21,5,375500,9,4,5
3,21,5,375600,412,221,191
4,21,5,375700,85,45,40
5,21,5,375800,128,65,63
6,21,5,375900,83,50,33
7,21,5,376000,374,191,183
8,21,5,376100,144,65,79
9,21,5,376200,516,257,259
10,21,5,376300,315,158,157
11,21,5,376400,544,273,271
12,21,5,376500,31,14,17
13,21,5,376600,168,91,77
14,21,5,376700,324,174,150
15,21,5,376800,657,329,328
16,21,5,376900,194,96,98
17,21,5,377000,132,69,63
18,21,5,377100,926,453,473
19,21,5,377200,345,162,183
20,21,5,377300,947,469,478
21,21,5,377400,598,319,279
22,21,5,377500,315,158,157
23,21,5,377600,1301,631,670
24,21,5,377700,337,177,160
25,21,5,377800,910,452,458
26,21,5,377900,1379,682,697
27,21,5,378000,1221,574,647
28,21,5,378100,373,190,183
29,21,5,378200,1373,702,671
30,21,5,378300,1501,765,736
31,21,5,378400,1025,503,522
32,21,5,378500,3834,2090,1744
33,21,5,378600,2062,1033,1029
34,21,5,378700,648,325,323
35,21,5,378800,2985,1769,1216
36,21,5,378900,631,319,312
37,21,5,379000,1478,722,756
38,21,5,379100,318,159,159
39,21,5,379200,906,453,453
40,21,5,379300,0,0,0
41,21,5,379400,383,176,207
42,21,5,379500,437,235,202
43,21,5,379600,784,387,397
44,21,5,379700,893,460,433
45,21,5,379800,1308,672,636
46,21,5,379900,494,245,249
47,21,5,380000,731,417,314
48,21,5,380100,155,67,88
49,21,5,380200,3237,1610,1627
50,21,5,380300,1088,544,544
51,21,5,380400,24,13,11
52,21,5,380500,1697,829,868
53,21,5,380600,1943,974,969
54,21,5,380700,1017,493,524
55,21,5,380800,374,191,183
56,21,5,380900,388,190,198
57,21,5,381000,2999,1498,1501
58,21,5,381100,418,221,197
59,21,5,381200,239,113,126
60,21,5,381300,316,156,160
61,21,5,381400,112,45,67
62,21,5,381500,1071,535,536
63,21,5,381600,381,180,201
64,21,5,381700,727,363,364
65,21,5,381800,1077,539,538
66,21,5,381900,1452,711,741
67,21,5,382000,516,267,249
68,21,5,382100,1021,521,500
69,21,5,382200,530,275,255
70,21,5,382300,610,300,310
71,21,5,382400,1354,663,691
72,21,5,382500,1054,529,525
73,21,5,382600,171,94,77
74,21,5,382700,228,117,111
75,21,5,382800,1659,836,823
76,21,5,382900,208,108,100
77,21,5,383000,1230,619,611
78,21,5,383100,721,374,347
79,21,5,383200,568,287,281
80,21,5,383300,433,229,204
81,21,5,383400,461,216,245
82,21,5,383500,632,308,324
83,21,5,383600,145,72,73
84,21,5,383700,1102,544,558
85,21,5,383800,346,183,163
86,21,5,383900,246,122,124
87,21,5,384000,407,200,207
88,21,5,384100,743,381,362
89,21,5,384200,585,300,285
90,21,5,384300,302,159,143
91,21,5,384400,4,3,1
92,21,5,384500,622,306,316
93,21,5,384600,252,138,114
94,21,5,384700,147,68,79
95,21,5,384800,316,162,154
96,21,5,384900,123,63,60
97,21,5,385000,78,45,33
98,21,5,385100,0,0,0
99,21,5,385200,4893,2455,2438
100,21,5,385300,121,60,61
101,21,5,385400,452,226,226
102,21,5,385500,306,156,150
103,21,5,385600,342,174,168
104,21,5,385700,271,140,131
105,21,5,385800,262,135,127
106,21,5,385900,341,174,167
107,21,5,386000,315,148,167
108,21,5,386100,392,204,188
109,21,5,386200,1455,719,736
110,21,5,386300,383,201,182
111,21,5,386400,231,122,109
112,21,5,386500,153,78,75
113,21,5,386600,246,114,132
114,21,5,386700,207,105,102
115,21,5,386800,67,33,34
116,21,5,386900,3,2,1
117,21,5,387000,791,403,388
118,21,5,387100,381,191,190
119,21,5,387200,174,94,80
120,21,5,387300,0,0,0
121,21,5,387400,121,58,63
122,21,5,387500,156,73,83
123,21,5,387600,231,137,94
124,21,5,387700,4001,1975,2026
125,21,5,387800,252,137,115
126,21,5,387900,247,138,109
127,21,5,388000,111,60,51
128,21,5,388100,1211,632,579
129,21,5,388200,436,228,208
130,21,5,388300,140,63,77
131,21,5,388400,1206,607,599
132,21,5,388500,802,390,412
133,21,5,388600,136,75,61
134,21,5,388700,280,138,142
135,21,5,388800,0,0,0
136,21,5,388900,183,92,91
137,21,5,389000,544,323,221
138,21,5,389100,0,0,0
139,21,5,389200,46,27,19
140,21,5,389300,656,351,305
141,21,5,389400,301,153,148
142,21,5,389500,362,175,187
143,21,5,389600,112,58,54
144,21,5,389700,282,136,146
145,21,5,389800,641,320,321
146,21,5,389900,337,172,165
147,21,5,390000,37,18,19
148,21,5,390100,288,138,150
149,21,5,390200,346,175,171
150,21,5,390300,423,200,223
151,21,5,390400,118,59,59
152,21,5,390500,2,2,0
153,21,5,390600,534,262,272
154,21,5,390700,333,167,166
155,21,5,390800,335,164,171
156,21,5,390900,518,271,247
157,21,5,391000,105,49,56
158,21,5,391100,244,118,126
159,21,5,391200,41,23,18
160,21,5,391300,120,58,62
161,21,5,391400,1313,675,638
162,21,5,391500,314,164,150
163,21,5,391600,352,183,169
164,21,5,391700,548,258,290
165,21,5,391800,284,138,146
166,21,5,391900,593,293,300
167,21,5,392000,381,184,197
168,21,5,392100,378,194,184
169,21,5,392200,513,244,269
170,21,5,392300,190,91,99
171,21,5,392400,1223,613,610
172,21,5,392500,371,183,188
173,21,5,392600,804,391,413
174,21,5,392700,396,240,156
175,21,5,392800,600,293,307
176,21,5,392900,213,108,105
177,21,5,393000,112,50,62
178,21,5,393100,82,37,45
179,21,5,393200,172,83,89
180,21,5,393300,28,15,13
181,21,5,393400,21,11,10
182,21,5,393500,91,48,43
183,21,5,393600,126,58,68
184,21,5,393700,718,363,355
185,21,5,393800,361,176,185
186,21,5,393900,245,120,125
187,21,5,394000,86,46,40
188,21,5,394100,288,130,158
189,21,5,394200,141,72,69
190,21,5,394300,423,202,221
191,21,5,394400,1651,836,815
192,21,5,394500,328,156,172
193,21,5,394600,216,102,114
194,21,5,394700,111,54,57
195,21,5,394800,351,168,183
196,21,5,394900,825,401,424
197,21,5,395000,845,396,449
198,21,5,395100,356,183,173
199,21,5,395200,754,381,373
200,21,5,395300,41,13,28
201,21,5,395400,632,291,341
202,21,5,395500,138,72,66
203,21,5,395600,199,93,106
204,21,5,395700,946,471,475
205,21,5,395800,487,247,240
206,21,5,395900,1250,612,638
207,21,5,396000,1290,637,653
208,21,5,396100,3393,1739,1654
209,21,5,396200,1445,650,795
210,21,5,396300,254,128,126
211,21,5,396400,623,323,300
212,21,5,396500,158,85,73
213,21,5,396600,104,49,55
214,21,5,396700,95,48,47
215,21,5,396800,38,21,17
216,21,5,396900,23,12,11
217,21,5,397000,476,238,238
218,21,5,397100,791,392,399
219,21,5,397200,3349,1699,1650
220,21,5,397300,1844,925,919
221,21,5,397400,2342,1254,1088
222,21,5,397500,768,389,379
223,21,5,397600,2023,1084,939
224,21,5,397700,1853,905,948
225,21,5,397800,2249,1131,1118
226,21,5,397900,82,46,36
227,21,5,398000,2558,1265,1293
228,21,5,398100,718,365,353
229,21,5,398200,1224,647,577
230,21,5,398300,1380,686,694
231,21,5,398400,538,280,258
232,21,5,398500,1354,658,696
233,21,5,398600,193,99,94
234,21,5,398700,882,451,431
235,21,5,398800,3358,1669,1689
236,21,5,398900,544,266,278
237,21,5,399000,1692,843,849
238,21,5,399100,323,154,169
239,21,5,399200,1026,516,510
240,21,5,399300,1197,625,572
241,21,5,399400,922,457,465
242,21,5,399500,365,186,179
243,21,5,399600,363,181,182
244,21,5,399700,1768,878,890
245,21,5,399800,144,73,71
246,21,5,399900,797,425,372
247,21,5,400000,2790,1550,1240
248,21,5,400100,271,138,133
249,21,5,400200,288,147,141
250,21,5,400300,746,385,361
251,21,5,400400,1010,506,504
252,21,5,400500,1971,988,983
253,21,5,400600,5070,2579,2491
254,21,5,400700,473,245,228
255,21,5,400800,508,265,243
256,21,5,400900,1173,576,597
257,21,5,401000,457,238,219
258,21,5,401100,639,314,325
259,21,5,401200,417,230,187
260,21,5,401300,469,213,256
261,21,5,401400,1169,561,608
262,21,5,401500,263,144,119
263,21,5,401600,812,434,378
264,21,5,401700,1177,586,591
265,21,5,401800,338,164,174
266,21,5,401900,1580,754,826
267,21,5,402000,667,329,338
268,21,5,402100,931,475,456
269,21,5,402200,48,22,26
270,21,5,402300,1063,533,530
271,21,5,402400,1238,606,632
272,21,5,402500,2638,1296,1342
273,21,5,402600,2141,1072,1069
274,21,5,402700,396,208,188
275,21,5,402800,952,481,471
276,21,5,402900,656,329,327
277,21,5,403000,738,362,376
278,21,5,403100,561,273,288
279,21,5,403200,388,185,203
280,21,5,403300,391,189,202
281,21,5,403400,1563,768,795
282,21,5,403500,325,168,157
283,21,5,403600,266,136,130
284,21,5,403700,497,237,260
285,21,5,403800,1130,546,584
286,21,5,403900,1291,600,691
287,21,5,404000,645,323,322
288,21,5,404100,579,296,283
289,21,5,404200,746,370,376
290,21,5,404300,1866,970,896
291,21,5,404400,2734,1383,1351
292,21,5,404500,1206,632,574
293,21,5,404600,356,180,176
294,21,5,404700,1676,864,812
295,21,5,404800,504,234,270
296,21,5,404900,2552,1258,1294
297,21,5,405000,998,503,495
298,21,5,405100,407,198,209
299,21,5,405200,1393,700,693
300,21,5,405300,810,406,404
301,21,5,405400,647,327,320
302,21,5,405500,234,119,115
303,21,5,405600,694,347,347
304,21,5,405700,2108,1028,1080
305,21,5,405800,539,263,276
306,21,5,405900,318,156,162
307,21,5,406000,264,126,138
308,21,5,406100,204,103,101
309,21,5,406200,565,275,290
310,21,5,406300,266,137,129
311,21,5,406400,862,424,438
312,21,5,406500,694,365,329
313,21,5,406600,281,147,134
314,21,5,406700,1157,591,566
315,21,5,406800,2043,1124,919
316,21,5,406900,0,0,0
317,21,5,407000,2235,1129,1106
318,21,5,407100,387,182,205
319,21,5,407200,540,270,270
320,21,5,407300,729,378,351
321,21,5,407400,497,243,254
322,21,5,407500,937,481,456
323,21,5,407600,891,443,448
324,21,5,407700,836,439,397
325,21,5,407800,1437,754,683
326,21,5,407900,604,316,288
327,21,5,408000,444,229,215
328,21,5,408100,1338,656,682
329,21,5,408200,924,463,461
330,21,5,408300,909,434,475
331,21,5,408400,3431,1722,1709
332,21,5,408500,694,353,341
333,21,5,408600,874,405,469
334,21,5,408700,1426,670,756
335,21,5,408800,145,72,73
336,21,5,408900,323,156,167
337,21,5,409000,503,267,236
338,21,5,409100,834,423,411
339,21,5,409200,901,453,448
340,21,5,409300,317,163,154
341,21,5,409400,1529,768,761
342,21,5,409500,861,437,424
343,21,5,409600,334,159,175
344,21,5,409700,479,257,222
345,21,5,409800,341,181,160
346,21,5,409900,2175,1077,1098
347,21,5,410000,1817,934,883
348,21,5,410100,713,363,350
349,21,5,410200,2221,1140,1081
350,21,5,410300,4682,2337,2345
351,21,5,410400,613,307,306
352,21,5,410500,1421,731,690
353,21,5,410600,1221,613,608
354,21,5,410700,920,479,441
355,21,5,410800,408,204,204
356,21,5,410900,631,324,307
357,21,5,411000,2607,1417,1190
358,21,5,411100,985,511,474
359,21,5,411200,379,198,181
360,21,5,411300,1119,552,567
361,21,5,411400,101,48,53
362,21,5,411500,69,36,33
363,21,5,411600,74,37,37
364,21,5,411700,47,24,23
365,21,5,411800,1439,696,743
366,21,5,411900,1793,892,901
367,21,5,412000,1832,977,855
368,21,5,412100,479,234,245
369,21,5,412200,1256,638,618
370,21,5,412300,1446,693,753
371,21,5,412400,2046,995,1051
372,21,5,412500,457,235,222
373,21,5,412600,376,200,176
374,21,5,412700,281,140,141
375,21,5,412800,482,243,239
376,21,5,412900,478,243,235
377,21,5,413000,968,490,478
378,21,5,413100,91,46,45
379,21,5,413200,666,362,304
380,21,5,413300,1053,540,513
381,21,5,413400,1277,535,742
382,21,5,413500,750,362,388
383,21,5,413600,907,445,462
384,21,5,413700,265,130,135
385,21,5,413800,344,184,160
386,21,5,413900,675,344,331
387,21,5,414000,506,253,253
388,21,5,414100,2760,1380,1380
389,21,5,414200,221,117,104
390,21,5,414300,728,356,372
391,21,5,414400,3965,1981,1984
392,21,5,414500,1661,859,802
393,21,5,414600,1556,812,744
394,21,5,414700,431,225,206
395,21,5,414800,1606,820,786
396,21,5,414900,1008,462,546
397,21,5,415000,1045,460,585
398,21,5,415100,916,478,438
399,21,5,415200,565,297,268
400,21,5,415300,1076,565,511
401,21,5,415400,942,484,458
402,21,5,415500,915,462,453
403,21,5,415600,1904,928,976
404,21,5,415700,1140,579,561
405,21,5,415800,602,293,309
406,21,5,415900,28,13,15
407,21,5,416000,958,476,482
408,21,5,416100,793,389,404
409,21,5,416200,795,409,386
410,21,5,416300,661,317,344
411,21,5,416400,15,9,6
412,21,5,416500,39,21,18
413,21,5,416600,775,390,385
414,21,5,416700,941,470,471
415,21,5,416800,632,309,323
416,21,5,416900,1012,507,505
417,21,5,417000,1300,646,654
418,21,5,417100,1650,809,841
419,21,5,417200,1529,777,752
420,21,5,417300,645,308,337
421,21,5,417400,958,476,482
422,21,5,417500,1675,860,815
423,21,5,417600,678,337,341
424,21,5,417700,3369,1723,1646
425,21,5,417800,1014,499,515
426,21,5,417900,1314,655,659
427,21,5,418000,1236,603,633
428,21,5,418100,1164,594,570
429,21,5,418200,287,139,148
430,21,5,418300,1375,670,705
431,21,5,418400,943,478,465
432,21,5,418500,1131,593,538
433,21,5,418600,1122,573,549
434,21,5,418700,3682,1813,1869
435,21,5,418800,779,389,390
436,21,5,418900,1015,513,502
437,21,5,419000,795,416,379
438,21,5,419100,335,168,167
439,21,5,419200,503,257,246
440,21,5,419300,1367,600,767
441,21,5,419400,761,388,373
442,21,5,419500,243,120,123
443,21,5,419600,240,123,117
444,21,5,419700,712,370,342
445,21,5,419800,1052,522,530
446,21,5,419900,1554,772,782
447,21,5,420000,1026,502,524
448,21,5,420100,905,451,454
449,21,5,420200,406,191,215
450,21,5,420300,1439,703,736
451,21,5,420400,253,117,136
452,21,5,420500,628,291,337
453,21,5,420600,1657,804,853
454,21,5,420700,2131,1028,1103
455,21,5,420800,941,464,477
456,21,5,420900,3327,1608,1719
457,21,5,421000,385,177,208
458,21,5,421100,3886,1980,1906
459,21,5,421200,1469,731,738
460,21,5,421300,1545,788,757
461,21,5,421400,5392,2696,2696
462,21,5,421500,981,471,510
463,21,5,421600,1061,534,527
464,21,5,421700,589,288,301
465,21,5,421800,631,311,320
466,21,5,421900,1256,606,650
467,21,5,422000,1012,494,518
468,21,5,422100,774,392,382
469,21,5,422200,628,317,311
470,21,5,422300,825,417,408
471,21,5,422400,2086,1015,1071
472,21,5,422500,2515,1259,1256
473,21,5,422600,1915,992,923
474,21,5,422700,929,440,489
475,21,5,422800,712,359,353
476,21,5,422900,500,238,262
477,21,5,423000,87,39,48
478,21,5,423100,470,226,244
479,21,5,423200,1034,630,404
480,21,5,423300,601,306,295
481,21,5,423400,821,440,381
482,21,5,423500,1389,677,712
483,21,5,423600,968,488,480
484,21,5,423700,3101,1572,1529
485,21,5,423800,641,307,334
486,21,5,423900,2420,1203,1217
487,21,5,424000,1559,739,820
488,21,5,424100,1393,663,730
489,21,5,424200,2221,1113,1108
490,21,5,424300,525,246,279
491,21,5,424400,566,282,284
492,21,5,424500,588,306,282
493,21,5,424600,476,244,232
494,21,5,424700,126,66,60
495,21,5,424800,47,23,24
496,21,5,424900,378,181,197
497,21,5,425000,139,73,66
498,21,5,425100,48,21,27
499,21,5,425200,350,164,186
500,21,5,425300,221,111,110
501,21,5,425400,399,190,209
502,21,5,425500,428,204,224
503,21,5,425600,194,104,90
504,21,5,425700,4075,1966,2109
505,21,5,425800,3787,1862,1925
506,21,5,425900,397,184,213
507,21,5,426000,960,472,488
508,21,5,426100,1125,567,558
509,21,5,426200,884,414,470
510,21,5,426300,1130,556,574
511,21,5,426400,812,399,413
512,21,5,426500,1173,564,609
513,21,5,426600,1737,887,850
514,21,5,426700,0,0,0
515,21,5,426800,0,0,0
516,21,5,426900,23,10,13
517,21,5,427000,216,90,126
518,21,5,427100,109,63,46
519,21,5,427200,283,126,157
520,21,5,427300,103,57,46
521,21,5,427400,121,64,57
522,21,5,427500,230,111,119
523,21,5,427600,55,27,28
524,21,5,427700,714,335,379
525,21,5,427800,737,370,367
526,21,5,427900,540,267,273
527,21,5,428000,0,0,0
528,21,5,428100,0,0,0
529,21,5,428200,165,77,88
530,21,5,428300,94,51,43
531,21,5,428400,361,168,193
532,21,5,428500,33,19,14
533,21,5,428600,745,379,366
534,21,5,428700,1784,833,951
535,21,5,428800,1194,593,601
536,21,5,428900,2018,980,1038
537,21,5,429000,108,51,57
538,21,5,429100,865,442,423
539,21,5,429200,875,408,467
540,21,5,429300,965,481,484
541,21,5,429400,440,212,228
542,21,5,429500,674,315,359
543,21,5,429600,2552,1188,1364
544,21,5,429700,639,316,323
545,21,5,429800,0,0,0
546,21,5,429900,1400,670,730
547,21,5,430000,0,0,0
548,21,5,430100,165,83,82
549,21,5,430200,658,310,348
550,21,5,430300,416,204,212
551,21,5,430400,1331,690,641
552,21,5,430500,1372,695,677
553,21,5,430600,1053,526,527
554,21,5,430700,436,200,236
555,21,5,430800,287,129,158
556,21,5,430900,318,156,162
557,21,5,431000,256,144,112
558,21,5,431100,341,149,192
559,21,5,431200,4455,2220,2235
560,21,5,431300,2889,1420,1469
561,21,5,431400,1043,509,534
562,21,5,431500,19,9,10
563,21,5,431600,40,19,21
564,21,5,431700,499,252,247
565,21,5,431800,2270,1176,1094
566,21,5,431900,1202,584,618
567,21,5,432000,665,329,336
568,21,5,432100,121,63,58
569,21,5,432200,1264,643,621
570,21,5,432300,3859,1892,1967
571,21,5,432400,1269,637,632
572,21,5,432500,1182,548,634
573,21,5,432600,445,218,227
574,21,5,432700,1785,848,937
575,21,5,432800,2054,988,1066
576,21,5,432900,4005,1991,2014
577,21,5,433000,2303,1120,1183
578,21,5,433100,1250,659,591
579,21,5,433200,1045,533,512
580,21,5,433300,1918,1005,913
581,21,5,433400,6878,3538,3340
582,21,5,433500,816,405,411
583,21,5,433600,1186,577,609
584,21,5,433700,1062,409,653
585,21,5,433800,2061,1006,1055
586,21,5,433900,684,324,360
587,21,5,434000,401,209,192
588,21,5,434100,364,189,175
589,21,5,434200,2185,1119,1066
590,21,5,434300,726,344,382
591,21,5,434400,638,309,329
592,21,5,434500,758,381,377
593,21,5,434600,986,497,489
594,21,5,434700,2918,1419,1499
595,21,5,434800,2789,1364,1425
596,21,5,434900,788,405,383
597,21,5,435000,728,346,382
598,21,5,435100,623,300,323
599,21,5,435200,1812,928,884
600,21,5,435300,462,235,227
601,21,5,435400,832,407,425
602,21,5,435500,631,326,305
603,21,5,435600,1112,557,555
604,21,5,435700,4549,2241,2308
605,21,5,435800,896,430,466
606,21,5,435900,2494,1273,1221
607,21,5,436000,2167,1072,1095
608,21,5,436100,1712,860,852
609,21,5,436200,1331,664,667
610,21,5,436300,687,335,352
611,21,5,436400,3291,1649,1642
612,21,5,436500,2518,1291,1227
613,21,5,436600,619,288,331
614,21,5,436700,1005,489,516
615,21,5,436800,1254,630,624
616,21,5,436900,897,452,445
617,21,5,437000,774,389,385
618,21,5,437100,781,382,399
619,21,5,437200,1615,794,821
620,21,5,437300,1106,571,535
621,21,5,437400,1150,592,558
622,21,5,437500,506,240,266
623,21,5,437600,841,407,434
624,21,5,437700,1028,497,531
625,21,5,437800,593,309,284
626,21,5,437900,1160,568,592
627,21,5,438000,806,423,383
628,21,5,438100,436,235,201
629,21,5,438200,254,119,135
630,21,5,438300,221,101,120
631,21,5,438400,692,354,338
632,21,5,438500,302,153,149
633,21,5,438600,382,195,187
634,21,5,438700,1079,562,517
635,21,5,438800,3138,1642,1496
636,21,5,438900,2887,1505,1382
637,21,5,439000,544,284,260
638,21,5,439100,2241,1104,1137
639,21,5,439200,498,263,235
640,21,5,439300,388,191,197
641,21,5,439400,1265,656,609
642,21,5,439500,1019,502,517
643,21,5,439600,613,320,293
644,21,5,439700,1371,693,678
645,21,5,439800,1321,640,681
646,21,5,439900,695,341,354
647,21,5,440000,2639,1373,1266
648,21,5,440100,636,306,330
649,21,5,440200,672,333,339
650,21,5,440300,1815,901,914
651,21,5,440400,347,172,175
652,21,5,440500,373,193,180
653,21,5,440600,466,235,231
654,21,5,440700,3520,1729,1791
655,21,5,440800,2365,1152,1213
656,21,5,440900,1124,639,485
657,21,5,441000,1213,603,610
658,21,5,441100,854,414,440
659,21,5,441200,2188,1081,1107
660,21,5,441300,1283,676,607
661,21,5,441400,699,355,344
662,21,5,441500,736,350,386
663,21,5,441600,246,135,111
664,21,5,441700,2277,1152,1125
665,21,5,441800,1152,568,584
666,21,5,441900,2455,1212,1243
667,21,5,442000,602,298,304
668,21,5,442100,347,159,188
669,21,5,442200,1050,526,524
670,21,5,442300,3868,1947,1921
671,21,5,442400,875,449,426
672,21,5,442500,381,194,187
673,21,5,442600,631,308,323
674,21,5,442700,1281,584,697
675,21,5,442800,2011,1008,1003
676,21,5,442900,4633,2333,2300
677,21,5,443000,550,297,253
678,21,5,443100,1815,883,932
679,21,5,443200,2545,1299,1246
680,21,5,443300,1514,766,748
681,21,5,443400,1443,692,751
682,21,5,443500,1738,869,869
683,21,5,443600,1724,919,805
684,21,5,443700,1881,923,958
685,21,5,443800,1322,682,640
686,21,5,443900,1608,821,787
687,21,5,444000,480,244,236
688,21,5,444100,1295,658,637
689,21,5,444200,1267,622,645
690,21,5,444300,1276,685,591
691,21,5,444400,1034,540,494
692,21,5,444500,915,439,476
693,21,5,444600,487,239,248
694,21,5,444700,2046,1031,1015
695,21,5,444800,1559,765,794
696,21,5,444900,4665,2262,2403
697,21,5,445000,1695,809,886
698,21,5,445100,4110,2048,2062
699,21,5,445200,3880,1893,1987
700,21,5,445300,5260,2657,2603
701,21,5,445400,913,470,443
702,21,5,445500,1781,878,903
703,21,5,445600,1062,513,549
704,21,5,445700,922,491,431
705,21,5,445800,847,409,438
706,21,5,445900,1804,924,880
707,21,5,446000,1589,782,807
708,21,5,446100,854,423,431
709,21,5,446200,1072,526,546
710,21,5,446300,1019,504,515
711,21,5,446400,279,155,124
712,21,5,446500,1627,832,795
713,21,5,446600,610,316,294
714,21,5,446700,0,0,0
715,21,5,446800,155,74,81
716,21,5,446900,430,217,213
717,21,5,447000,0,0,0
718,21,5,447100,757,370,387
719,21,5,447200,4189,2167,2022
720,21,5,447300,4258,2146,2112
721,21,5,447400,1900,941,959
722,21,5,447500,2159,1080,1079
723,21,5,447600,94,47,47
724,21,5,447700,1738,879,859
725,21,5,447800,2310,1134,1176
726,21,5,447900,3466,1781,1685
727,21,5,448000,1358,674,684
728,21,5,448100,1730,879,851
729,21,5,448200,579,267,312
730,21,5,448300,2446,1250,1196
731,21,5,448400,3261,1629,1632
732,21,5,448500,6944,3488,3456
733,21,5,448600,851,434,417
734,21,5,448700,3366,1728,1638
735,21,5,448800,2063,1051,1012
736,21,5,448900,2925,1473,1452
737,21,5,449000,2600,1254,1346
738,21,5,449100,1681,852,829
739,21,5,449200,3016,1495,1521
740,21,5,449300,875,435,440
741,21,5,449400,1472,746,726
742,21,5,449500,929,455,474
743,21,5,449600,1839,942,897
744,21,5,449700,1924,807,1117
745,21,5,449800,1597,784,813
746,21,5,449900,2924,1439,1485
747,21,5,450000,171,83,88
748,21,5,450100,6504,3255,3249
749,21,5,450200,2361,1196,1165
750,21,5,450300,568,267,301
751,21,5,450400,3226,1591,1635
752,21,5,450500,2644,1300,1344
753,21,5,450600,681,345,336
754,21,5,450700,329,165,164
755,21,5,450800,685,335,350
756,21,5,450900,284,147,137
757,21,5,451000,243,118,125
758,21,5,451100,1427,695,732
759,21,5,451200,1822,944,878
760,21,5,451300,955,485,470
761,21,5,451400,1721,866,855
762,21,5,451500,820,403,417
763,21,5,451600,847,424,423
764,21,5,451700,524,274,250
765,21,5,451800,530,272,258
766,21,5,451900,834,426,408
767,21,5,452000,818,385,433
768,21,5,452100,249,110,139
769,21,5,452200,1346,627,719
770,21,5,452300,636,325,311
771,21,5,452400,175,92,83
772,21,5,452500,176,94,82
773,21,5,452600,696,363,333
774,21,5,452700,1213,580,633
775,21,5,452800,1403,681,722
776,21,5,452900,236,101,135
777,21,5,453000,1041,516,525
778,21,5,453100,1016,513,503
779,21,5,453200,479,258,221
780,21,5,453300,482,243,239
781,21,5,453400,434,221,213
782,21,5,453500,262,122,140
783,21,5,453600,861,440,421
784,21,5,453700,256,114,142
785,21,5,453800,153,75,78
786,21,5,453900,114,51,63
787,21,5,454000,293,144,149
788,21,5,454100,204,95,109
789,21,5,454200,812,410,402
790,21,5,454300,836,409,427
791,21,5,454400,896,464,432
792,21,5,454500,280,144,136
793,21,5,454600,127,57,70
794,21,5,454700,880,427,453
795,21,5,454800,317,156,161
796,21,5,454900,238,131,107
797,21,5,455000,1098,546,552
798,21,5,455100,886,443,443
799,21,5,455200,1327,665,662
800,21,5,455300,962,502,460
801,21,5,455400,643,318,325
802,21,5,455500,442,210,232
803,21,5,455600,556,270,286
804,21,5,455700,4386,2188,2198
805,21,5,455800,1276,614,662
806,21,5,455900,2149,1087,1062
807,21,5,456000,752,376,376
808,21,5,456100,900,451,449
809,21,5,456200,585,280,305
810,21,5,456300,1070,565,505
811,21,5,456400,1035,520,515
812,21,5,456500,3378,1761,1617
813,21,5,456600,1302,676,626
814,21,5,456700,1087,544,543
815,21,5,456800,942,466,476
816,21,5,456900,3157,1581,1576
817,21,5,457000,3659,1799,1860
818,21,5,457100,952,487,465
819,21,5,457200,946,479,467
820,21,5,457300,1997,962,1035
821,21,5,457400,1774,981,793
822,21,5,457500,198,99,99
823,21,5,457600,243,110,133
824,21,5,457700,329,162,167
825,21,5,457800,473,225,248
826,21,5,457900,710,332,378
827,21,5,458000,1426,700,726
828,21,5,458100,13,4,9
829,21,5,458200,834,398,436
830,21,5,458300,369,171,198
831,21,5,458400,0,0,0
832,21,5,458500,100,48,52
833,21,5,458600,0,0,0
834,21,5,458700,485,240,245
835,21,5,458800,1667,875,792
836,21,5,458900,461,229,232
837,21,5,459000,1465,761,704
838,21,5,459100,1406,692,714
839,21,5,459200,4354,2238,2116
840,21,5,459300,509,238,271
841,21,5,459400,135,69,66
842,21,5,459500,1344,647,697
843,21,5,459600,451,225,226
844,21,5,459700,1102,566,536
845,21,5,459800,326,147,179
846,21,5,459900,281,147,134
847,21,5,460000,757,369,388
848,21,5,460100,600,182,418
849,21,5,460200,461,237,224
850,21,5,460300,891,440,451
851,21,5,460400,515,267,248
852,21,5,460500,1068,530,538
853,21,5,460600,565,288,277
854,21,5,460700,289,136,153
855,21,5,460800,216,94,122
856,21,5,460900,291,140,151
857,21,5,461000,1258,632,626
858,21,5,461100,989,516,473
859,21,5,461200,645,338,307
860,21,5,461300,14,9,5
861,21,5,461400,1128,543,585
862,21,5,461500,990,482,508
863,21,5,461600,714,361,353
864,21,5,461700,1441,712,729
865,21,5,461800,1392,687,705
866,21,5,461900,1499,772,727
867,21,5,462000,464,230,234
868,21,5,462100,380,198,182
869,21,5,462200,1668,836,832
870,21,5,462300,1703,868,835
871,21,5,462400,2162,1113,1049
872,21,5,462500,1327,639,688
873,21,5,462600,841,416,425
874,21,5,462700,359,168,191
875,21,5,462800,579,279,300
876,21,5,462900,336,190,146
877,21,5,463000,1365,681,684
878,21,5,463100,1478,708,770
879,21,5,463200,964,476,488
880,21,5,463300,146,82,64
881,21,5,463400,219,105,114
882,21,5,463500,1715,879,836
883,21,5,463600,8243,4231,4012
884,21,5,463700,998,489,509
885,21,5,463800,897,461,436
886,21,5,463900,315,153,162
887,21,5,464000,1551,819,732
888,21,5,464100,425,202,223
889,21,5,464200,526,261,265
890,21,5,464300,3145,1609,1536
891,21,5,464400,893,454,439
892,21,5,464500,354,167,187
893,21,5,464600,470,249,221
894,21,5,464700,316,159,157
895,21,5,464800,1504,767,737
896,21,5,464900,748,390,358
897,21,5,465000,1281,627,654
898,21,5,465100,566,266,300
899,21,5,465200,612,300,312
900,21,5,465300,965,463,502
901,21,5,465400,99,49,50
902,21,5,465500,949,458,491
903,21,5,465600,717,341,376
904,21,5,465700,732,354,378
905,21,5,465800,1349,668,681
906,21,5,465900,834,426,408
907,21,5,466000,1133,550,583
908,21,5,466100,144,66,78
909,21,5,466200,942,461,481
910,21,5,466300,639,314,325
911,21,5,466400,325,163,162
912,21,5,466500,418,203,215
913,21,5,466600,1545,804,741
914,21,5,466700,575,310,265
915,21,5,466800,1367,692,675
916,21,5,466900,2268,1157,1111
917,21,5,467000,3199,1516,1683
918,21,5,467100,324,166,158
919,21,5,467200,674,335,339
920,21,5,467300,620,292,328
921,21,5,467400,2032,1014,1018
922,21,5,467500,4805,2418,2387
923,21,5,467600,843,520,323
924,21,5,467700,2226,1149,1077
925,21,5,467800,480,245,235
926,21,5,467900,500,246,254
927,21,5,468000,852,426,426
928,21,5,468100,2249,1093,1156
929,21,5,468200,512,262,250
930,21,5,468300,1952,1007,945
931,21,5,468400,682,337,345
932,21,5,468500,539,267,272
933,21,5,468600,567,278,289
934,21,5,468700,1313,668,645
935,21,5,468800,1260,622,638
936,21,5,468900,0,0,0
937,21,5,469000,1895,944,951
938,21,5,469100,909,458,451
939,21,5,469200,1832,950,882
940,21,5,469300,3461,1747,1714
941,21,5,469400,1068,522,546
942,21,5,469500,1026,490,536
943,21,5,469600,1370,667,703
944,21,5,469700,1313,676,637
945,21,5,469800,1120,524,596
946,21,5,469900,1092,538,554
947,21,5,470000,690,367,323
948,21,5,470100,315,159,156
949,21,5,470200,502,265,237
950,21,5,470300,92,36,56
951,21,5,470400,770,360,410
952,21,5,470500,370,195,175
953,21,5,470600,2023,983,1040
954,21,5,470700,1505,764,741
955,21,5,470800,770,383,387
956,21,5,470900,405,198,207
957,21,5,471000,392,198,194
958,21,5,471100,935,455,480
959,21,5,471200,791,374,417
960,21,5,471300,892,440,452
961,21,5,471400,490,243,247
962,21,5,471500,473,217,256
963,21,5,471600,347,165,182
964,21,5,471700,1483,752,731
965,21,5,471800,47,14,33
966,21,5,471900,1186,601,585
967,21,5,472000,1132,547,585
968,21,5,472100,1290,665,625
969,21,5,472200,990,504,486
970,21,5,472300,752,370,382
971,21,5,472400,648,324,324
972,21,5,472500,717,359,358
973,21,5,472600,275,148,127
974,21,5,472700,213,109,104
975,21,5,472800,1397,712,685
976,21,5,472900,1255,620,635
977,21,5,473000,621,317,304
978,21,5,473100,4311,2189,2122
979,21,5,473200,2311,1156,1155
980,21,5,473300,1366,682,684
981,21,5,473400,843,430,413
982,21,5,473500,521,262,259
983,21,5,473600,958,464,494
984,21,5,473700,500,239,261
985,21,5,473800,399,189,210
986,21,5,473900,274,130,144
987,21,5,474000,665,326,339
988,21,5,474100,511,266,245
989,21,5,474200,807,403,404
990,21,5,474300,1004,497,507
991,21,5,474400,1023,508,515
992,21,5,474500,1729,869,860
993,21,5,474600,437,211,226
994,21,5,474700,334,163,171
995,21,5,474800,491,239,252
996,21,5,474900,968,462,506
997,21,5,475000,471,237,234
998,21,5,475100,677,338,339
999,21,5,475200,603,310,293
1000,21,5,475300,834,414,420
1001,21,5,475400,1909,942,967
1002,21,5,475500,919,454,465
1003,21,5,475600,686,338,348
1004,21,5,475700,1489,748,741
1005,21,5,475800,2039,1039,1000
1006,21,5,475900,818,434,384
1007,21,5,476000,433,221,212
1008,21,5,476100,610,281,329
1009,21,5,476200,121,54,67
1010,21,5,476300,588,407,181
1011,21,5,476400,546,262,284
1012,21,5,476500,256,127,129
1013,21,5,476600,1050,529,521
1014,21,5,476700,862,398,464
1015,21,5,476800,838,439,399
1016,21,5,476900,709,361,348
1017,21,5,477000,893,451,442
1018,21,5,477100,566,283,283
1019,21,5,477200,736,372,364
1020,21,5,477300,378,180,198
1021,21,5,477400,1076,513,563
1022,21,5,477500,878,437,441
1023,21,5,477600,1076,539,537
1024,21,5,477700,728,434,294
1025,21,5,477800,513,236,277
1026,21,5,477900,265,126,139
1027,21,5,478000,20,12,8
1028,21,5,478100,1106,546,560
1029,21,5,478200,254,126,128
1030,21,5,478300,453,243,210
1031,21,5,478400,0,0,0
1032,21,5,478500,1357,696,661
1033,21,5,478600,1267,636,631
1034,21,5,478700,316,159,157
1035,21,5,478800,1629,809,820
1036,21,5,478900,1418,702,716
1037,21,5,479000,1660,829,831
1038,21,5,479100,2347,1164,1183
1039,21,5,479200,575,291,284
1040,21,5,479300,1509,720,789
1041,21,5,479400,500,244,256
1042,21,5,479500,819,443,376
1043,21,5,479600,1426,734,692
1044,21,5,479700,1590,738,852
1045,21,5,479800,2046,1026,1020
1046,21,5,479900,720,388,332
1047,21,5,480000,2558,1300,1258
1048,21,5,480100,1106,584,522
1049,21,5,480200,585,301,284
1050,21,5,480300,1518,759,759
1051,21,5,480400,1740,870,870
1052,21,5,480500,3178,1703,1475
1053,21,5,480600,710,346,364
1054,21,5,480700,888,440,448
1055,21,5,480800,1227,616,611
1056,21,5,480900,307,148,159
1057,21,5,481000,591,293,298
1058,21,5,481100,1358,657,701
1059,21,5,481200,174,86,88
1060,21,5,481300,448,226,222
1061,21,5,481400,471,229,242
1062,21,5,481500,4892,2473,2419
1063,21,5,481600,455,237,218
1064,21,5,481700,397,186,211
1065,21,5,481800,1819,1084,735
1066,21,5,481900,2364,1168,1196
1067,21,5,482000,2052,1004,1048
1068,21,5,482100,1660,842,818
1069,21,5,482200,263,135,128
1070,21,5,482300,396,191,205
1071,21,5,482400,656,324,332
1072,21,5,482500,561,301,260
1073,21,5,482600,1866,979,887
1074,21,5,482700,958,466,492
1075,21,5,482800,1599,809,790
1076,21,5,482900,1303,656,647
1077,21,5,483000,730,371,359
1078,21,5,483100,2346,1165,1181
1079,21,5,483200,897,433,464
1080,21,5,483300,714,364,350
1081,21,5,483400,1533,776,757
1082,21,5,483500,552,279,273
1083,21,5,483600,220,102,118
1084,21,5,483700,2447,1255,1192
1085,21,5,483800,525,248,277
1086,21,5,483900,779,380,399
1087,21,5,484000,1323,670,653
1088,21,5,484100,281,131,150
1089,21,5,484200,482,243,239
1090,21,5,484300,48,32,16
1091,21,5,484400,2161,1155,1006
1092,21,5,484500,1294,676,618
1093,21,5,484600,2377,1222,1155
1094,21,5,484700,1841,956,885
1095,21,5,484800,1805,900,905
1096,21,5,484900,1267,667,600
1097,21,5,485000,1884,910,974
1098,21,5,485100,2005,925,1080
1099,21,5,485200,396,192,204
1100,21,5,485300,3961,2062,1899
1101,21,5,485400,1013,520,493
1102,21,5,485500,355,168,187
1103,21,5,485600,913,469,444
1104,21,5,485700,3100,1536,1564
1105,21,5,485800,727,343,384
1106,21,5,485900,1725,870,855
1107,21,5,486000,1553,788,765
1108,21,5,486100,854,453,401
1109,21,5,486200,2355,1174,1181
1110,21,5,486300,1445,729,716
1111,21,5,486400,412,210,202
1112,21,5,486500,2128,1039,1089
1113,21,5,486600,4210,2003,2207
1114,21,5,486700,409,216,193
1115,21,5,486800,476,247,229
1116,21,5,486900,511,245,266
1117,21,5,487000,630,311,319
1118,21,5,487100,1357,648,709
1119,21,5,487200,1393,722,671
1120,21,5,487300,1063,540,523
1121,21,5,487400,2267,1128,1139
1122,21,5,487500,409,207,202
1123,21,5,487600,758,369,389
1124,21,5,487700,22,13,9
1125,21,5,487800,3235,1633,1602
1126,21,5,487900,365,183,182
1127,21,5,488000,1192,613,579
1128,21,5,488100,2329,1185,1144
1129,21,5,488200,513,279,234
1130,21,5,488300,401,195,206
1131,21,5,488400,1015,516,499
1132,21,5,488500,1067,539,528
1133,21,5,488600,860,445,415
1134,21,5,488700,1492,765,727
1135,21,5,488800,4192,2164,2028
1136,21,5,488900,968,508,460
1137,21,5,489000,652,318,334
1138,21,5,489100,637,316,321
1139,21,5,489200,763,374,389
1140,21,5,489300,1129,542,587
1141,21,5,489400,332,175,157
1142,21,5,489500,511,263,248
1143,21,5,489600,502,252,250
1144,21,5,489700,1014,521,493
1145,21,5,489800,1212,616,596
1146,21,5,489900,239,114,125
1147,21,5,490000,273,131,142
1148,21,5,490100,265,137,128
1149,21,5,490200,131,73,58
1150,21,5,490300,226,110,116
1151,21,5,490400,301,154,147
1152,21,5,490500,72,30,42
1153,21,5,490600,424,216,208
1154,21,5,490700,940,479,461
1155,21,5,490800,1249,634,615
1156,21,5,490900,154,76,78
1157,21,5,491000,1221,613,608
1158,21,5,491100,189,91,98
1159,21,5,491200,0,0,0
1160,21,5,491300,1329,628,701
1161,21,5,491400,983,506,477
1162,21,5,491500,2143,1043,1100
1163,21,5,491600,270,138,132
1164,21,5,491700,1259,630,629
1165,21,5,491800,1075,534,541
1166,21,5,491900,540,257,283
1167,21,5,492000,643,299,344
1168,21,5,492100,415,207,208
1169,21,5,492200,168,87,81
1170,21,5,492300,1078,552,526
1171,21,5,492400,1554,828,726
1172,21,5,492500,481,218,263
1173,21,5,492600,1059,534,525
1174,21,5,492700,0,0,0
1175,21,5,492800,747,374,373
1176,21,5,492900,712,352,360
1177,21,5,493000,546,274,272
1178,21,5,493100,714,346,368
1179,21,5,493200,710,343,367
1180,21,5,493300,227,118,109
1181,21,5,493400,1034,512,522
1182,21,5,493500,667,323,344
1183,21,5,493600,832,425,407
1184,21,5,493700,216,119,97
1185,21,5,493800,352,164,188
1186,21,5,493900,425,208,217
1187,21,5,494000,380,177,203
1188,21,5,494100,738,376,362
1189,21,5,494200,701,353,348
1190,21,5,494300,773,408,365
1191,21,5,494400,1239,595,644
1192,21,5,494500,323,165,158
1193,21,5,494600,547,283,264
1194,21,5,494700,176,84,92
1195,21,5,494800,1441,738,703
1196,21,5,494900,111,51,60
1197,21,5,495000,0,0,0
1198,21,5,495100,94,48,46
1199,21,5,495200,261,136,125
1200,21,5,495300,2240,1104,1136
1201,21,5,495400,364,175,189
1202,21,5,495500,540,257,283
1203,21,5,495600,78,42,36
1204,21,5,495700,388,184,204
1205,21,5,495800,191,92,99
1206,21,5,495900,200,105,95
1207,21,5,496000,482,225,257
1208,21,5,496100,521,258,263
1209,21,5,496200,127,60,67
1210,21,5,496300,713,352,361
1211,21,5,496400,555,297,258
1212,21,5,496500,793,412,381
1213,21,5,496600,1003,490,513
1214,21,5,496700,803,406,397
1215,21,5,496800,1072,530,542
1216,21,5,496900,845,417,428
1217,21,5,497000,583,297,286
1218,21,5,497100,1211,650,561
1219,21,5,497200,548,266,282
1220,21,5,497300,638,314,324
1221,21,5,497400,509,239,270
1222,21,5,497500,1385,673,712
1223,21,5,497600,292,146,146
1224,21,5,497700,1361,684,677
1225,21,5,497800,2104,1060,1044
1226,21,5,497900,803,385,418
1227,21,5,498000,934,463,471
1228,21,5,498100,1364,681,683
1229,21,5,498200,323,184,139
1230,21,5,498300,1401,710,691
1231,21,5,498400,637,320,317
1232,21,5,498500,579,287,292
1233,21,5,498600,814,398,416
1234,21,5,498700,265,139,126
1235,21,5,498800,27,14,13
1236,21,5,498900,1312,668,644
1237,21,5,499000,437,226,211
1238,21,5,499100,591,291,300
1239,21,5,499200,1964,1013,951
1240,21,5,499300,527,274,253
1241,21,5,499400,337,177,160
1242,21,5,499500,570,287,283
1243,21,5,499600,552,275,277
1244,21,5,499700,738,353,385
1245,21,5,499800,1942,1039,903
1246,21,5,499900,997,502,495
1247,21,5,500000,443,219,224
1248,21,5,500100,309,166,143
1249,21,5,500200,99,48,51
1250,21,5,500300,271,136,135
1251,21,5,500400,509,275,234
1252,21,5,500500,807,406,401
1253,21,5,500600,399,208,191
1254,21,5,500700,290,149,141
1255,21,5,500800,500,248,252
1256,21,5,500900,676,346,330
1257,21,5,501000,546,273,273
1258,21,5,501100,800,390,410
1259,21,5,501200,1962,1101,861
1260,21,5,501300,1041,515,526
1261,21,5,501400,767,385,382
1262,21,5,501500,606,318,288
1263,21,5,501600,2199,1115,1084
1264,21,5,501700,571,289,282
1265,21,5,501800,405,200,205
1266,21,5,501900,851,396,455
1267,21,5,502000,0,0,0
1268,21,5,502100,3065,1641,1424
1269,21,5,502200,1206,618,588
1270,21,5,502300,2991,1638,1353
1271,21,5,502400,374,213,161
1272,21,5,502500,579,320,259
1273,21,5,502600,1071,499,572
1274,21,5,502700,870,401,469
1275,21,5,502800,1212,604,608
1276,21,5,502900,819,394,425
1277,21,5,503000,875,453,422
1278,21,5,503100,846,457,389
1279,21,5,503200,327,156,171
1280,21,5,503300,570,300,270
1281,21,5,503400,834,430,404
1282,21,5,503500,127,69,58
1283,21,5,503600,517,273,244
1284,21,5,503700,1401,709,692
1285,21,5,503800,0,0,0
1286,21,5,503900,256,129,127
1287,21,5,504000,905,452,453
1288,21,5,504100,234,123,111
1289,21,5,504200,153,76,77
1290,21,5,504300,193,100,93
1291,21,5,504400,1599,783,816
1292,21,5,504500,75,41,34
1293,21,5,504600,237,114,123
1294,21,5,504700,132,72,60
1295,21,5,504800,0,0,0
1296,21,5,504900,979,490,489
1297,21,5,505000,283,148,135
1298,21,5,505100,692,345,347
1299,21,5,505200,342,168,174
1300,21,5,505300,773,360,413
1301,21,5,505400,6424,3376,3048
1302,21,5,505500,825,387,438
1303,21,5,505600,502,237,265
1304,21,5,505700,301,141,160
1305,21,5,505800,502,249,253
1306,21,5,505900,1003,538,465
1307,21,5,506000,1403,692,711
1308,21,5,506100,1215,658,557
1309,21,5,506200,364,190,174
1310,21,5,506300,204,113,91
1311,21,5,506400,335,168,167
1312,21,5,506500,231,104,127
1313,21,5,506600,138,66,72
1314,21,5,506700,419,226,193
1315,21,5,506800,425,208,217
1316,21,5,506900,472,256,216
1317,21,5,507000,1050,546,504
1318,21,5,507100,0,0,0
1319,21,5,507200,589,271,318
1320,21,5,507300,498,257,241
1321,21,5,507400,239,121,118
1322,21,5,507500,531,261,270
1323,21,5,507600,416,190,226
1324,21,5,507700,709,351,358
1325,21,5,507800,810,383,427
1326,21,5,507900,886,453,433
1327,21,5,508000,745,374,371
1328,21,5,508100,439,222,217
1329,21,5,508200,324,164,160
1330,21,5,508300,827,405,422
1331,21,5,508400,343,155,188
1332,21,5,508500,181,100,81
1333,21,5,508600,168,85,83
1334,21,5,508700,333,168,165
1335,21,5,508800,776,390,386
1336,21,5,508900,513,265,248
1337,21,5,509000,538,248,290
1338,21,5,509100,392,192,200
1339,21,5,509200,389,195,194
1340,21,5,509300,102,41,61
1341,21,5,509400,77,36,41
1342,21,5,509500,592,283,309
1343,21,5,509600,42,20,22
1344,21,5,509700,667,318,349
1345,21,5,509800,0,0,0
1346,21,5,509900,448,240,208
1347,21,5,510000,123,58,65
1348,21,5,510100,1865,925,940
1349,21,5,510200,2161,1051,1110
1350,21,5,510300,280,127,153
1351,21,5,510400,772,390,382
1352,21,5,510500,705,343,362
1353,21,5,510600,300,149,151
1354,21,5,510700,396,190,206
1355,21,5,510800,985,511,474
1356,21,5,510900,81,37,44
1357,21,5,511000,341,183,158
1358,21,5,511100,13,4,9
1359,21,5,511200,112,57,55
1360,21,5,511300,399,193,206
1361,21,5,511400,1230,625,605
1362,21,5,511500,773,367,406
1363,21,5,511600,323,164,159
1364,21,5,511700,686,345,341
1365,21,5,511800,902,458,444
1366,21,5,511900,766,388,378
1367,21,5,512000,521,258,263
1368,21,5,512100,93,50,43
1369,21,5,512200,1703,893,810
1370,21,5,512300,1024,534,490
1371,21,5,512400,1192,619,573
1372,21,5,512500,270,144,126
1373,21,5,512600,155,72,83
1374,21,5,512700,156,75,81
1375,21,5,512800,225,122,103
1376,21,5,512900,288,135,153
1377,21,5,513000,146,66,80
1378,21,5,513100,245,123,122
1379,21,5,513200,417,221,196
1380,21,5,513300,802,388,414
1381,21,5,513400,761,370,391
1382,21,5,513500,0,0,0
1383,21,5,513600,774,369,405
1384,21,5,513700,10,5,5
1385,21,5,513800,144,72,72
1386,21,5,513900,50,31,19
1387,21,5,514000,491,243,248
1388,21,5,514100,864,448,416
1389,21,5,514200,1042,549,493
1390,21,5,514300,598,311,287
1391,21,5,514400,370,192,178
1392,21,5,514500,1347,640,707
1393,21,5,514600,182,92,90
1394,21,5,514700,618,325,293
1395,21,5,514800,119,64,55
1396,21,5,514900,604,289,315
1397,21,5,515000,622,337,285
1398,21,5,515100,310,148,162
1399,21,5,515200,424,189,235
1400,21,5,515300,723,239,484
1401,21,5,515400,210,96,114
1402,21,5,515500,673,323,350
1403,21,5,515600,58,30,28
1404,21,5,515700,101,63,38
1405,21,5,515800,45,20,25
1406,21,5,515900,132,76,56
1407,21,5,516000,0,0,0
1408,21,5,516100,588,301,287
1409,21,5,516200,364,191,173
1410,21,5,516300,90,41,49
1411,21,5,516400,208,99,109
1412,21,5,516500,266,145,121
1413,21,5,516600,622,296,326
1414,21,5,516700,192,85,107
1415,21,5,516800,4,2,2
1416,21,5,516900,1039,531,508
1417,21,5,517000,843,424,419
1418,21,5,517100,231,105,126
1419,21,5,517200,271,122,149
1420,21,5,517300,415,208,207
1421,21,5,517400,341,166,175
1422,21,5,517500,77,42,35
1423,21,5,517600,290,136,154
1424,21,5,517700,401,208,193
1425,21,5,517800,352,154,198
1426,21,5,517900,1048,506,542
1427,21,5,518000,246,118,128
1428,21,5,518100,487,245,242
1429,21,5,518200,535,271,264
1430,21,5,518300,323,149,174
1431,21,5,518400,345,171,174
1432,21,5,518500,140,76,64
1433,21,5,518600,55,27,28
1434,21,5,518700,790,400,390
1435,21,5,518800,737,369,368
1436,21,5,518900,31,18,13
1437,21,5,519000,355,176,179
1438,21,5,519100,182,93,89
1439,21,5,519200,120,55,65
1440,21,5,519300,247,120,127
1441,21,5,519400,240,119,121
1442,21,5,519500,446,236,210
1443,21,5,519600,261,137,124
1444,21,5,519700,247,129,118
1445,21,5,519800,809,389,420
1446,21,5,519900,711,365,346
1447,21,5,520000,668,344,324
1448,21,5,520100,586,282,304
1449,21,5,520200,333,162,171
1450,21,5,520300,1644,836,808
1451,21,5,520400,575,272,303
1452,21,5,520500,1737,875,862
1453,21,5,520600,819,389,430
1454,21,5,520700,717,371,346
1455,21,5,520800,873,436,437
1456,21,5,520900,156,78,78
1457,21,5,521000,555,274,281
1458,21,5,521100,767,379,388
1459,21,5,521200,252,126,126
1460,21,5,521300,616,309,307
1461,21,5,521400,126,57,69
1462,21,5,521500,2202,1106,1096
1463,21,5,521600,3594,1860,1734
1464,21,5,521700,146,72,74
1465,21,5,521800,520,252,268
1466,21,5,521900,443,228,215
1467,21,5,522000,189,99,90
1468,21,5,522100,244,110,134
1469,21,5,522200,451,234,217
1470,21,5,522300,105,49,56
1471,21,5,522400,1037,508,529
1472,21,5,522500,245,122,123
1473,21,5,522600,755,373,382
1474,21,5,522700,94,38,56
1475,21,5,522800,243,127,116
1476,21,5,522900,768,401,367
1477,21,5,523000,654,343,311
1478,21,5,523100,185,95,90
1479,21,5,523200,181,100,81
1480,21,5,523300,283,145,138
1481,21,5,523400,66,28,38
1482,21,5,523500,489,229,260
1483,21,5,523600,113,49,64
1484,21,5,523700,718,354,364
1485,21,5,523800,117,60,57
1486,21,5,523900,229,108,121
1487,21,5,524000,661,309,352
1488,21,5,524100,433,211,222
1489,21,5,524200,101,55,46
1490,21,5,524300,74,39,35
1491,21,5,524400,9,5,4
1492,21,5,524500,1597,759,838
1493,21,5,524600,3121,1545,1576
1494,21,5,524700,237,122,115
1495,21,5,524800,30,13,17
1496,21,5,524900,229,111,118
1497,21,5,525000,944,476,468
1498,21,5,525100,29,15,14
1499,21,5,525200,444,209,235
1500,21,5,525300,629,315,314
1501,21,5,525400,571,305,266
1502,21,5,525500,104,50,54
1503,21,5,525600,820,488,332
1504,21,5,525700,254,123,131
1505,21,5,525800,785,380,405
1506,21,5,525900,825,416,409
1507,21,5,526000,922,463,459
1508,21,5,526100,226,120,106
1509,21,5,526200,309,159,150
1510,21,5,526300,168,77,91
1511,21,5,526400,335,147,188
1512,21,5,526500,495,226,269
1513,21,5,526600,1242,625,617
1514,21,5,526700,765,379,386
1515,21,5,526800,278,137,141
1516,21,5,526900,359,171,188
1517,21,5,527000,65,29,36
1518,21,5,527100,158,81,77
1519,21,5,527200,163,87,76
1520,21,5,527300,145,75,70
1521,21,5,527400,819,388,431
1522,21,5,527500,74,47,27
1523,21,5,527600,329,159,170
1524,21,5,527700,583,280,303
1525,21,5,527800,383,200,183
1526,21,5,527900,559,287,272
1527,21,5,528000,583,290,293
1528,21,5,528100,611,292,319
1529,21,5,528200,325,146,179
1530,21,5,528300,81,38,43
1531,21,5,528400,100,50,50
1532,21,5,528500,1240,632,608
1533,21,5,528600,0,0,0
1534,21,5,528700,100,51,49
1535,21,5,528800,1874,941,933
1536,21,5,528900,344,166,178
1537,21,5,529000,687,318,369
1538,21,5,529100,27,14,13
1539,21,5,529200,258,131,127
1540,21,5,529300,283,149,134
1541,21,5,529400,437,199,238
1542,21,5,529500,566,275,291
1543,21,5,529600,814,409,405
1544,21,5,529700,646,328,318
1545,21,5,529800,265,141,124
1546,21,5,529900,342,155,187
1547,21,5,530000,1551,784,767
1548,21,5,530100,239,121,118
1549,21,5,530200,262,131,131
1550,21,5,530300,382,172,210
1551,21,5,530400,418,203,215
1552,21,5,530500,118,63,55
1553,21,5,530600,132,67,65
1554,21,5,530700,709,342,367
1555,21,5,530800,1079,540,539
1556,21,5,530900,421,220,201
1557,21,5,531000,2278,1141,1137
1558,21,5,531100,1215,631,584
1559,21,5,531200,951,470,481
1560,21,5,531300,480,226,254
1561,21,5,531400,428,204,224
1562,21,5,531500,1783,887,896
1563,21,5,531600,1622,806,816
1564,21,5,531700,287,137,150
1565,21,5,531800,326,162,164
1566,21,5,531900,1962,994,968
1567,21,5,532000,482,231,251
1568,21,5,532100,806,434,372
1569,21,5,532200,279,147,132
1570,21,5,532300,1186,610,576
1571,21,5,532400,270,137,133
1572,21,5,532500,193,93,100
1573,21,5,532600,20,12,8
1574,21,5,532700,439,235,204
1575,21,5,532800,234,126,108
1576,21,5,532900,1293,668,625
1577,21,5,533000,210,90,120
1578,21,5,533100,55,30,25
1579,21,5,533200,155,82,73
1580,21,5,533300,2914,1423,1491
1581,21,5,533400,1097,538,559
1582,21,5,533500,100,41,59
1583,21,5,533600,104,48,56
1584,21,5,533700,647,311,336
1585,21,5,533800,1246,627,619
1586,21,5,533900,296,139,157
1587,21,5,534000,363,171,192
1588,21,5,534100,12,5,7
1589,21,5,534200,85,38,47
1590,21,5,534300,602,292,310
1591,21,5,534400,803,409,394
1592,21,5,534500,381,180,201
1593,21,5,534600,274,138,136
1594,21,5,534700,542,258,284
1595,21,5,534800,391,202,189
1596,21,5,534900,708,364,344
1597,21,5,535000,307,147,160
1598,21,5,535100,497,247,250
1599,21,5,535200,416,220,196
1600,21,5,535300,329,172,157
1601,21,5,535400,147,68,79
1602,21,5,535500,1200,597,603
1603,21,5,535600,50,23,27
1604,21,5,535700,51,27,24
1605,21,5,535800,109,57,52
1606,21,5,535900,347,180,167
1607,21,5,536000,4,2,2
1608,21,5,536100,234,117,117
1609,21,5,536200,400,199,201
1610,21,5,536300,311,148,163
1611,21,5,536400,585,288,297
1612,21,5,536500,146,72,74
1613,21,5,536600,488,252,236
1614,21,5,536700,535,261,274
1615,21,5,536800,81,39,42
1616,21,5,536900,1555,761,794
1617,21,5,537000,327,165,162
1618,21,5,537100,131,67,64
1619,21,5,537200,846,431,415
1620,21,5,537300,389,190,199
1621,21,5,537400,32,13,19
1622,21,5,537500,363,171,192
1623,21,5,537600,774,407,367
1624,21,5,537700,703,345,358
1625,21,5,537800,281,136,145
1626,21,5,537900,756,398,358
1627,21,5,538000,794,401,393
1628,21,5,538100,1370,699,671
1629,21,5,538200,406,207,199
1630,21,5,538300,78,38,40
1631,21,5,538400,2373,1204,1169
1632,21,5,538500,7876,4137,3739
1633,21,5,538600,362,171,191
1634,21,5,538700,0,0,0
1635,21,5,538800,0,0,0
1636,21,5,538900,1242,598,644
1637,21,5,539000,84,47,37
1638,21,5,539100,101,58,43
1639,21,5,539200,317,150,167
1640,21,5,539300,836,412,424
1641,21,5,539400,162,76,86
1642,21,5,539500,0,0,0
1643,21,5,539600,22,12,10
1644,21,5,539700,90,41,49
1645,21,5,539800,641,315,326
1646,21,5,539900,355,184,171
1647,21,5,540000,319,168,151
1648,21,5,540100,335,162,173
1649,21,5,540200,601,300,301
1650,21,5,540300,78,46,32
1651,21,5,540400,45,24,21
1652,21,5,540500,311,150,161
1653,21,5,540600,228,105,123
1654,21,5,540700,1087,544,543
1655,21,5,540800,11,5,6
1656,21,5,540900,479,238,241
1657,21,5,541000,193,108,85
1658,21,5,541100,994,491,503
1659,21,5,541200,263,145,118
1660,21,5,541300,0,0,0
1661,21,5,541400,897,418,479
1662,21,5,541500,149,75,74
1663,21,5,541600,580,292,288
1664,21,5,541700,1210,589,621
1665,21,5,541800,90,41,49
1666,21,5,541900,864,427,437
1667,21,5,542000,174,82,92
1668,21,5,542100,2602,1335,1267
1669,21,5,542200,1329,645,684
1670,21,5,542300,0,0,0
1671,21,5,542400,139,64,75
1672,21,5,542500,235,103,132
1673,21,5,542600,110,55,55
1674,21,5,542700,601,302,299
1675,21,5,542800,325,157,168
1676,21,5,542900,1281,661,620
1677,21,5,543000,0,0,0
1678,21,5,543100,649,299,350
1679,21,5,543200,39,19,20
1680,21,5,543300,833,421,412
1681,21,5,543400,0,0,0
1682,21,5,543500,23,12,11
1683,21,5,543600,594,308,286
1684,21,5,543700,0,0,0
1685,21,5,543800,454,229,225
1686,21,5,543900,1284,661,623
1687,21,5,544000,0,0,0
1688,21,5,544100,0,0,0
1689,21,5,544200,309,155,154
1690,21,5,544300,324,157,167
1691,21,5,544400,1980,1022,958
1692,21,5,544500,732,373,359
1693,21,5,544600,702,352,350
1694,21,5,544700,405,213,192
1695,21,5,544800,726,361,365
1696,21,5,544900,811,400,411
1697,21,5,545000,211,109,102
1698,21,5,545100,102,57,45
1699,21,5,545200,506,256,250
1700,21,5,545300,168,84,84
1701,21,5,545400,274,137,137
1702,21,5,545500,814,409,405
1703,21,5,545600,113,55,58
1704,21,5,545700,220,94,126
1705,21,5,545800,112,57,55
1706,21,5,545900,86,41,45
1707,21,5,546000,1004,473,531
1708,21,5,546100,51,21,30
1709,21,5,546200,1683,854,829
1710,21,5,546300,1546,757,789
1711,21,5,546400,0,0,0
1712,21,5,546500,1912,978,934
1713,21,5,546600,1841,941,900
1714,21,5,546700,371,189,182
1715,21,5,546800,457,216,241
1716,21,5,546900,734,352,382
1717,21,5,547000,0,0,0
1718,21,5,547100,1054,516,538
1719,21,5,547200,704,346,358
1720,21,5,547300,672,314,358
1721,21,5,547400,27,15,12
1722,21,5,547500,408,198,210
1723,21,5,547600,68,31,37
1724,21,5,547700,1641,827,814
1725,21,5,547800,270,132,138
1726,21,5,547900,323,162,161
1727,21,5,548000,302,153,149
1728,21,5,548100,405,193,212
1729,21,5,548200,1477,748,729
1730,21,5,548300,275,130,145
1731,21,5,548400,287,148,139
1732,21,5,548500,1177,598,579
1733,21,5,548600,788,403,385
1734,21,5,548700,2032,1116,916
1735,21,5,548800,728,372,356
1736,21,5,548900,699,367,332
1737,21,5,549000,448,222,226
1738,21,5,549100,69,37,32
1739,21,5,549200,149,68,81
1740,21,5,549300,484,236,248
1741,21,5,549400,779,373,406
1742,21,5,549500,640,327,313
1743,21,5,549600,424,208,216
1744,21,5,549700,1776,901,875
1745,21,5,549800,1149,574,575
1746,21,5,549900,1001,488,513
1747,21,5,550000,318,148,170
1748,21,5,550100,770,371,399
1749,21,5,550200,76,38,38
1750,21,5,550300,21,6,15
1751,21,5,550400,81,39,42
1752,21,5,550500,72,38,34
1753,21,5,550600,67,33,34
1754,21,5,550700,95,42,53
1755,21,5,550800,332,167,165
1756,21,5,550900,515,245,270
1757,21,5,551000,555,271,284
1758,21,5,551100,676,328,348
1759,21,5,551200,559,292,267
1760,21,5,551300,389,173,216
1761,21,5,551400,685,333,352
1762,21,5,551500,1057,524,533
1763,21,5,551600,221,123,98
