,Statecode,Districtcode,VillageCode,Population,Males,Females
0,21,387,2877900,6652,3404,3248
1,21,387,2878000,1031,527,504
2,21,387,2878100,2615,1314,1301
3,21,387,2878200,2367,1218,1149
4,21,387,2878300,0,0,0
5,21,387,2878400,184,89,95
6,21,387,2878500,0,0,0
7,21,387,2878600,219,116,103
8,21,387,2878700,156,79,77
9,21,387,2878800,836,427,409
10,21,387,2878900,590,290,300
11,21,387,2879000,1292,658,634
12,21,387,2879100,237,121,116
13,21,387,2879200,1822,942,880
14,21,387,2879300,264,129,135
15,21,387,2879400,82,40,42
16,21,387,2879500,1842,920,922
17,21,387,2879600,1188,603,585
18,21,387,2879700,1126,580,546
19,21,387,2879800,678,321,357
20,21,387,2879900,568,313,255
21,21,387,2880000,323,138,185
22,21,387,2880100,16,7,9
23,21,387,2880200,1507,770,737
24,21,387,2880300,2644,1373,1271
25,21,387,2880400,3501,1793,1708
26,21,387,2880500,0,0,0
27,21,387,2880600,644,326,318
28,21,387,2880700,1345,683,662
29,21,387,2880800,1188,595,593
30,21,387,2880900,1003,514,489
31,21,387,2881000,45,22,23
32,21,387,2881100,1256,644,612
33,21,387,2881200,1951,966,985
34,21,387,2881300,1210,586,624
35,21,387,2881400,1330,648,682
36,21,387,2881500,1800,910,890
37,21,387,2881600,843,421,422
38,21,387,2881700,464,220,244
39,21,387,2881800,883,437,446
40,21,387,2881900,638,311,327
41,21,387,2882000,1012,498,514
42,21,387,2882100,481,226,255
43,21,387,2882200,2282,1125,1157
44,21,387,2882300,1736,886,850
45,21,387,2882400,601,313,288
46,21,387,2882500,991,523,468
47,21,387,2882600,1057,518,539
48,21,387,2882700,894,442,452
49,21,387,2882800,400,203,197
50,21,387,2882900,464,228,236
51,21,387,2883000,1456,745,711
52,21,387,2883100,884,459,425
53,21,387,2883200,156,80,76
54,21,387,2883300,174,89,85
55,21,387,2883400,0,0,0
56,21,387,2883500,547,267,280
57,21,387,2883600,4920,2508,2412
58,21,387,2883700,331,166,165
59,21,387,2883800,1292,642,650
60,21,387,2883900,1239,639,600
61,21,387,2884000,563,282,281
62,21,387,2884100,499,256,243
63,21,387,2884200,1087,534,553
64,21,387,2884300,2210,1067,1143
65,21,387,2884400,128,68,60
66,21,387,2884500,895,442,453
67,21,387,2884600,1051,522,529
68,21,387,2884700,267,129,138
69,21,387,2884800,2685,1301,1384
70,21,387,2884900,687,343,344
71,21,387,2885000,969,466,503
72,21,387,2885100,1174,552,622
73,21,387,2885200,1537,784,753
74,21,387,2885300,448,215,233
75,21,387,2885400,284,128,156
76,21,387,2885500,568,292,276
77,21,387,2885600,650,321,329
78,21,387,2885700,2832,1408,1424
79,21,387,2885800,1083,556,527
80,21,387,2885900,2257,1144,1113
81,21,387,2886000,160,87,73
82,21,387,2886100,223,117,106
83,21,387,2886200,844,400,444
84,21,387,2886300,1958,954,1004
85,21,387,2886400,1127,575,552
86,21,387,2886500,0,0,0
87,21,387,2886600,740,382,358
88,21,387,2886700,0,0,0
89,21,387,2886800,1474,751,723
90,21,387,2886900,355,184,171
91,21,387,2887000,185,90,95
92,21,387,2887100,61,30,31
93,21,387,2887200,149,64,85
94,21,387,2887300,272,132,140
95,21,387,2887400,1453,725,728
96,21,387,2887500,725,349,376
97,21,387,2887600,306,160,146
98,21,387,2887700,476,234,242
99,21,387,2887800,788,390,398
100,21,387,2887900,1577,814,763
101,21,387,2888000,1215,601,614
102,21,387,2888100,697,364,333
103,21,387,2888200,2656,1351,1305
104,21,387,2888300,1691,845,846
105,21,387,2888400,2165,1064,1101
106,21,387,2888500,177,91,86
107,21,387,2888600,402,199,203
108,21,387,2888700,290,149,141
109,21,387,2888800,1791,881,910
110,21,387,2888900,452,214,238
111,21,387,2889000,0,0,0
112,21,387,2889100,1127,558,569
113,21,387,2889200,790,407,383
114,21,387,2889300,2417,1188,1229
115,21,387,2889400,529,263,266
116,21,387,2889500,438,205,233
117,21,387,2889600,0,0,0
118,21,387,2889700,786,394,392
119,21,387,2889800,219,107,112
120,21,387,2889900,421,224,197
121,21,387,2890000,46,25,21
122,21,387,2890100,72,35,37
123,21,387,2890200,1170,610,560
124,21,387,2890300,204,102,102
125,21,387,2890400,208,103,105
126,21,387,2890500,863,442,421
127,21,387,2890600,445,213,232
128,21,387,2890700,388,198,190
129,21,387,2890800,780,411,369
130,21,387,2890900,365,184,181
131,21,387,2891000,650,335,315
132,21,387,2891100,1007,508,499
133,21,387,2891200,873,432,441
134,21,387,2891300,1803,939,864
135,21,387,2891400,2381,1217,1164
136,21,387,2891500,546,290,256
137,21,387,2891600,389,197,192
138,21,387,2891700,1246,630,616
139,21,387,2891800,942,490,452
140,21,387,2891900,2049,1015,1034
141,21,387,2892000,410,205,205
142,21,387,2892100,898,466,432
143,21,387,2892200,292,145,147
144,21,387,2892300,11,4,7
145,21,387,2892400,0,0,0
146,21,387,2892500,929,479,450
147,21,387,2892600,976,522,454
148,21,387,2892700,776,398,378
149,21,387,2892800,641,349,292
150,21,387,2892900,1589,857,732
151,21,387,2893000,892,468,424
152,21,387,2893100,0,0,0
153,21,387,2893200,132,68,64
154,21,387,2893300,475,249,226
155,21,387,2893400,1151,611,540
156,21,387,2893500,370,200,170
157,21,387,2893600,605,305,300
158,21,387,2893700,1640,848,792
159,21,387,2893800,2221,1137,1084
160,21,387,2893900,1218,603,615
161,21,387,2894000,1121,568,553
162,21,387,2894100,1365,680,685
163,21,387,2894200,1546,767,779
164,21,387,2894300,1503,749,754
165,21,387,2894400,684,335,349
166,21,387,2894500,879,437,442
167,21,387,2894600,362,198,164
168,21,387,2894700,406,197,209
169,21,387,2894800,238,130,108
170,21,387,2894900,204,101,103
171,21,387,2895000,857,442,415
172,21,387,2895100,616,307,309
173,21,387,2895200,362,175,187
174,21,387,2895300,171,92,79
175,21,387,2895400,0,0,0
176,21,387,2895500,3280,1692,1588
177,21,387,2895600,399,188,211
178,21,387,2895700,1169,563,606
179,21,387,2895800,34,16,18
180,21,387,2895900,321,170,151
181,21,387,2896000,862,430,432
182,21,387,2896100,58,25,33
183,21,387,2896200,140,78,62
184,21,387,2896300,245,128,117
185,21,387,2896400,787,370,417
186,21,387,2896500,631,326,305
187,21,387,2896600,537,278,259
188,21,387,2896700,949,474,475
189,21,387,2896800,203,112,91
190,21,387,2896900,552,272,280
191,21,387,2897000,0,0,0
192,21,387,2897100,0,0,0
193,21,387,2897200,972,497,475
194,21,387,2897300,1991,1014,977
195,21,387,2897400,804,398,406
196,21,387,2897500,2716,1366,1350
197,21,387,2897600,1493,774,719
198,21,387,2897700,716,383,333
199,21,387,2897800,445,220,225
200,21,387,2897900,191,99,92
201,21,387,2898000,1376,711,665
202,21,387,2898100,1744,871,873
203,21,387,2898200,1653,838,815
204,21,387,2898300,479,247,232
205,21,387,2898400,2691,1396,1295
206,21,387,2898500,825,426,399
207,21,387,2898600,829,437,392
208,21,387,2898700,535,281,254
209,21,387,2898800,920,461,459
210,21,387,2898900,335,162,173
211,21,387,2899000,741,370,371
212,21,387,2899100,285,138,147
213,21,387,2899200,401,191,210
214,21,387,2899300,603,303,300
215,21,387,2899400,1577,767,810
216,21,387,2899500,0,0,0
217,21,387,2899600,311,148,163
218,21,387,2899700,307,165,142
219,21,387,2899800,229,119,110
220,21,387,2899900,911,474,437
221,21,387,2900000,117,61,56
222,21,387,2900100,671,343,328
223,21,387,2900200,844,449,395
224,21,387,2900300,4941,2573,2368
225,21,387,2900400,667,333,334
226,21,387,2900500,266,139,127
227,21,387,2900600,235,113,122
228,21,387,2900700,238,127,111
229,21,387,2900800,7678,3956,3722
230,21,387,2900900,679,362,317
231,21,387,2901000,1054,527,527
232,21,387,2901100,25,13,12
233,21,387,2901200,410,207,203
234,21,387,2901300,446,217,229
235,21,387,2901400,0,0,0
236,21,387,2901500,471,226,245
237,21,387,2901600,817,422,395
238,21,387,2901700,1765,881,884
239,21,387,2901800,322,157,165
240,21,387,2901900,489,233,256
241,21,387,2902000,720,373,347
242,21,387,2902100,1092,555,537
243,21,387,2902200,147,72,75
244,21,387,2902300,187,88,99
245,21,387,2902400,874,448,426
246,21,387,2902500,213,108,105
247,21,387,2902600,41,26,15
248,21,387,2902700,3044,1528,1516
249,21,387,2902800,379,204,175
250,21,387,2902900,683,331,352
251,21,387,2903000,2328,1193,1135
252,21,387,2903100,2204,1138,1066
253,21,387,2903200,228,99,129
254,21,387,2903300,477,242,235
255,21,387,2903400,737,377,360
256,21,387,2903500,1953,978,975
257,21,387,2903600,132,70,62
258,21,387,2903700,0,0,0
259,21,387,2903800,313,157,156
260,21,387,2903900,1093,586,507
261,21,387,2904000,161,88,73
262,21,387,2904100,84,35,49
263,21,387,2904200,137,62,75
264,21,387,2904300,324,168,156
265,21,387,2904400,2031,1039,992
266,21,387,2904500,267,132,135
267,21,387,2904600,629,321,308
268,21,387,2904700,294,155,139
269,21,387,2904800,571,295,276
270,21,387,2904900,834,411,423
271,21,387,2905000,730,353,377
272,21,387,2905100,372,200,172
273,21,387,2905200,224,109,115
274,21,387,2905300,474,244,230
275,21,387,2905400,0,0,0
276,21,387,2905500,1264,667,597
277,21,387,2905600,133,62,71
278,21,387,2905700,682,369,313
279,21,387,2905800,834,450,384
280,21,387,2905900,650,336,314
281,21,387,2906000,150,74,76
282,21,387,2906100,0,0,0
283,21,387,2906200,71,33,38
284,21,387,2906300,716,363,353
285,21,387,2906400,1271,622,649
286,21,387,2906500,384,214,170
287,21,387,2906600,486,252,234
288,21,387,2906700,489,261,228
289,21,387,2906800,256,136,120
290,21,387,2906900,518,258,260
291,21,387,2907000,41,20,21
292,21,387,2907100,691,353,338
293,21,387,2907200,484,238,246
294,21,387,2907300,36,14,22
295,21,387,2907400,5884,2996,2888
296,21,387,2907500,93,45,48
297,21,387,2907600,2434,1257,1177
298,21,387,2907700,0,0,0
299,21,387,2907800,2658,1364,1294
300,21,387,2907900,209,99,110
301,21,387,2908000,1796,902,894
302,21,387,2908100,904,440,464
303,21,387,2908200,216,103,113
304,21,387,2908300,499,253,246
305,21,387,2908400,735,372,363
306,21,387,2908500,383,188,195
307,21,387,2908600,456,228,228
308,21,387,2908700,0,0,0
309,21,387,2908800,499,261,238
310,21,387,2908900,1034,555,479
311,21,387,2909000,272,132,140
312,21,387,2909100,344,165,179
313,21,387,2909200,339,176,163
314,21,387,2909300,537,255,282
315,21,387,2909400,334,158,176
316,21,387,2909500,409,208,201
317,21,387,2909600,510,254,256
318,21,387,2909700,326,160,166
319,21,387,2909800,640,316,324
320,21,387,2909900,181,93,88
321,21,387,2910000,2041,1025,1016
322,21,387,2910100,399,210,189
323,21,387,2910200,104,52,52
324,21,387,2910300,1442,702,740
325,21,387,2910400,296,142,154
326,21,387,2910500,840,448,392
327,21,387,2910600,833,412,421
328,21,387,2910700,2005,1019,986
329,21,387,2910800,389,200,189
330,21,387,2910900,1404,708,696
331,21,387,2911000,506,262,244
332,21,387,2911100,263,137,126
333,21,387,2911200,768,379,389
334,21,387,2911300,436,224,212
335,21,387,2911400,3020,1568,1452
336,21,387,2911500,449,219,230
337,21,387,2911600,690,343,347
338,21,387,2911700,1938,959,979
339,21,387,2911800,876,429,447
340,21,387,2911900,1162,590,572
341,21,387,2912000,1193,595,598
342,21,387,2912100,2516,1298,1218
343,21,387,2912200,1027,516,511
344,21,387,2912300,973,489,484
345,21,387,2912400,418,217,201
346,21,387,2912500,1000,496,504
347,21,387,2912600,380,215,165
348,21,387,2912700,1210,611,599
349,21,387,2912800,1273,663,610
350,21,387,2912900,680,334,346
351,21,387,2913000,1820,895,925
352,21,387,2913100,436,196,240
353,21,387,2913200,350,181,169
354,21,387,2913300,2919,1520,1399
355,21,387,2913400,351,162,189
356,21,387,2913500,629,304,325
357,21,387,2913600,1663,856,807
358,21,387,2913700,989,495,494
359,21,387,2913800,688,348,340
360,21,387,2913900,1451,746,705
361,21,387,2914000,416,216,200
362,21,387,2914100,2811,1453,1358
363,21,387,2914200,586,297,289
364,21,387,2914300,419,218,201
365,21,387,2914400,574,285,289
366,21,387,2914500,1904,988,916
367,21,387,2914600,774,392,382
368,21,387,2914700,3673,1942,1731
369,21,387,2914800,121,69,52
370,21,387,2914900,506,243,263
371,21,387,2915000,1451,736,715
372,21,387,2915100,1787,864,923
373,21,387,2915200,954,480,474
374,21,387,2915300,0,0,0
375,21,387,2915400,75,36,39
376,21,387,2915500,107,45,62
377,21,387,2915600,358,181,177
378,21,387,2915700,751,383,368
379,21,387,2915800,575,285,290
380,21,387,2915900,310,147,163
381,21,387,2916000,770,381,389
382,21,387,2916100,1291,645,646
383,21,387,2916200,439,216,223
384,21,387,2916300,876,455,421
385,21,387,2916400,2840,1491,1349
386,21,387,2916500,1618,840,778
387,21,387,2916600,1454,761,693
388,21,387,2916700,1118,574,544
389,21,387,2916800,4801,2479,2322
390,21,387,2916900,442,227,215
391,21,387,2917000,3133,1576,1557
392,21,387,2917100,969,476,493
393,21,387,2917200,3067,1500,1567
394,21,387,2917300,1018,522,496
395,21,387,2917400,278,139,139
396,21,387,2917500,874,460,414
397,21,387,2917600,681,352,329
398,21,387,2917700,698,352,346
399,21,387,2917800,1219,615,604
400,21,387,2917900,738,372,366
401,21,387,2918000,1125,545,580
402,21,387,2918100,316,166,150
403,21,387,2918200,557,293,264
404,21,387,2918300,1118,581,537
405,21,387,2918400,1074,538,536
406,21,387,2918500,779,384,395
407,21,387,2918600,174,83,91
408,21,387,2918700,91,45,46
409,21,387,2918800,818,392,426
410,21,387,2918900,191,94,97
411,21,387,2919000,2934,1500,1434
412,21,387,2919100,1640,848,792
413,21,387,2919200,1257,640,617
414,21,387,2919300,904,459,445
415,21,387,2919400,0,0,0
416,21,387,2919500,339,179,160
417,21,387,2919600,606,297,309
418,21,387,2919700,1188,616,572
419,21,387,2919800,949,476,473
420,21,387,2919900,1424,742,682
421,21,387,2920000,634,302,332
422,21,387,2920100,1828,925,903
423,21,387,2920200,2283,1189,1094
424,21,387,2920300,1779,893,886
425,21,387,2920400,679,340,339
426,21,387,2920500,692,335,357
427,21,387,2920600,341,171,170
428,21,387,2920700,529,271,258
429,21,387,2920800,0,0,0
430,21,387,2920900,722,329,393
431,21,387,2921000,966,471,495
432,21,387,2921100,110,53,57
433,21,387,2921200,0,0,0
434,21,387,2921300,1223,595,628
435,21,387,2921400,564,285,279
436,21,387,2921500,557,278,279
437,21,387,2921600,5910,3039,2871
438,21,387,2921700,1637,785,852
439,21,387,2921800,61,33,28
440,21,387,2921900,271,140,131
441,21,387,2922000,779,399,380
442,21,387,2922100,1101,568,533
443,21,387,2922200,237,122,115
444,21,387,2922300,1893,961,932
445,21,387,2922400,229,116,113
446,21,387,2922500,374,198,176
447,21,387,2922600,960,456,504
448,21,387,2922700,524,257,267
449,21,387,2922800,1029,516,513
450,21,387,2922900,933,484,449
451,21,387,2923000,297,158,139
452,21,387,2923100,487,256,231
453,21,387,2923200,465,235,230
454,21,387,2923300,2504,1292,1212
455,21,387,2923400,1830,908,922
456,21,387,2923500,141,73,68
457,21,387,2923600,220,126,94
458,21,387,2923700,177,92,85
459,21,387,2923800,228,112,116
460,21,387,2923900,187,97,90
461,21,387,2924000,427,200,227
462,21,387,2924100,1022,513,509
463,21,387,2924200,706,354,352
464,21,387,2924300,700,342,358
465,21,387,2924400,1268,640,628
466,21,387,2924500,253,111,142
467,21,387,2924600,1472,758,714
468,21,387,2924700,542,287,255
469,21,387,2924800,988,484,504
470,21,387,2924900,218,103,115
471,21,387,2925000,246,120,126
472,21,387,2925100,863,442,421
473,21,387,2925200,519,249,270
474,21,387,2925300,306,170,136
475,21,387,2925400,595,296,299
476,21,387,2925500,397,205,192
477,21,387,2925600,370,184,186
478,21,387,2925700,641,334,307
479,21,387,2925800,517,246,271
480,21,387,2925900,536,274,262
481,21,387,2926000,355,179,176
482,21,387,2926100,39,22,17
483,21,387,2926200,242,121,121
484,21,387,2926300,800,383,417
485,21,387,2926400,398,214,184
486,21,387,2926500,44,24,20
487,21,387,2926600,3223,1618,1605
488,21,387,2926700,302,131,171
489,21,387,2926800,1135,582,553
490,21,387,2926900,1534,787,747
491,21,387,2927000,1171,585,586
492,21,387,2927100,879,447,432
493,21,387,2927200,450,238,212
494,21,387,2927300,49,29,20
495,21,387,2927400,1548,769,779
496,21,387,2927500,157,82,75
497,21,387,2927600,1373,719,654
498,21,387,2927700,300,157,143
499,21,387,2927800,766,393,373
500,21,387,2927900,780,394,386
501,21,387,2928000,770,398,372
502,21,387,2928100,1931,925,1006
503,21,387,2928200,1237,634,603
504,21,387,2928300,320,159,161
505,21,387,2928400,1176,597,579
506,21,387,2928500,394,215,179
507,21,387,2928600,533,262,271
508,21,387,2928700,87,44,43
509,21,387,2928800,1785,887,898
510,21,387,2928900,435,206,229
511,21,387,2929000,312,140,172
512,21,387,2929100,1588,825,763
513,21,387,2929200,1521,779,742
514,21,387,2929300,184,87,97
515,21,387,2929400,392,189,203
516,21,387,2929500,777,379,398
517,21,387,2929600,751,377,374
518,21,387,2929700,1467,732,735
519,21,387,2929800,3123,1542,1581
520,21,387,2929900,6799,3499,3300
521,21,387,2930000,166,89,77
522,21,387,2930100,377,200,177
523,21,387,2930200,1315,648,667
524,21,387,2930300,708,373,335
525,21,387,2930400,352,181,171
526,21,387,2930500,2078,1035,1043
527,21,387,2930600,427,226,201
528,21,387,2930700,162,84,78
529,21,387,2930800,702,359,343
530,21,387,2930900,208,99,109
531,21,387,2931000,258,137,121
532,21,387,2931100,522,258,264
533,21,387,2931200,30,17,13
534,21,387,2931300,69,39,30
535,21,387,2931400,1150,593,557
536,21,387,2931500,500,244,256
537,21,387,2931600,1459,748,711
538,21,387,2931700,383,185,198
539,21,387,2931800,1405,729,676
540,21,387,2931900,139,65,74
541,21,387,2932000,1102,554,548
542,21,387,2932100,785,389,396
543,21,387,2932200,1644,795,849
544,21,387,2932300,639,304,335
545,21,387,2932400,634,321,313
546,21,387,2932500,721,389,332
547,21,387,2932600,450,227,223
548,21,387,2932700,1427,757,670
549,21,387,2932800,3,2,1
550,21,387,2932900,621,324,297
551,21,387,2933000,441,228,213
552,21,387,2933100,339,155,184
553,21,387,2933200,63,29,34
554,21,387,2933300,932,471,461
555,21,387,2933400,2092,1022,1070
556,21,387,2933500,325,159,166
557,21,387,2933600,1286,662,624
558,21,387,2933700,2058,1043,1015
559,21,387,2933800,432,217,215
560,21,387,2933900,873,446,427
561,21,387,2934000,275,145,130
562,21,387,2934100,552,273,279
563,21,387,2934200,737,361,376
564,21,387,2934300,103,50,53
565,21,387,2934400,225,112,113
566,21,387,2934500,1559,798,761
567,21,387,2934600,232,118,114
568,21,387,2934700,1130,553,577
569,21,387,2934800,422,217,205
570,21,387,2934900,1491,755,736
571,21,387,2935000,195,110,85
572,21,387,2935100,674,342,332
573,21,387,2935200,776,407,369
574,21,387,2935300,0,0,0
575,21,387,2935400,75,32,43
576,21,387,2935500,1456,751,705
577,21,387,2935600,826,428,398
578,21,387,2935700,189,98,91
579,21,387,2935800,653,320,333
580,21,387,2935900,0,0,0
581,21,387,2936000,730,368,362
582,21,387,2936100,476,223,253
583,21,387,2936200,1082,533,549
584,21,387,2936300,526,271,255
585,21,387,2936400,708,363,345
586,21,387,2936500,324,159,165
587,21,387,2936600,4133,2080,2053
588,21,387,2936700,3134,1627,1507
589,21,387,2936800,515,266,249
590,21,387,2936900,422,216,206
591,21,387,2937000,101,60,41
592,21,387,2937100,717,359,358
593,21,387,2937200,790,419,371
594,21,387,2937300,527,266,261
595,21,387,2937400,0,0,0
596,21,387,2937500,380,198,182
597,21,387,2937600,469,244,225
598,21,387,2937700,109,52,57
599,21,387,2937800,1150,576,574
600,21,387,2937900,400,210,190
601,21,387,2938000,1456,699,757
602,21,387,2938100,290,152,138
603,21,387,2938200,442,223,219
604,21,387,2938300,729,389,340
605,21,387,2938400,1462,759,703
606,21,387,2938500,431,216,215
607,21,387,2938600,815,416,399
608,21,387,2938700,1285,654,631
609,21,387,2938800,3392,1735,1657
610,21,387,2938900,1002,518,484
611,21,387,2939000,1571,775,796
612,21,387,2939100,1304,671,633
613,21,387,2939200,1451,721,730
614,21,387,2939300,2194,1097,1097
615,21,387,2939400,3900,1996,1904
616,21,387,2939500,313,166,147
617,21,387,2939600,1503,771,732
618,21,387,2939700,711,363,348
619,21,387,2939800,632,315,317
620,21,387,2939900,1209,630,579
621,21,387,2940000,746,363,383
622,21,387,2940100,788,411,377
623,21,387,2940200,273,136,137
624,21,387,2940300,969,479,490
625,21,387,2940400,577,300,277
626,21,387,2940500,313,161,152
627,21,387,2940600,1112,538,574
628,21,387,2940700,891,431,460
629,21,387,2940800,247,122,125
630,21,387,2940900,976,467,509
631,21,387,2941000,765,397,368
632,21,387,2941100,0,0,0
633,21,387,2941200,1233,648,585
634,21,387,2941300,836,393,443
635,21,387,2941400,496,261,235
636,21,387,2941500,1486,809,677
637,21,387,2941600,696,330,366
638,21,387,2941700,6265,3250,3015
639,21,387,2941800,6959,3624,3335
640,21,387,2941900,931,455,476
641,21,387,2942000,2721,1425,1296
642,21,387,2942100,986,513,473
643,21,387,2942200,4015,2006,2009
644,21,387,2942300,808,397,411
645,21,387,2942400,604,314,290
646,21,387,2942500,370,188,182
647,21,387,2942600,1630,837,793
648,21,387,2942700,319,162,157
649,21,387,2942800,557,272,285
650,21,387,2942900,866,448,418
651,21,387,2943000,0,0,0
652,21,387,2943100,133,73,60
653,21,387,2943200,532,273,259
654,21,387,2943300,771,381,390
655,21,387,2943400,0,0,0
656,21,387,2943500,326,174,152
657,21,387,2943600,486,247,239
658,21,387,2943700,700,305,395
659,21,387,2943800,1775,884,891
660,21,387,2943900,670,335,335
661,21,387,2944000,603,293,310
662,21,387,2944100,79,35,44
663,21,387,2944200,884,455,429
664,21,387,2944300,110,52,58
665,21,387,2944400,0,0,0
666,21,387,2944500,166,84,82
667,21,387,2944600,112,55,57
668,21,387,2944700,1232,574,658
669,21,387,2944800,1041,507,534
670,21,387,2944900,1389,731,658
671,21,387,2945000,545,293,252
672,21,387,2945100,78,25,53
673,21,387,2945200,805,401,404
674,21,387,2945300,438,238,200
675,21,387,2945400,5062,2594,2468
676,21,387,2945500,450,236,214
677,21,387,2945600,171,98,73
678,21,387,2945700,13,5,8
679,21,387,2945800,81,39,42
680,21,387,2945900,1547,785,762
681,21,387,2946000,996,514,482
682,21,387,2946100,1724,861,863
683,21,387,2946200,844,429,415
684,21,387,2946300,2802,1425,1377
685,21,387,2946400,593,297,296
686,21,387,2946500,265,140,125
687,21,387,2946600,248,126,122
688,21,387,2946700,369,194,175
689,21,387,2946800,333,160,173
690,21,387,2946900,391,203,188
691,21,387,2947000,525,256,269
692,21,387,2947100,1254,630,624
693,21,387,2947200,316,170,146
694,21,387,2947300,533,273,260
695,21,387,2947400,0,0,0
696,21,387,2947500,282,140,142
697,21,387,2947600,25,13,12
698,21,387,2947700,0,0,0
699,21,387,2947800,272,126,146
700,21,387,2947900,659,319,340
701,21,387,2948000,1078,544,534
702,21,387,2948100,2041,1046,995
703,21,387,2948200,2029,1014,1015
704,21,387,2948300,712,365,347
705,21,387,2948400,856,419,437
706,21,387,2948500,689,350,339
707,21,387,2948600,661,334,327
708,21,387,2948700,507,253,254
709,21,387,2948800,416,210,206
710,21,387,2948900,1589,784,805
711,21,387,2949000,2195,1109,1086
712,21,387,2949100,311,158,153
713,21,387,2949200,1480,731,749
714,21,387,2949300,1854,950,904
715,21,387,2949400,1205,639,566
716,21,387,2949500,332,166,166
717,21,387,2949600,489,254,235
718,21,387,2949700,1286,653,633
719,21,387,2949800,1015,509,506
720,21,387,2949900,1583,823,760
721,21,387,2950000,149,69,80
722,21,387,2950100,283,142,141
723,21,387,2950200,538,268,270
724,21,387,2950300,470,245,225
725,21,387,2950400,1556,793,763
726,21,387,2950500,403,194,209
727,21,387,2950600,808,430,378
728,21,387,2950700,1112,542,570
729,21,387,2950800,1128,591,537
730,21,387,2950900,32,16,16
731,21,387,2951000,0,0,0
732,21,387,2951100,682,339,343
733,21,387,2951200,534,273,261
734,21,387,2951300,543,273,270
735,21,387,2951400,547,265,282
736,21,387,2951500,119,58,61
737,21,387,2951600,402,219,183
738,21,387,2951700,749,379,370
739,21,387,2951800,0,0,0
740,21,387,2951900,122,54,68
741,21,387,2952000,422,204,218
742,21,387,2952100,700,368,332
743,21,387,2952200,497,243,254
744,21,387,2952300,2146,1090,1056
745,21,387,2952400,361,197,164
746,21,387,2952500,180,91,89
747,21,387,2952600,12,6,6
748,21,387,2952700,1875,934,941
749,21,387,2952800,0,0,0
750,21,387,2952900,58,29,29
751,21,387,2953000,0,0,0
752,21,387,2953100,5712,2922,2790
753,21,387,2953200,127,68,59
754,21,387,2953300,3036,1544,1492
755,21,387,2953400,2889,1453,1436
756,21,387,2953500,1019,505,514
757,21,387,2953600,6331,3049,3282
758,21,387,2953700,1457,702,755
759,21,387,2953800,632,314,318
760,21,387,2953900,913,451,462
761,21,387,2954000,1519,747,772
762,21,387,2954100,363,177,186
763,21,387,2954200,1385,725,660
764,21,387,2954300,34,22,12
765,21,387,2954400,0,0,0
766,21,387,2954500,5054,2630,2424
767,21,387,2954600,0,0,0
768,21,387,2954700,0,0,0
769,21,387,2954800,2641,1355,1286
770,21,387,2954900,1335,679,656
771,21,387,2955000,0,0,0
772,21,387,2955100,1424,748,676
773,21,387,2955200,1454,725,729
774,21,387,2955300,517,267,250
775,21,387,2955400,3033,1470,1563
776,21,387,2955500,2389,1214,1175
777,21,387,2955600,1078,517,561
778,21,387,2955700,0,0,0
779,21,387,2955800,9269,4607,4662
780,21,387,2955900,3256,1578,1678
781,21,387,2956000,712,354,358
782,21,387,2956100,1125,544,581
783,21,387,2956200,722,379,343
784,21,387,2956300,1097,517,580
785,21,387,2956400,862,448,414
786,21,387,2956500,438,217,221
787,21,387,2956600,3453,1780,1673
788,21,387,2956700,1019,500,519
789,21,387,2956800,1508,761,747
790,21,387,2956900,137,61,76
791,21,387,2957000,783,399,384
792,21,387,2957100,2677,1334,1343
793,21,387,2957200,313,152,161
794,21,387,2957300,2369,1198,1171
795,21,387,2957400,3059,1527,1532
796,21,387,2957500,1229,609,620
797,21,387,2957600,572,278,294
798,21,387,2957700,484,239,245
799,21,387,2957800,972,495,477
800,21,387,2957900,4389,2234,2155
801,21,387,2958000,42,23,19
802,21,387,2958100,1305,682,623
803,21,387,2958200,825,399,426
804,21,387,2958300,2685,1395,1290
805,21,387,2958400,72,36,36
806,21,387,2958500,2321,1156,1165
807,21,387,2958600,1349,682,667
808,21,387,2958700,894,431,463
809,21,387,2958800,0,0,0
810,21,387,2958900,1170,597,573
811,21,387,2959000,613,322,291
812,21,387,2959100,2797,1438,1359
813,21,387,2959200,615,312,303
814,21,387,2959300,835,452,383
815,21,387,2959400,645,300,345
816,21,387,2959500,1053,527,526
817,21,387,2959600,844,449,395
818,21,387,2959700,671,336,335
819,21,387,2959800,0,0,0
820,21,387,2959900,0,0,0
821,21,387,2960000,1723,887,836
822,21,387,2960100,0,0,0
823,21,387,2960200,156,94,62
824,21,387,2960300,1322,680,642
825,21,387,2960400,2407,1205,1202
826,21,387,2960500,634,322,312
827,21,387,2960600,3651,1869,1782
828,21,387,2960700,470,245,225
829,21,387,2960800,1414,719,695
830,21,387,2960900,678,332,346
831,21,387,2961000,438,224,214
832,21,387,2961100,479,236,243
833,21,387,2961200,400,215,185
834,21,387,2961300,1106,563,543
835,21,387,2961400,1327,654,673
836,21,387,2961500,2223,1083,1140
837,21,387,2961600,3261,1687,1574
838,21,387,2961700,855,446,409
839,21,387,2961800,983,539,444
840,21,387,2961900,1862,966,896
841,21,387,2962000,982,525,457
842,21,387,2962100,1268,648,620
843,21,387,2962200,330,176,154
844,21,387,2962300,535,262,273
845,21,387,2962400,1266,653,613
846,21,387,2962500,2584,1343,1241
847,21,387,2962600,249,127,122
848,21,387,2962700,539,255,284
849,21,387,2962800,0,0,0
850,21,387,2962900,0,0,0
851,21,387,2963000,0,0,0
852,21,387,2963100,203,100,103
853,21,387,2963200,638,314,324
854,21,387,2963300,206,102,104
855,21,387,2963400,749,399,350
856,21,387,2963500,664,335,329
857,21,387,2963600,662,315,347
858,21,387,2963700,1145,573,572
859,21,387,2963800,890,445,445
860,21,387,2963900,1813,931,882
861,21,387,2964000,1927,992,935
862,21,387,2964100,534,278,256
863,21,387,2964200,981,508,473
864,21,387,2964300,1518,741,777
865,21,387,2964400,509,263,246
866,21,387,2964500,363,184,179
867,21,387,2964600,523,267,256
868,21,387,2964700,1696,890,806
869,21,387,2964800,1229,634,595
870,21,387,2964900,427,227,200
871,21,387,2965000,672,343,329
872,21,387,2965100,439,207,232
873,21,387,2965200,488,242,246
874,21,387,2965300,302,161,141
875,21,387,2965400,643,342,301
876,21,387,2965500,613,304,309
877,21,387,2965600,594,291,303
878,21,387,2965700,315,171,144
879,21,387,2965800,767,394,373
880,21,387,2965900,507,264,243
881,21,387,2966000,1213,624,589
882,21,387,2966100,253,130,123
883,21,387,2966200,1269,648,621
884,21,387,2966300,1146,574,572
885,21,387,2966400,4447,2304,2143
886,21,387,2966500,1314,670,644
887,21,387,2966600,1686,869,817
888,21,387,2966700,468,244,224
889,21,387,2966800,2058,1068,990
890,21,387,2966900,606,305,301
891,21,387,2967000,739,394,345
892,21,387,2967100,229,113,116
893,21,387,2967200,947,450,497
894,21,387,2967300,1015,481,534
895,21,387,2967400,1864,927,937
896,21,387,2967500,1058,553,505
897,21,387,2967600,651,332,319
898,21,387,2967700,748,379,369
899,21,387,2967800,296,140,156
900,21,387,2967900,544,272,272
901,21,387,2968000,825,428,397
902,21,387,2968100,2098,1083,1015
903,21,387,2968200,2154,1095,1059
904,21,387,2968300,1044,526,518
905,21,387,2968400,111,58,53
906,21,387,2968500,526,282,244
907,21,387,2968600,1628,848,780
908,21,387,2968700,803,428,375
909,21,387,2968800,903,455,448
910,21,387,2968900,592,311,281
911,21,387,2969000,36,17,19
912,21,387,2969100,461,244,217
913,21,387,2969200,941,493,448
914,21,387,2969300,653,306,347
915,21,387,2969400,392,210,182
916,21,387,2969500,246,130,116
917,21,387,2969600,0,0,0
918,21,387,2969700,232,123,109
919,21,387,2969800,412,215,197
920,21,387,2969900,1610,855,755
921,21,387,2970000,533,271,262
922,21,387,2970100,253,129,124
923,21,387,2970200,1170,585,585
924,21,387,2970300,380,200,180
925,21,387,2970400,187,87,100
926,21,387,2970500,0,0,0
927,21,387,2970600,0,0,0
928,21,387,2970700,0,0,0
929,21,387,2970800,63,34,29
930,21,387,2970900,0,0,0
931,21,387,2971000,304,161,143
932,21,387,2971100,84,41,43
933,21,387,2971200,1346,682,664
934,21,387,2971300,297,156,141
935,21,387,2971400,0,0,0
936,21,387,2971500,436,226,210
937,21,387,2971600,1209,575,634
938,21,387,2971700,352,169,183
939,21,387,2971800,0,0,0
940,21,387,2971900,547,274,273
941,21,387,2972000,877,448,429
942,21,387,2972100,0,0,0
943,21,387,2972200,1281,664,617
944,21,387,2972300,1092,572,520
945,21,387,2972400,613,311,302
946,21,387,2972500,136,65,71
947,21,387,2972600,120,60,60
948,21,387,2972700,747,384,363
949,21,387,2972800,441,208,233
950,21,387,2972900,325,157,168
951,21,387,2973000,631,331,300
952,21,387,2973100,263,129,134
953,21,387,2973200,0,0,0
954,21,387,2973300,0,0,0
955,21,387,2973400,0,0,0
956,21,387,2973500,1909,969,940
957,21,387,2973600,761,378,383
958,21,387,2973700,398,209,189
959,21,387,2973800,894,449,445
960,21,387,2973900,736,369,367
961,21,387,2974000,814,418,396
962,21,387,2974100,431,209,222
963,21,387,2974200,265,132,133
964,21,387,2974300,729,372,357
965,21,387,2974400,476,245,231
966,21,387,2974500,1698,851,847
967,21,387,2974600,739,369,370
968,21,387,2974700,1383,688,695
969,21,387,2974800,310,160,150
970,21,387,2974900,622,312,310
971,21,387,2975000,499,257,242
972,21,387,2975100,516,267,249
973,21,387,2975200,408,208,200
974,21,387,2975300,3169,1576,1593
975,21,387,2975400,3751,1809,1942
976,21,387,2975500,2078,1015,1063
977,21,387,2975600,1697,879,818
978,21,387,2975700,0,0,0
979,21,387,2975800,421,218,203
980,21,387,2975900,759,390,369
981,21,387,2976000,804,394,410
982,21,387,2976100,807,428,379
983,21,387,2976200,131,68,63
984,21,387,2976300,1015,505,510
985,21,387,2976400,745,388,357
986,21,387,2976500,672,335,337
987,21,387,2976600,349,170,179
988,21,387,2976700,2033,1039,994
989,21,387,2976800,196,107,89
990,21,387,2976900,263,130,133
991,21,387,2977000,416,199,217
992,21,387,2977100,1380,698,682
993,21,387,2977200,465,224,241
994,21,387,2977300,854,441,413
995,21,387,2977400,92,43,49
996,21,387,2977500,4,3,1
997,21,387,2977600,476,246,230
998,21,387,2977700,314,159,155
999,21,387,2977800,945,477,468
1000,21,387,2977900,330,160,170
1001,21,387,2978000,2236,1135,1101
1002,21,387,2978100,1247,626,621
1003,21,387,2978200,474,232,242
1004,21,387,2978300,159,80,79
1005,21,387,2978400,228,103,125
1006,21,387,2978500,218,117,101
1007,21,387,2978600,519,263,256
1008,21,387,2978700,2314,1179,1135
1009,21,387,2978800,10660,5385,5275
1010,21,387,2978900,2700,1304,1396
1011,21,387,2979000,707,362,345
1012,21,387,2979100,1010,490,520
1013,21,387,2979200,693,340,353
1014,21,387,2979300,1212,573,639
1015,21,387,2979400,1136,573,563
1016,21,387,2979500,184,91,93
1017,21,387,2979600,1442,716,726
1018,21,387,2979700,1201,595,606
1019,21,387,2979800,1566,759,807
1020,21,387,2979900,0,0,0
1021,21,387,2980000,3799,1902,1897
1022,21,387,2980100,1037,539,498
1023,21,387,2980200,614,306,308
1024,21,387,2980300,0,0,0
1025,21,387,2980400,407,204,203
1026,21,387,2980500,555,285,270
1027,21,387,2980600,851,441,410
1028,21,387,2980700,731,384,347
1029,21,387,2980800,710,345,365
1030,21,387,2980900,162,80,82
1031,21,387,2981000,614,314,300
1032,21,387,2981100,440,219,221
1033,21,387,2981200,1318,683,635
1034,21,387,2981300,883,451,432
1035,21,387,2981400,2495,1259,1236
1036,21,387,2981500,4419,2212,2207
1037,21,387,2981600,199,94,105
1038,21,387,2981700,1222,613,609
1039,21,387,2981800,334,161,173
1040,21,387,2981900,1293,612,681
1041,21,387,2982000,529,257,272
1042,21,387,2982100,716,344,372
1043,21,387,2982200,774,407,367
1044,21,387,2982300,2632,1293,1339
1045,21,387,2982400,668,319,349
1046,21,387,2982500,779,402,377
1047,21,387,2982600,896,423,473
1048,21,387,2982700,136,69,67
1049,21,387,2982800,142,75,67
1050,21,387,2982900,1846,911,935
1051,21,387,2983000,3063,1565,1498
1052,21,387,2983100,2494,1288,1206
1053,21,387,2983200,517,249,268
1054,21,387,2983300,1638,799,839
1055,21,387,2983400,278,131,147
1056,21,387,2983500,961,471,490
1057,21,387,2983600,1536,748,788
1058,21,387,2983700,902,451,451
1059,21,387,2983800,464,227,237
1060,21,387,2983900,1811,905,906
1061,21,387,2984000,893,457,436
1062,21,387,2984100,604,282,322
1063,21,387,2984200,223,104,119
1064,21,387,2984300,0,0,0
1065,21,387,2984400,0,0,0
1066,21,387,2984500,11,4,7
1067,21,387,2984600,450,238,212
1068,21,387,2984700,1692,822,870
1069,21,387,2984800,2319,1125,1194
1070,21,387,2984900,1287,633,654
1071,21,387,2985000,783,389,394
1072,21,387,2985100,576,285,291
1073,21,387,2985200,407,198,209
1074,21,387,2985300,854,422,432
1075,21,387,2985400,238,122,116
1076,21,387,2985500,814,420,394
1077,21,387,2985600,690,333,357
1078,21,387,2985700,3108,1540,1568
1079,21,387,2985800,953,465,488
1080,21,387,2985900,565,286,279
1081,21,387,2986000,5,3,2
1082,21,387,2986100,138,68,70
1083,21,387,2986200,2010,1017,993
1084,21,387,2986300,1924,985,939
1085,21,387,2986400,358,176,182
1086,21,387,2986500,1127,572,555
1087,21,387,2986600,516,261,255
1088,21,387,2986700,307,156,151
1089,21,387,2986800,842,430,412
1090,21,387,2986900,284,155,129
1091,21,387,2987000,709,358,351
1092,21,387,2987100,882,457,425
1093,21,387,2987200,91,43,48
1094,21,387,2987300,285,147,138
1095,21,387,2987400,596,292,304
1096,21,387,2987500,819,413,406
1097,21,387,2987600,1481,751,730
1098,21,387,2987700,613,304,309
1099,21,387,2987800,1821,956,865
1100,21,387,2987900,731,363,368
1101,21,387,2988000,1067,515,552
1102,21,387,2988100,937,469,468
1103,21,387,2988200,63,33,30
1104,21,387,2988300,4800,2380,2420
1105,21,387,2988400,840,456,384
1106,21,387,2988500,1411,727,684
1107,21,387,2988600,99,44,55
1108,21,387,2988700,147,71,76
1109,21,387,2988800,267,131,136
1110,21,387,2988900,681,350,331
1111,21,387,2989000,1205,596,609
1112,21,387,2989100,1705,875,830
1113,21,387,2989200,4169,2102,2067
1114,21,387,2989300,2186,1123,1063
1115,21,387,2989400,465,245,220
1116,21,387,2989500,858,446,412
1117,21,387,2989600,2079,1066,1013
1118,21,387,2989700,535,276,259
1119,21,387,2989800,649,314,335
1120,21,387,2989900,3374,1697,1677
1121,21,387,2990000,1031,505,526
1122,21,387,2990100,2002,1030,972
1123,21,387,2990200,1085,545,540
1124,21,387,2990300,1478,738,740
1125,21,387,2990400,0,0,0
1126,21,387,2990500,1816,900,916
1127,21,387,2990600,1257,621,636
1128,21,387,2990700,1433,726,707
1129,21,387,2990800,682,350,332
1130,21,387,2990900,1116,562,554
1131,21,387,2991000,741,381,360
1132,21,387,2991100,1576,795,781
1133,21,387,2991200,1408,691,717
1134,21,387,2991300,0,0,0
1135,21,387,2991400,1803,908,895
1136,21,387,2991500,651,340,311
1137,21,387,2991600,0,0,0
1138,21,387,2991700,1673,828,845
1139,21,387,2991800,1220,603,617
1140,21,387,2991900,1176,622,554
1141,21,387,2992000,1912,956,956
1142,21,387,2992100,3618,1851,1767
1143,21,387,2992200,4030,2099,1931
1144,21,387,2992300,2958,1558,1400
1145,21,387,2992400,2004,1020,984
1146,21,387,2992500,7798,3904,3894
1147,21,387,2992600,1302,677,625
1148,21,387,2992700,795,401,394
1149,21,387,2992800,1772,858,914
1150,21,387,2992900,908,442,466
1151,21,387,2993000,5694,2814,2880
1152,21,387,2993100,304,159,145
1153,21,387,2993200,872,420,452
1154,21,387,2993300,847,429,418
1155,21,387,2993400,359,176,183
1156,21,387,2993500,409,186,223
1157,21,387,2993600,1818,890,928
1158,21,387,2993700,1441,696,745
1159,21,387,2993800,865,435,430
1160,21,387,2993900,1088,539,549
1161,21,387,2994000,348,168,180
1162,21,387,2994100,442,225,217
1163,21,387,2994200,302,158,144
1164,21,387,2994300,523,265,258
1165,21,387,2994400,0,0,0
1166,21,387,2994500,4609,2308,2301
1167,21,387,2994600,1981,988,993
1168,21,387,2994700,725,349,376
1169,21,387,2994800,816,387,429
1170,21,387,2994900,718,344,374
1171,21,387,2995000,1498,746,752
1172,21,387,2995100,293,149,144
1173,21,387,2995200,769,380,389
1174,21,387,2995300,2593,1316,1277
1175,21,387,2995400,2536,1320,1216
1176,21,387,2995500,903,440,463
1177,21,387,2995600,2938,1474,1464
1178,21,387,2995700,1625,822,803
1179,21,387,2995800,428,215,213
1180,21,387,2995900,1692,858,834
1181,21,387,2996000,0,0,0
1182,21,387,2996100,1214,612,602
1183,21,387,2996200,0,0,0
1184,21,387,2996300,1230,620,610
1185,21,387,2996400,756,380,376
1186,21,387,2996500,392,191,201
1187,21,387,2996600,340,168,172
1188,21,387,2996700,979,508,471
1189,21,387,2996800,814,400,414
1190,21,387,2996900,1137,583,554
1191,21,387,2997000,474,238,236
1192,21,387,2997100,911,465,446
1193,21,387,2997200,406,204,202
1194,21,387,2997300,1771,905,866
1195,21,387,2997400,0,0,0
1196,21,387,2997500,609,316,293
1197,21,387,2997600,690,352,338
1198,21,387,2997700,4013,2058,1955
1199,21,387,2997800,352,177,175
1200,21,387,2997900,751,378,373
1201,21,387,2998000,2977,1498,1479
1202,21,387,2998100,653,345,308
1203,21,387,2998200,1109,573,536
1204,21,387,2998300,449,244,205
1205,21,387,2998400,1046,529,517
1206,21,387,2998500,1989,1008,981
1207,21,387,2998600,87,46,41
1208,21,387,2998700,1218,623,595
1209,21,387,2998800,901,445,456
1210,21,387,2998900,22,12,10
1211,21,387,2999000,1170,585,585
1212,21,387,2999100,825,400,425
1213,21,387,2999200,1573,790,783
1214,21,387,2999300,0,0,0
1215,21,387,2999400,398,206,192
1216,21,387,2999500,742,391,351
1217,21,387,2999600,0,0,0
1218,21,387,2999700,558,304,254
1219,21,387,2999800,894,439,455
1220,21,387,2999900,606,307,299
1221,21,387,3000000,1982,1000,982
1222,21,387,3000100,766,394,372
1223,21,387,3000200,495,239,256
1224,21,387,3000300,334,175,159
1225,21,387,3000400,986,490,496
1226,21,387,3000500,933,479,454
1227,21,387,3000600,3845,1978,1867
1228,21,387,3000700,4285,2194,2091
1229,21,387,3000800,5396,2720,2676
1230,21,387,3000900,2316,1191,1125
1231,21,387,3001000,993,515,478
1232,21,387,3001100,756,417,339
1233,21,387,3001200,495,234,261
1234,21,387,3001300,271,129,142
1235,21,387,3001400,457,229,228
1236,21,387,3001500,2,2,0
1237,21,387,3001600,3652,1840,1812
1238,21,387,3001700,304,147,157
1239,21,387,3001800,194,100,94
1240,21,387,3001900,2312,1122,1190
1241,21,387,3002000,188,94,94
1242,21,387,3002100,626,324,302
1243,21,387,3002200,2194,1099,1095
1244,21,387,3002300,0,0,0
1245,21,387,3002400,368,198,170
1246,21,387,3002500,245,130,115
1247,21,387,3002600,840,428,412
1248,21,387,3002700,979,478,501
1249,21,387,3002800,1258,634,624
1250,21,387,3002900,132,72,60
1251,21,387,3003000,944,486,458
1252,21,387,3003100,571,287,284
1253,21,387,3003200,2458,1233,1225
1254,21,387,3003300,3662,1809,1853
1255,21,387,3003400,1464,737,727
1256,21,387,3003500,1517,796,721
1257,21,387,3003600,684,349,335
1258,21,387,3003700,1568,780,788
1259,21,387,3003800,6,3,3
1260,21,387,3003900,2517,1301,1216
1261,21,387,3004000,1288,678,610
1262,21,387,3004100,650,353,297
1263,21,387,3004200,1385,710,675
1264,21,387,3004300,4252,2175,2077
1265,21,387,3004400,3105,1570,1535
1266,21,387,3004500,336,171,165
1267,21,387,3004600,500,271,229
1268,21,387,3004700,1438,719,719
1269,21,387,3004800,2190,1077,1113
1270,21,387,3004900,996,513,483
1271,21,387,3005000,944,461,483
1272,21,387,3005100,156,74,82
1273,21,387,3005200,0,0,0
1274,21,387,3005300,1240,593,647
1275,21,387,3005400,2314,1138,1176
1276,21,387,3005500,431,214,217
1277,21,387,3005600,1359,662,697
1278,21,387,3005700,377,198,179
1279,21,387,3005800,381,194,187
1280,21,387,3005900,31,16,15
1281,21,387,3006000,939,449,490
1282,21,387,3006100,900,459,441
1283,21,387,3006200,26,14,12
1284,21,387,3006300,754,370,384
1285,21,387,3006400,630,305,325
1286,21,387,3006500,644,314,330
1287,21,387,3006600,1949,963,986
1288,21,387,3006700,528,264,264
1289,21,387,3006800,55,30,25
1290,21,387,3006900,286,138,148
1291,21,387,3007000,0,0,0
1292,21,387,3007100,2207,1088,1119
1293,21,387,3007200,736,379,357
1294,21,387,3007300,1123,555,568
1295,21,387,3007400,10319,5212,5107
1296,21,387,3007500,1277,635,642
1297,21,387,3007600,525,276,249
1298,21,387,3007700,698,343,355
1299,21,387,3007800,1025,538,487
1300,21,387,3007900,0,0,0
1301,21,387,3008000,0,0,0
1302,21,387,3008100,390,206,184
1303,21,387,3008200,0,0,0
1304,21,387,3008300,0,0,0
1305,21,387,3008400,2962,1507,1455
1306,21,387,3008500,20,14,6
1307,21,387,3008600,0,0,0
1308,21,387,3008700,44,21,23
1309,21,387,3008800,0,0,0
1310,21,387,3008900,1858,950,908
1311,21,387,3009000,1914,988,926
1312,21,387,3009100,244,123,121
1313,21,387,3009200,6,4,2
1314,21,387,3009300,5593,2802,2791
1315,21,387,3009400,1443,730,713
1316,21,387,3009500,2952,1530,1422
1317,21,387,3009600,1059,535,524
1318,21,387,3009700,639,315,324
1319,21,387,3009800,2827,1404,1423
1320,21,387,3009900,0,0,0
1321,21,387,3010000,904,448,456
1322,21,387,3010100,177,87,90
1323,21,387,3010200,0,0,0
1324,21,387,3010300,1644,837,807
1325,21,387,3010400,565,285,280
1326,21,387,3010500,1146,581,565
1327,21,387,3010600,1578,789,789
1328,21,387,3010700,1176,595,581
1329,21,387,3010800,890,455,435
1330,21,387,3010900,1088,548,540
1331,21,387,3011000,466,243,223
1332,21,387,3011100,1239,631,608
1333,21,387,3011200,874,430,444
1334,21,387,3011300,2586,1327,1259
1335,21,387,3011400,2011,1012,999
1336,21,387,3011500,1590,794,796
1337,21,387,3011600,974,487,487
1338,21,387,3011700,554,265,289
1339,21,387,3011800,1121,603,518
1340,21,387,3011900,943,496,447
1341,21,387,3012000,1030,538,492
1342,21,387,3012100,455,218,237
1343,21,387,3012200,315,149,166
1344,21,387,3012300,1237,650,587
1345,21,387,3012400,604,305,299
1346,21,387,3012500,446,237,209
1347,21,387,3012600,1341,654,687
1348,21,387,3012700,441,215,226
1349,21,387,3012800,178,92,86
1350,21,387,3012900,1645,795,850
1351,21,387,3013000,3182,1559,1623
1352,21,387,3013100,509,249,260
1353,21,387,3013200,900,464,436
1354,21,387,3013300,340,171,169
1355,21,387,3013400,799,397,402
1356,21,387,3013500,6,4,2
1357,21,387,3013600,6,1,5
1358,21,387,3013700,399,208,191
1359,21,387,3013800,1427,737,690
1360,21,387,3013900,132,65,67
1361,21,387,3014000,92,49,43
1362,21,387,3014100,490,249,241
1363,21,387,3014200,865,429,436
1364,21,387,3014300,861,436,425
1365,21,387,3014400,0,0,0
1366,21,387,3014500,6173,3162,3011
1367,21,387,3014600,1997,1053,944
1368,21,387,3014700,360,187,173
1369,21,387,3014800,900,430,470
1370,21,387,3014900,879,459,420
1371,21,387,3015000,0,0,0
1372,21,387,3015100,0,0,0
1373,21,387,3015200,567,294,273
1374,21,387,3015300,207,111,96
1375,21,387,3015400,863,436,427
1376,21,387,3015500,4589,2342,2247
1377,21,387,3015600,119,68,51
1378,21,387,3015700,1310,624,686
1379,21,387,3015800,509,244,265
1380,21,387,3015900,500,254,246
1381,21,387,3016000,3278,1538,1740
1382,21,387,3016100,825,409,416
1383,21,387,3016200,1994,1027,967
1384,21,387,3016300,1041,508,533
1385,21,387,3016400,962,475,487
1386,21,387,3016500,489,228,261
1387,21,387,3016600,1953,969,984
1388,21,387,3016700,0,0,0
1389,21,387,3016800,73,39,34
1390,21,387,3016900,1832,952,880
1391,21,387,3017000,742,353,389
1392,21,387,3017100,788,394,394
1393,21,387,3017200,509,258,251
1394,21,387,3017300,1327,697,630
1395,21,387,3017400,148,80,68
1396,21,387,3017500,692,342,350
1397,21,387,3017600,523,255,268
1398,21,387,3017700,332,170,162
1399,21,387,3017800,417,217,200
1400,21,387,3017900,286,136,150
1401,21,387,3018000,1513,739,774
1402,21,387,3018100,1441,716,725
1403,21,387,3018200,5206,2572,2634
1404,21,387,3018300,488,236,252
1405,21,387,3018400,129,64,65
1406,21,387,3018500,296,122,174
1407,21,387,3018600,751,369,382
1408,21,387,3018700,2245,1161,1084
1409,21,387,3018800,3631,1848,1783
1410,21,387,3018900,1130,591,539
1411,21,387,3019000,866,429,437
1412,21,387,3019100,3595,1809,1786
1413,21,387,3019200,432,216,216
1414,21,387,3019300,3836,1972,1864
1415,21,387,3019400,0,0,0
1416,21,387,3019500,0,0,0
1417,21,387,3019600,548,281,267
1418,21,387,3019700,834,442,392
1419,21,387,3019800,291,141,150
1420,21,387,3019900,951,457,494
1421,21,387,3020000,1225,635,590
1422,21,387,3020100,1653,836,817
1423,21,387,3020200,1291,658,633
1424,21,387,3020300,1190,621,569
1425,21,387,3020400,397,206,191
1426,21,387,3020500,339,180,159
1427,21,387,3020600,621,310,311
1428,21,387,3020700,0,0,0
1429,21,387,3020800,0,0,0
1430,21,387,3020900,1282,619,663
1431,21,387,3021000,1128,568,560
1432,21,387,3021100,2271,1165,1106
1433,21,387,3021200,497,256,241
1434,21,387,3021300,624,307,317
1435,21,387,3021400,634,307,327
1436,21,387,3021500,1034,470,564
1437,21,387,3021600,1125,563,562
1438,21,387,3021700,237,110,127
1439,21,387,3021800,1185,592,593
1440,21,387,3021900,1431,737,694
1441,21,387,3022000,2072,1043,1029
1442,21,387,3022100,1914,957,957
1443,21,387,3022200,82,39,43
1444,21,387,3022300,670,330,340
1445,21,387,3022400,1967,933,1034
1446,21,387,3022500,825,440,385
1447,21,387,3022600,682,335,347
1448,21,387,3022700,465,232,233
1449,21,387,3022800,1726,910,816
1450,21,387,3022900,1932,968,964
1451,21,387,3023000,644,306,338
1452,21,387,3023100,1204,604,600
1453,21,387,3023200,584,297,287
1454,21,387,3023300,1763,883,880
1455,21,387,3023400,3250,1639,1611
1456,21,387,3023500,1461,750,711
1457,21,387,3023600,2618,1356,1262
1458,21,387,3023700,1976,1009,967
1459,21,387,3023800,1297,635,662
1460,21,387,3023900,1279,642,637
1461,21,387,3024000,1244,604,640
1462,21,387,3024100,0,0,0
1463,21,387,3024200,0,0,0
1464,21,387,3024300,1809,887,922
1465,21,387,3024400,4286,2112,2174
1466,21,387,3024500,767,398,369
1467,21,387,3024600,0,0,0
1468,21,387,3024700,1560,739,821
1469,21,387,3024800,904,442,462
1470,21,387,3024900,1167,603,564
1471,21,387,3025000,716,362,354
1472,21,387,3025100,935,476,459
1473,21,387,3025200,219,126,93
1474,21,387,3025300,576,285,291
1475,21,387,3025400,510,268,242
1476,21,387,3025500,46,24,22
1477,21,387,3025600,0,0,0
1478,21,387,3025700,761,400,361
1479,21,387,3025800,631,336,295
1480,21,387,3025900,864,441,423
1481,21,387,3026000,1082,543,539
1482,21,387,3026100,548,268,280
1483,21,387,3026200,1489,732,757
1484,21,387,3026300,0,0,0
1485,21,387,3026400,2019,1063,956
1486,21,387,3026500,691,345,346
1487,21,387,3026600,0,0,0
1488,21,387,3026700,383,189,194
1489,21,387,3026800,339,150,189
1490,21,387,3026900,470,242,228
1491,21,387,3027000,0,0,0
1492,21,387,3027100,566,302,264
1493,21,387,3027200,101,50,51
1494,21,387,3027300,648,307,341
1495,21,387,3027400,437,219,218
1496,21,387,3027500,920,468,452
1497,21,387,3027600,68,35,33
1498,21,387,3027700,2175,1086,1089
1499,21,387,3027800,516,272,244
1500,21,387,3027900,1977,1003,974
1501,21,387,3028000,1180,612,568
1502,21,387,3028100,513,272,241
1503,21,387,3028200,572,295,277
1504,21,387,3028300,420,207,213
1505,21,387,3028400,297,152,145
1506,21,387,3028500,973,498,475
1507,21,387,3028600,504,252,252
1508,21,387,3028700,629,322,307
1509,21,387,3028800,282,136,146
1510,21,387,3028900,228,122,106
1511,21,387,3029000,0,0,0
1512,21,387,3029100,621,302,319
1513,21,387,3029200,311,156,155
1514,21,387,3029300,104,53,51
1515,21,387,3029400,497,258,239
1516,21,387,3029500,178,98,80
1517,21,387,3029600,2285,1157,1128
1518,21,387,3029700,0,0,0
1519,21,387,3029800,422,206,216
1520,21,387,3029900,0,0,0
1521,21,387,3030000,0,0,0
1522,21,387,3030100,554,297,257
1523,21,387,3030200,79,36,43
1524,21,387,3030300,788,392,396
1525,21,387,3030400,422,210,212
1526,21,387,3030500,771,401,370
1527,21,387,3030600,0,0,0
1528,21,387,3030700,322,158,164
1529,21,387,3030800,633,315,318
1530,21,387,3030900,2563,1286,1277
1531,21,387,3031000,3412,1804,1608
1532,21,387,3031100,427,214,213
1533,21,387,3031200,1037,514,523
1534,21,387,3031300,718,349,369
1535,21,387,3031400,3721,1910,1811
1536,21,387,3031500,576,287,289
1537,21,387,3031600,771,387,384
1538,21,387,3031700,310,157,153
1539,21,387,3031800,1017,522,495
1540,21,387,3031900,4706,2339,2367
1541,21,387,3032000,2399,1205,1194
1542,21,387,3032100,716,360,356
1543,21,387,3032200,21,12,9
1544,21,387,3032300,1024,506,518
1545,21,387,3032400,1160,582,578
1546,21,387,3032500,78,40,38
1547,21,387,3032600,350,184,166
1548,21,387,3032700,265,127,138
1549,21,387,3032800,22,10,12
1550,21,387,3032900,380,186,194
1551,21,387,3033000,775,374,401
1552,21,387,3033100,596,285,311
1553,21,387,3033200,82,41,41
1554,21,387,3033300,1789,934,855
1555,21,387,3033400,300,146,154
1556,21,387,3033500,548,293,255
1557,21,387,3033600,321,169,152
1558,21,387,3033700,518,290,228
1559,21,387,3033800,529,284,245
1560,21,387,3033900,0,0,0
1561,21,387,3034000,739,380,359
1562,21,387,3034100,1222,606,616
1563,21,387,3034200,0,0,0
1564,21,387,3034300,333,157,176
1565,21,387,3034400,372,197,175
1566,21,387,3034500,730,369,361
1567,21,387,3034600,509,255,254
1568,21,387,3034700,3054,1559,1495
1569,21,387,3034800,499,243,256
1570,21,387,3034900,217,107,110
1571,21,387,3035000,468,239,229
1572,21,387,3035100,620,307,313
1573,21,387,3035200,26,12,14
1574,21,387,3035300,248,128,120
1575,21,387,3035400,1862,973,889
1576,21,387,3035500,717,362,355
1577,21,387,3035600,873,422,451
1578,21,387,3035700,15,10,5
1579,21,387,3035800,468,243,225
1580,21,387,3035900,619,307,312
1581,21,387,3036000,0,0,0
1582,21,387,3036100,1014,495,519
1583,21,387,3036200,777,384,393
1584,21,387,3036300,896,480,416
1585,21,387,3036400,1464,778,686
1586,21,387,3036500,2435,1261,1174
1587,21,387,3036600,248,126,122
1588,21,387,3036700,1351,709,642
1589,21,387,3036800,2253,1141,1112
1590,21,387,3036900,316,160,156
1591,21,387,3037000,388,188,200
1592,21,387,3037100,1064,548,516
1593,21,387,3037200,776,401,375
1594,21,387,3037300,252,133,119
1595,21,387,3037400,13,7,6
1596,21,387,3037500,1791,905,886
1597,21,387,3037600,2402,1217,1185
1598,21,387,3037700,363,181,182
1599,21,387,3037800,4558,2316,2242
1600,21,387,3037900,651,349,302
1601,21,387,3038000,1070,546,524
1602,21,387,3038100,857,447,410
1603,21,387,3038200,687,365,322
1604,21,387,3038300,779,388,391
1605,21,387,3038400,1024,538,486
1606,21,387,3038500,1654,895,759
1607,21,387,3038600,1109,557,552
1608,21,387,3038700,573,286,287
1609,21,387,3038800,373,191,182
1610,21,387,3038900,3,2,1
1611,21,387,3039000,1529,779,750
1612,21,387,3039100,2470,1268,1202
1613,21,387,3039200,370,167,203
1614,21,387,3039300,1333,650,683
1615,21,387,3039400,7,7,0
1616,21,387,3039500,0,0,0
1617,21,387,3039600,539,285,254
1618,21,387,3039700,2543,1326,1217
1619,21,387,3039800,1160,597,563
1620,21,387,3039900,1057,519,538
1621,21,387,3040000,0,0,0
1622,21,387,3040100,1113,587,526
1623,21,387,3040200,2251,1166,1085
1624,21,387,3040300,314,160,154
1625,21,387,3040400,474,236,238
1626,21,387,3040500,856,447,409
1627,21,387,3040600,166,83,83
1628,21,387,3040700,481,249,232
1629,21,387,3040800,861,432,429
1630,21,387,3040900,0,0,0
1631,21,387,3041000,922,471,451
1632,21,387,3041100,246,123,123
1633,21,387,3041200,534,278,256
1634,21,387,3041300,261,130,131
1635,21,387,3041400,457,235,222
1636,21,387,3041500,294,162,132
1637,21,387,3041600,384,196,188
1638,21,387,3041700,450,233,217
1639,21,387,3041800,837,423,414
1640,21,387,3041900,0,0,0
1641,21,387,3042000,0,0,0
1642,21,387,3042100,1305,667,638
1643,21,387,3042200,1213,612,601
1644,21,387,3042300,1249,648,601
1645,21,387,3042400,1887,912,975
1646,21,387,3042500,1576,825,751
1647,21,387,3042600,0,0,0
1648,21,387,3042700,391,204,187
1649,21,387,3042800,429,219,210
1650,21,387,3042900,480,312,168
1651,21,387,3043000,663,324,339
1652,21,387,3043100,515,248,267
1653,21,387,3043200,448,218,230
1654,21,387,3043300,956,475,481
1655,21,387,3043400,329,167,162
1656,21,387,3043500,290,139,151
1657,21,387,3043600,1811,902,909
1658,21,387,3043700,130,63,67
1659,21,387,3043800,1061,532,529
1660,21,387,3043900,129,54,75
1661,21,387,3044000,399,204,195
1662,21,387,3044100,189,94,95
1663,21,387,3044200,623,323,300
1664,21,387,3044300,0,0,0
1665,21,387,3044400,450,228,222
1666,21,387,3044500,901,460,441
1667,21,387,3044600,750,371,379
1668,21,387,3044700,152,82,70
1669,21,387,3044800,1109,558,551
1670,21,387,3044900,759,377,382
1671,21,387,3045000,1251,632,619
1672,21,387,3045100,321,159,162
1673,21,387,3045200,561,286,275
1674,21,387,3045300,234,101,133
1675,21,387,3045400,689,353,336
1676,21,387,3045500,677,341,336
1677,21,387,3045600,687,352,335
1678,21,387,3045700,324,167,157
1679,21,387,3045800,1234,650,584
1680,21,387,3045900,603,307,296
1681,21,387,3046000,2134,1102,1032
1682,21,387,3046100,392,197,195
1683,21,387,3046200,3644,1874,1770
1684,21,387,3046300,339,178,161
1685,21,387,3046400,1015,538,477
1686,21,387,3046500,652,311,341
1687,21,387,3046600,1069,583,486
1688,21,387,3046700,242,122,120
1689,21,387,3046800,552,294,258
1690,21,387,3046900,842,447,395
1691,21,387,3047000,2074,1061,1013
1692,21,387,3047100,1259,632,627
1693,21,387,3047200,391,214,177
1694,21,387,3047300,552,296,256
1695,21,387,3047400,282,151,131
1696,21,387,3047500,1407,698,709
1697,21,387,3047600,0,0,0
1698,21,387,3047700,0,0,0
1699,21,387,3047800,0,0,0
1700,21,387,3047900,0,0,0
1701,21,387,3048000,0,0,0
1702,21,387,3048100,468,236,232
1703,21,387,3048200,845,428,417
1704,21,387,3048300,1035,525,510
1705,21,387,3048400,1058,547,511
1706,21,387,3048500,238,130,108
1707,21,387,3048600,340,176,164
1708,21,387,3048700,175,87,88
1709,21,387,3048800,307,152,155
1710,21,387,3048900,0,0,0
1711,21,387,3049000,0,0,0
1712,21,387,3049100,0,0,0
1713,21,387,3049200,0,0,0
1714,21,387,3049300,43,21,22
