,Statecode,Districtcode,VillageCode,Population,Males,Females
0,21,376,763900,912,457,455
1,21,376,764000,751,377,374
2,21,376,764100,276,139,137
3,21,376,764200,826,395,431
4,21,376,764300,465,216,249
5,21,376,764400,758,363,395
6,21,376,764500,1390,704,686
7,21,376,764600,185,89,96
8,21,376,764700,332,159,173
9,21,376,764800,712,351,361
10,21,376,764900,343,171,172
11,21,376,765000,507,238,269
12,21,376,765100,517,256,261
13,21,376,765200,256,125,131
14,21,376,765300,1336,649,687
15,21,376,765400,953,483,470
16,21,376,765500,658,321,337
17,21,376,765600,439,221,218
18,21,376,765700,910,477,433
19,21,376,765800,0,0,0
20,21,376,765900,1686,809,877
21,21,376,766000,406,190,216
22,21,376,766100,1723,858,865
23,21,376,766200,334,152,182
24,21,376,766300,418,204,214
25,21,376,766400,542,266,276
26,21,376,766500,405,214,191
27,21,376,766600,751,350,401
28,21,376,766700,965,482,483
29,21,376,766800,910,476,434
30,21,376,766900,696,350,346
31,21,376,767000,1077,510,567
32,21,376,767100,916,442,474
33,21,376,767200,1011,510,501
34,21,376,767300,618,287,331
35,21,376,767400,1926,999,927
36,21,376,767500,551,266,285
37,21,376,767600,775,344,431
38,21,376,767700,743,338,405
39,21,376,767800,765,352,413
40,21,376,767900,808,396,412
41,21,376,768000,510,259,251
42,21,376,768100,580,289,291
43,21,376,768200,611,310,301
44,21,376,768300,1051,542,509
45,21,376,768400,889,451,438
46,21,376,768500,452,238,214
47,21,376,768600,904,427,477
48,21,376,768700,1367,660,707
49,21,376,768800,1355,655,700
50,21,376,768900,417,212,205
51,21,376,769000,333,164,169
52,21,376,769100,1646,822,824
53,21,376,769200,654,329,325
54,21,376,769300,360,184,176
55,21,376,769400,449,204,245
56,21,376,769500,60,31,29
57,21,376,769600,356,175,181
58,21,376,769700,304,147,157
59,21,376,769800,2623,1335,1288
60,21,376,769900,506,247,259
61,21,376,770000,1864,937,927
62,21,376,770100,1923,937,986
63,21,376,770200,619,313,306
64,21,376,770300,977,484,493
65,21,376,770400,540,270,270
66,21,376,770500,369,184,185
67,21,376,770600,947,484,463
68,21,376,770700,655,340,315
69,21,376,770800,174,78,96
70,21,376,770900,398,183,215
71,21,376,771000,654,300,354
72,21,376,771100,1417,703,714
73,21,376,771200,751,389,362
74,21,376,771300,826,434,392
75,21,376,771400,1354,684,670
76,21,376,771500,1028,519,509
77,21,376,771600,598,301,297
78,21,376,771700,199,95,104
79,21,376,771800,588,274,314
80,21,376,771900,628,304,324
81,21,376,772000,405,194,211
82,21,376,772100,705,358,347
83,21,376,772200,950,491,459
84,21,376,772300,1195,610,585
85,21,376,772400,0,0,0
86,21,376,772500,2205,1053,1152
87,21,376,772600,1002,485,517
88,21,376,772700,1319,657,662
89,21,376,772800,3765,1905,1860
90,21,376,772900,1183,581,602
91,21,376,773000,1097,534,563
92,21,376,773100,601,300,301
93,21,376,773200,500,243,257
94,21,376,773300,605,295,310
95,21,376,773400,536,280,256
96,21,376,773500,802,413,389
97,21,376,773600,762,394,368
98,21,376,773700,451,231,220
99,21,376,773800,334,168,166
100,21,376,773900,1291,625,666
101,21,376,774000,315,148,167
102,21,376,774100,838,439,399
103,21,376,774200,327,146,181
104,21,376,774300,416,188,228
105,21,376,774400,812,416,396
106,21,376,774500,791,395,396
107,21,376,774600,1138,568,570
108,21,376,774700,140,71,69
109,21,376,774800,339,174,165
110,21,376,774900,965,481,484
111,21,376,775000,663,350,313
112,21,376,775100,1054,535,519
113,21,376,775200,0,0,0
114,21,376,775300,333,165,168
115,21,376,775400,1516,746,770
116,21,376,775500,4100,2138,1962
117,21,376,775600,457,213,244
118,21,376,775700,1028,478,550
119,21,376,775800,63,36,27
120,21,376,775900,2654,1319,1335
121,21,376,776000,1943,957,986
122,21,376,776100,2335,1179,1156
123,21,376,776200,327,142,185
124,21,376,776300,170,91,79
125,21,376,776400,2257,1110,1147
126,21,376,776500,721,382,339
127,21,376,776600,533,271,262
128,21,376,776700,34,17,17
129,21,376,776800,1053,515,538
130,21,376,776900,378,180,198
131,21,376,777000,493,245,248
132,21,376,777100,1184,538,646
133,21,376,777200,717,348,369
134,21,376,777300,558,279,279
135,21,376,777400,717,358,359
136,21,376,777500,532,255,277
137,21,376,777600,675,333,342
138,21,376,777700,212,111,101
139,21,376,777800,4016,2057,1959
140,21,376,777900,967,501,466
141,21,376,778000,1086,552,534
142,21,376,778100,1329,662,667
143,21,376,778200,3063,1542,1521
144,21,376,778300,6221,3106,3115
145,21,376,778400,222,110,112
146,21,376,778500,425,221,204
147,21,376,778600,826,419,407
148,21,376,778700,1605,819,786
149,21,376,778800,1057,538,519
150,21,376,778900,823,409,414
151,21,376,779000,483,224,259
152,21,376,779100,406,197,209
153,21,376,779200,843,438,405
154,21,376,779300,470,228,242
155,21,376,779400,432,206,226
156,21,376,779500,408,194,214
157,21,376,779600,1415,699,716
158,21,376,779700,0,0,0
159,21,376,779800,2018,1024,994
160,21,376,779900,2012,1013,999
161,21,376,780000,0,0,0
162,21,376,780100,686,352,334
163,21,376,780200,2137,1051,1086
164,21,376,780300,875,445,430
165,21,376,780400,456,224,232
166,21,376,780500,331,161,170
167,21,376,780600,1071,523,548
168,21,376,780700,426,213,213
169,21,376,780800,175,84,91
170,21,376,780900,897,473,424
171,21,376,781000,615,310,305
172,21,376,781100,521,248,273
173,21,376,781200,628,299,329
174,21,376,781300,640,323,317
175,21,376,781400,1109,514,595
176,21,376,781500,892,462,430
177,21,376,781600,299,161,138
178,21,376,781700,442,232,210
179,21,376,781800,289,141,148
180,21,376,781900,1404,695,709
181,21,376,782000,251,130,121
182,21,376,782100,159,81,78
183,21,376,782200,973,483,490
184,21,376,782300,533,254,279
185,21,376,782400,1034,502,532
186,21,376,782500,349,175,174
187,21,376,782600,416,206,210
188,21,376,782700,407,185,222
189,21,376,782800,536,275,261
190,21,376,782900,883,445,438
191,21,376,783000,397,183,214
192,21,376,783100,0,0,0
193,21,376,783200,404,214,190
194,21,376,783300,183,85,98
195,21,376,783400,1300,626,674
196,21,376,783500,1889,992,897
197,21,376,783600,1314,683,631
198,21,376,783700,177,84,93
199,21,376,783800,183,99,84
200,21,376,783900,782,391,391
201,21,376,784000,3005,1444,1561
202,21,376,784100,223,103,120
203,21,376,784200,689,324,365
204,21,376,784300,1582,763,819
205,21,376,784400,229,116,113
206,21,376,784500,596,279,317
207,21,376,784600,371,188,183
208,21,376,784700,428,215,213
209,21,376,784800,873,413,460
210,21,376,784900,1042,506,536
211,21,376,785000,1092,542,550
212,21,376,785100,321,155,166
213,21,376,785200,1201,600,601
214,21,376,785300,662,340,322
215,21,376,785400,822,427,395
216,21,376,785500,1066,521,545
217,21,376,785600,529,270,259
218,21,376,785700,1090,529,561
219,21,376,785800,455,229,226
220,21,376,785900,774,368,406
221,21,376,786000,1018,494,524
222,21,376,786100,801,387,414
223,21,376,786200,1070,495,575
224,21,376,786300,1133,540,593
225,21,376,786400,1578,788,790
226,21,376,786500,369,197,172
227,21,376,786600,746,366,380
228,21,376,786700,758,368,390
229,21,376,786800,1265,645,620
230,21,376,786900,1341,662,679
231,21,376,787000,459,221,238
232,21,376,787100,1144,579,565
233,21,376,787200,1916,1070,846
234,21,376,787300,1110,544,566
235,21,376,787400,2225,1088,1137
236,21,376,787500,398,197,201
237,21,376,787600,2205,1099,1106
238,21,376,787700,152,78,74
239,21,376,787800,830,406,424
240,21,376,787900,2864,1441,1423
241,21,376,788000,1442,694,748
242,21,376,788100,1066,534,532
243,21,376,788200,629,313,316
244,21,376,788300,1370,693,677
245,21,376,788400,260,120,140
246,21,376,788500,186,85,101
247,21,376,788600,1379,641,738
248,21,376,788700,1497,705,792
249,21,376,788800,635,298,337
250,21,376,788900,933,476,457
251,21,376,789000,1049,511,538
252,21,376,789100,1011,498,513
253,21,376,789200,1673,822,851
254,21,376,789300,295,150,145
255,21,376,789400,110,48,62
256,21,376,789500,0,0,0
257,21,376,789600,982,487,495
258,21,376,789700,794,400,394
259,21,376,789800,1235,599,636
260,21,376,789900,408,189,219
261,21,376,790000,360,167,193
262,21,376,790100,1359,662,697
263,21,376,790200,146,69,77
264,21,376,790300,567,276,291
265,21,376,790400,78,37,41
266,21,376,790500,702,336,366
267,21,376,790600,0,0,0
268,21,376,790700,1279,646,633
269,21,376,790800,937,423,514
270,21,376,790900,510,256,254
271,21,376,791000,138,71,67
272,21,376,791100,157,72,85
273,21,376,791200,361,179,182
274,21,376,791300,206,104,102
275,21,376,791400,396,184,212
276,21,376,791500,467,251,216
277,21,376,791600,793,418,375
278,21,376,791700,1479,760,719
279,21,376,791800,453,229,224
280,21,376,791900,310,167,143
281,21,376,792000,260,131,129
282,21,376,792100,284,140,144
283,21,376,792200,503,240,263
284,21,376,792300,798,377,421
285,21,376,792400,581,289,292
286,21,376,792500,1336,638,698
287,21,376,792600,536,265,271
288,21,376,792700,184,89,95
289,21,376,792800,0,0,0
290,21,376,792900,98,49,49
291,21,376,793000,44,21,23
292,21,376,793100,167,81,86
293,21,376,793200,0,0,0
294,21,376,793300,80,40,40
295,21,376,793400,56,21,35
296,21,376,793500,206,104,102
297,21,376,793600,136,58,78
298,21,376,793700,131,69,62
299,21,376,793800,1211,660,551
300,21,376,793900,708,340,368
301,21,376,794000,709,327,382
302,21,376,794100,180,95,85
303,21,376,794200,885,443,442
304,21,376,794300,1097,530,567
305,21,376,794400,290,133,157
306,21,376,794500,452,224,228
307,21,376,794600,340,166,174
308,21,376,794700,1197,615,582
309,21,376,794800,0,0,0
310,21,376,794900,562,262,300
311,21,376,795000,763,386,377
312,21,376,795100,2928,1454,1474
313,21,376,795200,20,10,10
314,21,376,795300,1504,754,750
315,21,376,795400,821,371,450
316,21,376,795500,2081,1053,1028
317,21,376,795600,747,362,385
318,21,376,795700,1600,827,773
319,21,376,795800,291,147,144
320,21,376,795900,10,4,6
321,21,376,796000,116,54,62
322,21,376,796100,371,174,197
323,21,376,796200,53,23,30
324,21,376,796300,482,247,235
325,21,376,796400,442,223,219
326,21,376,796500,0,0,0
327,21,376,796600,444,222,222
328,21,376,796700,371,171,200
329,21,376,796800,214,93,121
330,21,376,796900,390,177,213
331,21,376,797000,602,293,309
332,21,376,797100,122,53,69
333,21,376,797200,329,168,161
334,21,376,797300,0,0,0
335,21,376,797400,272,129,143
336,21,376,797500,129,65,64
337,21,376,797600,285,132,153
338,21,376,797700,196,88,108
339,21,376,797800,517,262,255
340,21,376,797900,0,0,0
341,21,376,798000,262,137,125
342,21,376,798100,0,0,0
343,21,376,798200,255,112,143
344,21,376,798300,103,54,49
345,21,376,798400,0,0,0
346,21,376,798500,139,70,69
347,21,376,798600,51,22,29
348,21,376,798700,0,0,0
349,21,376,798800,42,20,22
350,21,376,798900,11,4,7
351,21,376,799000,0,0,0
352,21,376,799100,55,25,30
353,21,376,799200,302,150,152
354,21,376,799300,0,0,0
355,21,376,799400,178,85,93
356,21,376,799500,193,85,108
357,21,376,799600,0,0,0
358,21,376,799700,375,186,189
359,21,376,799800,498,248,250
360,21,376,799900,414,206,208
361,21,376,800000,448,216,232
362,21,376,800100,325,166,159
363,21,376,800200,1398,705,693
364,21,376,800300,156,80,76
365,21,376,800400,675,310,365
366,21,376,800500,409,207,202
367,21,376,800600,0,0,0
368,21,376,800700,564,295,269
369,21,376,800800,686,347,339
370,21,376,800900,395,204,191
371,21,376,801000,317,158,159
372,21,376,801100,76,37,39
373,21,376,801200,69,43,26
374,21,376,801300,327,166,161
375,21,376,801400,103,49,54
376,21,376,801500,251,119,132
377,21,376,801600,82,42,40
378,21,376,801700,334,161,173
379,21,376,801800,253,123,130
380,21,376,801900,95,52,43
381,21,376,802000,800,387,413
382,21,376,802100,256,128,128
383,21,376,802200,443,198,245
384,21,376,802300,471,227,244
385,21,376,802400,342,178,164
386,21,376,802500,91,37,54
387,21,376,802600,800,322,478
388,21,376,802700,26,10,16
389,21,376,802800,309,164,145
390,21,376,802900,609,331,278
391,21,376,803000,712,342,370
392,21,376,803100,433,229,204
393,21,376,803200,0,0,0
394,21,376,803300,234,111,123
395,21,376,803400,519,253,266
396,21,376,803500,0,0,0
397,21,376,803600,139,74,65
398,21,376,803700,0,0,0
399,21,376,803800,549,267,282
400,21,376,803900,0,0,0
401,21,376,804000,726,357,369
402,21,376,804100,343,170,173
403,21,376,804200,718,349,369
404,21,376,804300,259,130,129
405,21,376,804400,887,449,438
406,21,376,804500,251,125,126
407,21,376,804600,1185,550,635
408,21,376,804700,223,111,112
409,21,376,804800,341,157,184
410,21,376,804900,298,152,146
411,21,376,805000,85,46,39
412,21,376,805100,342,185,157
413,21,376,805200,0,0,0
414,21,376,805300,1233,610,623
415,21,376,805400,396,190,206
416,21,376,805500,221,111,110
417,21,376,805600,2042,1033,1009
418,21,376,805700,695,356,339
419,21,376,805800,996,514,482
420,21,376,805900,1159,564,595
421,21,376,806000,1112,541,571
422,21,376,806100,1107,523,584
423,21,376,806200,731,333,398
424,21,376,806300,1096,528,568
425,21,376,806400,270,132,138
426,21,376,806500,17,5,12
427,21,376,806600,598,296,302
428,21,376,806700,2392,1188,1204
429,21,376,806800,839,406,433
430,21,376,806900,93,45,48
431,21,376,807000,248,114,134
432,21,376,807100,387,194,193
433,21,376,807200,0,0,0
434,21,376,807300,655,310,345
435,21,376,807400,227,114,113
436,21,376,807500,349,160,189
437,21,376,807600,1022,498,524
438,21,376,807700,941,476,465
439,21,376,807800,1090,526,564
440,21,376,807900,1058,532,526
441,21,376,808000,601,319,282
442,21,376,808100,492,250,242
443,21,376,808200,1514,726,788
444,21,376,808300,739,367,372
445,21,376,808400,462,234,228
446,21,376,808500,1473,765,708
447,21,376,808600,1004,515,489
448,21,376,808700,897,455,442
449,21,376,808800,879,427,452
450,21,376,808900,780,390,390
451,21,376,809000,1271,624,647
452,21,376,809100,822,379,443
453,21,376,809200,426,221,205
454,21,376,809300,953,474,479
455,21,376,809400,449,233,216
456,21,376,809500,551,271,280
457,21,376,809600,788,381,407
458,21,376,809700,601,308,293
459,21,376,809800,606,302,304
460,21,376,809900,2289,1178,1111
461,21,376,810000,122,63,59
462,21,376,810100,714,332,382
463,21,376,810200,1444,711,733
464,21,376,810300,538,272,266
465,21,376,810400,934,458,476
466,21,376,810500,266,125,141
467,21,376,810600,2537,1261,1276
468,21,376,810700,611,299,312
469,21,376,810800,391,180,211
470,21,376,810900,1197,583,614
471,21,376,811000,2538,1264,1274
472,21,376,811100,600,275,325
473,21,376,811200,158,68,90
474,21,376,811300,1207,588,619
475,21,376,811400,1041,512,529
476,21,376,811500,782,394,388
477,21,376,811600,452,214,238
478,21,376,811700,3451,1729,1722
479,21,376,811800,389,203,186
480,21,376,811900,747,348,399
481,21,376,812000,1000,511,489
482,21,376,812100,821,408,413
483,21,376,812200,715,353,362
484,21,376,812300,723,385,338
485,21,376,812400,1617,832,785
486,21,376,812500,113,58,55
487,21,376,812600,1279,600,679
488,21,376,812700,1155,583,572
489,21,376,812800,379,186,193
490,21,376,812900,1432,714,718
491,21,376,813000,1173,563,610
492,21,376,813100,1014,483,531
493,21,376,813200,711,336,375
494,21,376,813300,287,136,151
495,21,376,813400,592,301,291
496,21,376,813500,1940,938,1002
497,21,376,813600,0,0,0
498,21,376,813700,504,240,264
499,21,376,813800,0,0,0
500,21,376,813900,525,254,271
501,21,376,814000,224,111,113
502,21,376,814100,1321,673,648
503,21,376,814200,791,372,419
504,21,376,814300,528,263,265
505,21,376,814400,629,334,295
506,21,376,814500,366,190,176
507,21,376,814600,385,189,196
508,21,376,814700,484,237,247
509,21,376,814800,1311,627,684
510,21,376,814900,398,195,203
511,21,376,815000,232,111,121
512,21,376,815100,625,298,327
513,21,376,815200,590,300,290
514,21,376,815300,439,208,231
515,21,376,815400,601,292,309
516,21,376,815500,745,395,350
517,21,376,815600,578,287,291
518,21,376,815700,217,98,119
519,21,376,815800,888,448,440
520,21,376,815900,827,410,417
521,21,376,816000,1664,848,816
522,21,376,816100,1027,543,484
523,21,376,816200,359,149,210
524,21,376,816300,506,250,256
525,21,376,816400,1268,649,619
526,21,376,816500,452,241,211
527,21,376,816600,385,190,195
528,21,376,816700,545,279,266
529,21,376,816800,428,208,220
530,21,376,816900,1159,610,549
531,21,376,817000,600,318,282
532,21,376,817100,912,477,435
533,21,376,817200,452,214,238
534,21,376,817300,791,387,404
535,21,376,817400,502,250,252
536,21,376,817500,323,167,156
537,21,376,817600,744,388,356
538,21,376,817700,947,443,504
539,21,376,817800,408,199,209
540,21,376,817900,434,212,222
541,21,376,818000,985,516,469
542,21,376,818100,455,219,236
543,21,376,818200,72,32,40
544,21,376,818300,762,382,380
545,21,376,818400,598,298,300
546,21,376,818500,1256,608,648
547,21,376,818600,215,117,98
548,21,376,818700,257,140,117
549,21,376,818800,495,247,248
550,21,376,818900,1000,455,545
551,21,376,819000,233,114,119
552,21,376,819100,1403,726,677
553,21,376,819200,629,329,300
554,21,376,819300,1555,763,792
555,21,376,819400,2064,1041,1023
556,21,376,819500,474,240,234
557,21,376,819600,159,80,79
558,21,376,819700,308,240,68
559,21,376,819800,702,350,352
560,21,376,819900,0,0,0
561,21,376,820000,80,44,36
562,21,376,820100,409,202,207
563,21,376,820200,600,302,298
564,21,376,820300,984,507,477
565,21,376,820400,732,352,380
566,21,376,820500,916,458,458
567,21,376,820600,762,357,405
568,21,376,820700,985,506,479
569,21,376,820800,313,137,176
570,21,376,820900,165,84,81
571,21,376,821000,991,470,521
572,21,376,821100,942,438,504
573,21,376,821200,2249,1153,1096
574,21,376,821300,1520,760,760
575,21,376,821400,756,359,397
576,21,376,821500,953,509,444
577,21,376,821600,977,459,518
578,21,376,821700,745,366,379
579,21,376,821800,572,290,282
580,21,376,821900,983,475,508
581,21,376,822000,1299,637,662
582,21,376,822100,233,111,122
583,21,376,822200,646,300,346
584,21,376,822300,483,234,249
585,21,376,822400,563,283,280
586,21,376,822500,766,390,376
587,21,376,822600,368,185,183
588,21,376,822700,669,308,361
589,21,376,822800,1271,636,635
590,21,376,822900,467,246,221
591,21,376,823000,1079,549,530
592,21,376,823100,756,371,385
593,21,376,823200,510,247,263
594,21,376,823300,1127,553,574
595,21,376,823400,1378,689,689
596,21,376,823500,248,130,118
597,21,376,823600,1595,800,795
598,21,376,823700,474,254,220
599,21,376,823800,3415,1692,1723
600,21,376,823900,1505,772,733
601,21,376,824000,727,356,371
602,21,376,824100,1433,713,720
603,21,376,824200,3415,1716,1699
604,21,376,824300,435,227,208
605,21,376,824400,598,293,305
606,21,376,824500,662,330,332
607,21,376,824600,1275,638,637
608,21,376,824700,1325,703,622
609,21,376,824800,1691,835,856
610,21,376,824900,1308,667,641
611,21,376,825000,225,111,114
612,21,376,825100,666,321,345
613,21,376,825200,186,94,92
614,21,376,825300,544,308,236
615,21,376,825400,1039,519,520
616,21,376,825500,1540,737,803
617,21,376,825600,178,78,100
618,21,376,825700,1046,519,527
619,21,376,825800,0,0,0
620,21,376,825900,123,54,69
621,21,376,826000,296,167,129
622,21,376,826100,486,245,241
623,21,376,826200,331,176,155
624,21,376,826300,388,186,202
625,21,376,826400,329,159,170
626,21,376,826500,368,171,197
627,21,376,826600,360,169,191
628,21,376,826700,3894,1922,1972
629,21,376,826800,451,237,214
630,21,376,826900,923,452,471
631,21,376,827000,308,145,163
632,21,376,827100,906,427,479
633,21,376,827200,1108,563,545
634,21,376,827300,695,343,352
635,21,376,827400,813,386,427
636,21,376,827500,1447,704,743
637,21,376,827600,401,189,212
638,21,376,827700,851,398,453
639,21,376,827800,885,421,464
640,21,376,827900,760,366,394
641,21,376,828000,529,260,269
642,21,376,828100,1125,535,590
643,21,376,828200,1166,564,602
644,21,376,828300,196,97,99
645,21,376,828400,782,379,403
646,21,376,828500,207,104,103
647,21,376,828600,2211,1091,1120
648,21,376,828700,296,150,146
649,21,376,828800,495,228,267
650,21,376,828900,36,20,16
651,21,376,829000,217,104,113
652,21,376,829100,962,458,504
653,21,376,829200,789,389,400
654,21,376,829300,351,186,165
655,21,376,829400,0,0,0
656,21,376,829500,1521,784,737
657,21,376,829600,273,125,148
658,21,376,829700,535,247,288
659,21,376,829800,388,189,199
660,21,376,829900,111,60,51
661,21,376,830000,0,0,0
662,21,376,830100,353,183,170
663,21,376,830200,237,117,120
664,21,376,830300,442,212,230
665,21,376,830400,285,141,144
666,21,376,830500,0,0,0
667,21,376,830600,0,0,0
668,21,376,830700,386,185,201
669,21,376,830800,107,55,52
670,21,376,830900,289,141,148
671,21,376,831000,276,136,140
672,21,376,831100,541,274,267
673,21,376,831200,246,116,130
674,21,376,831300,112,60,52
675,21,376,831400,467,224,243
676,21,376,831500,207,94,113
677,21,376,831600,673,331,342
678,21,376,831700,558,280,278
679,21,376,831800,285,139,146
680,21,376,831900,444,229,215
681,21,376,832000,1290,653,637
682,21,376,832100,519,255,264
683,21,376,832200,552,262,290
684,21,376,832300,725,362,363
685,21,376,832400,693,315,378
686,21,376,832500,1283,615,668
687,21,376,832600,762,376,386
688,21,376,832700,424,221,203
689,21,376,832800,927,457,470
690,21,376,832900,348,176,172
691,21,376,833000,663,334,329
692,21,376,833100,323,160,163
693,21,376,833200,142,70,72
694,21,376,833300,634,343,291
695,21,376,833400,309,155,154
696,21,376,833500,1098,552,546
697,21,376,833600,857,451,406
698,21,376,833700,659,338,321
699,21,376,833800,396,204,192
700,21,376,833900,447,240,207
701,21,376,834000,231,112,119
702,21,376,834100,589,296,293
703,21,376,834200,404,190,214
704,21,376,834300,644,296,348
705,21,376,834400,0,0,0
706,21,376,834500,550,265,285
707,21,376,834600,0,0,0
708,21,376,834700,71,35,36
709,21,376,834800,0,0,0
710,21,376,834900,265,130,135
711,21,376,835000,675,332,343
712,21,376,835100,289,146,143
713,21,376,835200,10,3,7
714,21,376,835300,0,0,0
715,21,376,835400,305,160,145
716,21,376,835500,215,111,104
717,21,376,835600,408,210,198
718,21,376,835700,617,309,308
719,21,376,835800,157,78,79
720,21,376,835900,366,169,197
721,21,376,836000,340,159,181
722,21,376,836100,174,88,86
723,21,376,836200,587,263,324
724,21,376,836300,696,330,366
725,21,376,836400,688,324,364
726,21,376,836500,221,107,114
727,21,376,836600,778,407,371
728,21,376,836700,723,347,376
729,21,376,836800,0,0,0
730,21,376,836900,188,84,104
731,21,376,837000,732,357,375
732,21,376,837100,0,0,0
733,21,376,837200,1145,551,594
734,21,376,837300,443,223,220
735,21,376,837400,583,281,302
736,21,376,837500,516,259,257
737,21,376,837600,684,338,346
738,21,376,837700,97,56,41
739,21,376,837800,1456,722,734
740,21,376,837900,476,223,253
741,21,376,838000,999,498,501
742,21,376,838100,98,48,50
743,21,376,838200,0,0,0
744,21,376,838300,65,27,38
745,21,376,838400,0,0,0
746,21,376,838500,617,290,327
747,21,376,838600,177,89,88
748,21,376,838700,553,276,277
749,21,376,838800,981,477,504
750,21,376,838900,945,462,483
751,21,376,839000,155,71,84
752,21,376,839100,839,408,431
753,21,376,839200,1046,523,523
754,21,376,839300,1333,653,680
755,21,376,839400,521,251,270
756,21,376,839500,318,155,163
757,21,376,839600,789,361,428
758,21,376,839700,747,357,390
759,21,376,839800,599,319,280
760,21,376,839900,1706,854,852
761,21,376,840000,778,385,393
762,21,376,840100,514,245,269
763,21,376,840200,196,85,111
764,21,376,840300,359,169,190
765,21,376,840400,280,133,147
766,21,376,840500,1056,516,540
767,21,376,840600,1193,558,635
768,21,376,840700,1085,535,550
769,21,376,840800,1346,688,658
770,21,376,840900,1243,640,603
771,21,376,841000,449,228,221
772,21,376,841100,964,501,463
773,21,376,841200,586,280,306
774,21,376,841300,250,121,129
775,21,376,841400,69,32,37
776,21,376,841500,139,74,65
777,21,376,841600,370,178,192
778,21,376,841700,590,276,314
779,21,376,841800,117,63,54
780,21,376,841900,673,329,344
781,21,376,842000,212,102,110
782,21,376,842100,466,240,226
783,21,376,842200,852,413,439
784,21,376,842300,1308,627,681
785,21,376,842400,924,464,460
786,21,376,842500,160,84,76
787,21,376,842600,922,447,475
788,21,376,842700,3878,2059,1819
789,21,376,842800,720,351,369
790,21,376,842900,1293,670,623
791,21,376,843000,440,224,216
792,21,376,843100,608,308,300
793,21,376,843200,308,133,175
794,21,376,843300,253,117,136
795,21,376,843400,1685,904,781
796,21,376,843500,760,395,365
797,21,376,843600,879,507,372
798,21,376,843700,406,190,216
799,21,376,843800,215,103,112
800,21,376,843900,438,216,222
801,21,376,844000,247,113,134
802,21,376,844100,701,332,369
803,21,376,844200,448,225,223
804,21,376,844300,481,243,238
805,21,376,844400,198,102,96
806,21,376,844500,543,266,277
807,21,376,844600,1106,511,595
808,21,376,844700,1049,532,517
809,21,376,844800,1172,600,572
810,21,376,844900,541,298,243
811,21,376,845000,509,256,253
812,21,376,845100,1188,626,562
813,21,376,845200,684,352,332
814,21,376,845300,82,44,38
815,21,376,845400,963,481,482
816,21,376,845500,723,367,356
817,21,376,845600,1125,544,581
818,21,376,845700,164,80,84
819,21,376,845800,149,73,76
820,21,376,845900,263,137,126
821,21,376,846000,428,202,226
822,21,376,846100,1551,760,791
823,21,376,846200,474,223,251
824,21,376,846300,63,46,17
825,21,376,846400,474,240,234
826,21,376,846500,1388,706,682
827,21,376,846600,219,113,106
828,21,376,846700,264,138,126
829,21,376,846800,185,87,98
830,21,376,846900,1537,766,771
831,21,376,847000,675,347,328
832,21,376,847100,923,465,458
833,21,376,847200,207,102,105
834,21,376,847300,989,458,531
835,21,376,847400,607,308,299
836,21,376,847500,104,54,50
837,21,376,847600,878,438,440
838,21,376,847700,773,390,383
839,21,376,847800,950,483,467
840,21,376,847900,579,319,260
841,21,376,848000,416,228,188
842,21,376,848100,662,322,340
843,21,376,848200,478,243,235
844,21,376,848300,2748,1446,1302
845,21,376,848400,0,0,0
846,21,376,848500,1000,514,486
847,21,376,848600,341,180,161
848,21,376,848700,100,46,54
849,21,376,848800,189,98,91
850,21,376,848900,84,44,40
851,21,376,849000,281,140,141
852,21,376,849100,1610,791,819
853,21,376,849200,807,423,384
854,21,376,849300,332,170,162
855,21,376,849400,14,6,8
856,21,376,849500,828,410,418
857,21,376,849600,602,305,297
858,21,376,849700,616,279,337
859,21,376,849800,58,25,33
860,21,376,849900,1414,693,721
861,21,376,850000,444,223,221
862,21,376,850100,657,323,334
863,21,376,850200,234,119,115
864,21,376,850300,972,481,491
865,21,376,850400,362,175,187
866,21,376,850500,791,404,387
867,21,376,850600,758,382,376
868,21,376,850700,399,189,210
869,21,376,850800,287,150,137
870,21,376,850900,219,111,108
871,21,376,851000,443,215,228
872,21,376,851100,250,117,133
873,21,376,851200,213,104,109
874,21,376,851300,4128,2088,2040
875,21,376,851400,1591,789,802
876,21,376,851500,1176,582,594
877,21,376,851600,20,10,10
878,21,376,851700,193,99,94
879,21,376,851800,350,170,180
880,21,376,851900,17,10,7
881,21,376,852000,755,378,377
882,21,376,852100,40,22,18
883,21,376,852200,524,270,254
884,21,376,852300,336,165,171
885,21,376,852400,120,63,57
886,21,376,852500,1252,640,612
887,21,376,852600,246,116,130
888,21,376,852700,601,289,312
889,21,376,852800,664,341,323
890,21,376,852900,107,55,52
891,21,376,853000,0,0,0
892,21,376,853100,243,150,93
893,21,376,853200,358,183,175
894,21,376,853300,819,425,394
895,21,376,853400,270,133,137
896,21,376,853500,17,10,7
897,21,376,853600,0,0,0
898,21,376,853700,728,377,351
899,21,376,853800,155,78,77
900,21,376,853900,0,0,0
901,21,376,854000,515,253,262
902,21,376,854100,298,164,134
903,21,376,854200,810,400,410
904,21,376,854300,1452,735,717
905,21,376,854400,0,0,0
906,21,376,854500,0,0,0
907,21,376,854600,0,0,0
908,21,376,854700,2078,1062,1016
909,21,376,854800,63,30,33
910,21,376,854900,399,208,191
911,21,376,855000,254,129,125
912,21,376,855100,343,179,164
913,21,376,855200,664,344,320
914,21,376,855300,785,418,367
915,21,376,855400,185,97,88
916,21,376,855500,1551,775,776
917,21,376,855600,3129,1581,1548
918,21,376,855700,4,4,0
919,21,376,855800,260,150,110
920,21,376,855900,425,205,220
921,21,376,856000,240,117,123
922,21,376,856100,1260,684,576
923,21,376,856200,0,0,0
924,21,376,856300,610,309,301
925,21,376,856400,78,46,32
926,21,376,856500,862,471,391
927,21,376,856600,714,351,363
928,21,376,856700,340,188,152
929,21,376,856800,71,37,34
930,21,376,856900,390,195,195
931,21,376,857000,223,103,120
932,21,376,857100,190,95,95
933,21,376,857200,6,4,2
934,21,376,857300,371,204,167
935,21,376,857400,0,0,0
936,21,376,857500,0,0,0
937,21,376,857600,802,410,392
938,21,376,857700,650,329,321
939,21,376,857800,634,313,321
940,21,376,857900,0,0,0
941,21,376,858000,868,433,435
942,21,376,858100,385,189,196
943,21,376,858200,896,451,445
944,21,376,858300,104,53,51
945,21,376,858400,1282,708,574
946,21,376,858500,433,219,214
947,21,376,858600,456,231,225
948,21,376,858700,352,161,191
949,21,376,858800,356,175,181
950,21,376,858900,246,107,139
951,21,376,859000,523,281,242
952,21,376,859100,869,421,448
953,21,376,859200,545,281,264
954,21,376,859300,213,104,109
955,21,376,859400,404,195,209
956,21,376,859500,271,129,142
957,21,376,859600,629,324,305
958,21,376,859700,574,302,272
959,21,376,859800,404,212,192
960,21,376,859900,204,108,96
961,21,376,860000,149,71,78
962,21,376,860100,662,334,328
963,21,376,860200,371,177,194
964,21,376,860300,679,336,343
965,21,376,860400,353,179,174
966,21,376,860500,196,103,93
967,21,376,860600,79,39,40
968,21,376,860700,202,99,103
969,21,376,860800,770,387,383
970,21,376,860900,72,32,40
971,21,376,861000,222,112,110
972,21,376,861100,339,166,173
973,21,376,861200,659,330,329
974,21,376,861300,766,428,338
975,21,376,861400,186,102,84
976,21,376,861500,339,160,179
977,21,376,861600,255,129,126
978,21,376,861700,699,348,351
979,21,376,861800,0,0,0
980,21,376,861900,0,0,0
981,21,376,862000,0,0,0
982,21,376,862100,264,121,143
983,21,376,862200,265,128,137
984,21,376,862300,275,132,143
985,21,376,862400,133,63,70
986,21,376,862500,113,54,59
987,21,376,862600,573,283,290
988,21,376,862700,82,40,42
989,21,376,862800,197,94,103
990,21,376,862900,309,156,153
991,21,376,863000,187,88,99
992,21,376,863100,99,51,48
993,21,376,863200,137,73,64
994,21,376,863300,72,34,38
995,21,376,863400,232,138,94
996,21,376,863500,145,74,71
997,21,376,863600,112,56,56
998,21,376,863700,206,89,117
999,21,376,863800,176,100,76
1000,21,376,863900,29,14,15
1001,21,376,864000,0,0,0
1002,21,376,864100,37,23,14
1003,21,376,864200,676,319,357
1004,21,376,864300,2276,1122,1154
1005,21,376,864400,551,265,286
1006,21,376,864500,248,128,120
1007,21,376,864600,524,264,260
1008,21,376,864700,532,254,278
1009,21,376,864800,1920,973,947
1010,21,376,864900,448,241,207
1011,21,376,865000,1283,664,619
1012,21,376,865100,641,325,316
1013,21,376,865200,342,175,167
1014,21,376,865300,167,97,70
1015,21,376,865400,473,246,227
1016,21,376,865500,322,161,161
1017,21,376,865600,366,185,181
1018,21,376,865700,1160,597,563
1019,21,376,865800,119,63,56
1020,21,376,865900,439,225,214
1021,21,376,866000,444,246,198
1022,21,376,866100,628,304,324
1023,21,376,866200,754,377,377
1024,21,376,866300,571,274,297
1025,21,376,866400,1239,626,613
1026,21,376,866500,1402,703,699
1027,21,376,866600,461,206,255
1028,21,376,866700,444,227,217
1029,21,376,866800,624,305,319
1030,21,376,866900,388,194,194
1031,21,376,867000,370,184,186
1032,21,376,867100,301,170,131
1033,21,376,867200,179,97,82
1034,21,376,867300,204,107,97
1035,21,376,867400,73,32,41
1036,21,376,867500,706,330,376
1037,21,376,867600,558,250,308
1038,21,376,867700,1224,580,644
1039,21,376,867800,491,238,253
1040,21,376,867900,1262,635,627
1041,21,376,868000,551,260,291
1042,21,376,868100,845,424,421
1043,21,376,868200,1294,693,601
1044,21,376,868300,310,159,151
1045,21,376,868400,624,308,316
1046,21,376,868500,350,178,172
1047,21,376,868600,567,285,282
1048,21,376,868700,955,474,481
1049,21,376,868800,1718,838,880
1050,21,376,868900,577,275,302
1051,21,376,869000,466,225,241
1052,21,376,869100,717,378,339
1053,21,376,869200,64,35,29
1054,21,376,869300,36,18,18
1055,21,376,869400,388,207,181
1056,21,376,869500,818,435,383
1057,21,376,869600,1082,570,512
1058,21,376,869700,898,457,441
1059,21,376,869800,229,117,112
1060,21,376,869900,967,456,511
1061,21,376,870000,114,62,52
1062,21,376,870100,3630,1886,1744
1063,21,376,870200,916,473,443
1064,21,376,870300,500,246,254
1065,21,376,870400,473,225,248
1066,21,376,870500,284,136,148
1067,21,376,870600,149,78,71
1068,21,376,870700,923,466,457
1069,21,376,870800,1141,599,542
1070,21,376,870900,504,243,261
1071,21,376,871000,948,487,461
1072,21,376,871100,1436,703,733
1073,21,376,871200,444,234,210
1074,21,376,871300,533,292,241
1075,21,376,871400,686,363,323
1076,21,376,871500,290,148,142
1077,21,376,871600,553,283,270
1078,21,376,871700,668,358,310
1079,21,376,871800,526,271,255
1080,21,376,871900,1207,602,605
1081,21,376,872000,943,516,427
1082,21,376,872100,802,399,403
1083,21,376,872200,362,175,187
1084,21,376,872300,49,18,31
1085,21,376,872400,593,298,295
1086,21,376,872500,965,520,445
1087,21,376,872600,544,293,251
1088,21,376,872700,534,250,284
1089,21,376,872800,313,146,167
1090,21,376,872900,292,149,143
1091,21,376,873000,348,176,172
1092,21,376,873100,1615,831,784
1093,21,376,873200,740,376,364
1094,21,376,873300,132,71,61
1095,21,376,873400,317,170,147
1096,21,376,873500,443,221,222
1097,21,376,873600,567,287,280
1098,21,376,873700,590,299,291
1099,21,376,873800,897,444,453
1100,21,376,873900,356,188,168
1101,21,376,874000,2544,1284,1260
1102,21,376,874100,377,190,187
1103,21,376,874200,1476,714,762
1104,21,376,874300,579,308,271
1105,21,376,874400,477,238,239
1106,21,376,874500,870,449,421
1107,21,376,874600,158,89,69
1108,21,376,874700,369,189,180
1109,21,376,874800,54,27,27
1110,21,376,874900,435,231,204
1111,21,376,875000,331,175,156
1112,21,376,875100,349,214,135
1113,21,376,875200,1033,533,500
1114,21,376,875300,449,224,225
1115,21,376,875400,250,128,122
1116,21,376,875500,0,0,0
1117,21,376,875600,155,89,66
1118,21,376,875700,0,0,0
1119,21,376,875800,440,214,226
1120,21,376,875900,538,289,249
1121,21,376,876000,0,0,0
1122,21,376,876100,4,2,2
1123,21,376,876200,2,2,0
1124,21,376,876300,1493,762,731
1125,21,376,876400,0,0,0
1126,21,376,876500,0,0,0
1127,21,376,876600,87,44,43
1128,21,376,876700,562,296,266
1129,21,376,876800,31,15,16
1130,21,376,876900,214,102,112
1131,21,376,877000,501,282,219
1132,21,376,877100,1772,947,825
1133,21,376,877200,331,177,154
1134,21,376,877300,216,107,109
1135,21,376,877400,353,175,178
1136,21,376,877500,175,79,96
1137,21,376,877600,210,104,106
1138,21,376,877700,113,61,52
1139,21,376,877800,246,149,97
1140,21,376,877900,136,71,65
1141,21,376,878000,167,88,79
1142,21,376,878100,749,370,379
1143,21,376,878200,175,94,81
1144,21,376,878300,254,133,121
1145,21,376,878400,87,40,47
1146,21,376,878500,377,196,181
1147,21,376,878600,461,228,233
1148,21,376,878700,176,91,85
1149,21,376,878800,15,3,12
1150,21,376,878900,555,273,282
1151,21,376,879000,1662,861,801
1152,21,376,879100,630,331,299
1153,21,376,879200,621,340,281
1154,21,376,879300,170,94,76
1155,21,376,879400,992,483,509
1156,21,376,879500,0,0,0
1157,21,376,879600,1307,666,641
1158,21,376,879700,363,208,155
1159,21,376,879800,794,404,390
1160,21,376,879900,76,44,32
1161,21,376,880000,1336,708,628
1162,21,376,880100,369,179,190
1163,21,376,880200,145,76,69
1164,21,376,880300,159,81,78
1165,21,376,880400,149,80,69
1166,21,376,880500,800,423,377
1167,21,376,880600,405,197,208
1168,21,376,880700,170,84,86
1169,21,376,880800,321,168,153
1170,21,376,880900,279,138,141
1171,21,376,881000,152,76,76
1172,21,376,881100,322,158,164
1173,21,376,881200,1051,534,517
1174,21,376,881300,702,353,349
1175,21,376,881400,675,341,334
1176,21,376,881500,0,0,0
1177,21,376,881600,855,430,425
1178,21,376,881700,0,0,0
1179,21,376,881800,0,0,0
1180,21,376,881900,693,357,336
1181,21,376,882000,333,179,154
1182,21,376,882100,133,74,59
1183,21,376,882200,728,379,349
1184,21,376,882300,0,0,0
1185,21,376,882400,0,0,0
1186,21,376,882500,442,225,217
1187,21,376,882600,376,187,189
1188,21,376,882700,168,93,75
1189,21,376,882800,237,120,117
1190,21,376,882900,673,314,359
1191,21,376,883000,338,171,167
1192,21,376,883100,2420,1606,814
1193,21,376,883200,372,186,186
1194,21,376,883300,245,125,120
1195,21,376,883400,2625,1366,1259
1196,21,376,883500,612,289,323
1197,21,376,883600,275,128,147
1198,21,376,883700,369,179,190
1199,21,376,883800,2634,1319,1315
1200,21,376,883900,1301,678,623
1201,21,376,884000,281,149,132
1202,21,376,884100,157,85,72
1203,21,376,884200,754,370,384
1204,21,376,884300,753,375,378
1205,21,376,884400,534,275,259
1206,21,376,884500,382,184,198
1207,21,376,884600,0,0,0
1208,21,376,884700,329,159,170
1209,21,376,884800,247,119,128
1210,21,376,884900,501,255,246
1211,21,376,885000,790,394,396
1212,21,376,885100,48,22,26
1213,21,376,885200,2339,1215,1124
1214,21,376,885300,4,2,2
1215,21,376,885400,0,0,0
1216,21,376,885500,90,42,48
1217,21,376,885600,2096,999,1097
1218,21,376,885700,372,179,193
1219,21,376,885800,0,0,0
1220,21,376,885900,507,263,244
1221,21,376,886000,395,215,180
1222,21,376,886100,151,76,75
1223,21,376,886200,410,207,203
1224,21,376,886300,161,85,76
1225,21,376,886400,64,27,37
1226,21,376,886500,0,0,0
1227,21,376,886600,0,0,0
1228,21,376,886700,1768,946,822
1229,21,376,886800,121,65,56
1230,21,376,886900,984,503,481
1231,21,376,887000,1274,637,637
1232,21,376,887100,643,317,326
1233,21,376,887200,1985,1032,953
1234,21,376,887300,165,85,80
1235,21,376,887400,970,520,450
1236,21,376,887500,1198,629,569
1237,21,376,887600,347,177,170
1238,21,376,887700,1222,628,594
1239,21,376,887800,147,70,77
1240,21,376,887900,158,88,70
1241,21,376,888000,73,32,41
1242,21,376,888100,972,494,478
1243,21,376,888200,300,140,160
1244,21,376,888300,98,43,55
1245,21,376,888400,525,287,238
1246,21,376,888500,315,157,158
1247,21,376,888600,395,205,190
1248,21,376,888700,399,203,196
1249,21,376,888800,110,58,52
1250,21,376,888900,284,137,147
1251,21,376,889000,848,433,415
1252,21,376,889100,1537,822,715
1253,21,376,889200,416,210,206
1254,21,376,889300,372,184,188
1255,21,376,889400,2,1,1
1256,21,376,889500,477,250,227
1257,21,376,889600,301,155,146
1258,21,376,889700,319,174,145
1259,21,376,889800,160,87,73
1260,21,376,889900,511,271,240
1261,21,376,890000,1008,492,516
1262,21,376,890100,688,341,347
1263,21,376,890200,308,156,152
1264,21,376,890300,1647,864,783
1265,21,376,890400,963,490,473
1266,21,376,890500,685,327,358
1267,21,376,890600,465,237,228
1268,21,376,890700,1255,826,429
1269,21,376,890800,1057,498,559
1270,21,376,890900,103,52,51
1271,21,376,891000,442,205,237
1272,21,376,891100,240,130,110
1273,21,376,891200,1519,771,748
1274,21,376,891300,140,76,64
1275,21,376,891400,305,149,156
1276,21,376,891500,612,318,294
1277,21,376,891600,657,332,325
1278,21,376,891700,1299,666,633
1279,21,376,891800,169,85,84
1280,21,376,891900,482,237,245
1281,21,376,892000,946,490,456
1282,21,376,892100,167,80,87
1283,21,376,892200,379,185,194
1284,21,376,892300,887,449,438
1285,21,376,892400,0,0,0
1286,21,376,892500,205,103,102
1287,21,376,892600,299,138,161
1288,21,376,892700,283,139,144
1289,21,376,892800,620,301,319
1290,21,376,892900,1001,492,509
1291,21,376,893000,419,214,205
1292,21,376,893100,408,199,209
1293,21,376,893200,222,103,119
1294,21,376,893300,352,176,176
1295,21,376,893400,236,117,119
1296,21,376,893500,512,264,248
1297,21,376,893600,0,0,0
1298,21,376,893700,1203,589,614
1299,21,376,893800,1384,709,675
1300,21,376,893900,1264,611,653
1301,21,376,894000,810,424,386
1302,21,376,894100,647,306,341
1303,21,376,894200,61,32,29
1304,21,376,894300,362,170,192
1305,21,376,894400,524,273,251
1306,21,376,894500,133,68,65
1307,21,376,894600,58,31,27
1308,21,376,894700,689,319,370
1309,21,376,894800,1116,582,534
1310,21,376,894900,281,141,140
1311,21,376,895000,630,330,300
1312,21,376,895100,905,483,422
1313,21,376,895200,903,474,429
1314,21,376,895300,308,155,153
1315,21,376,895400,597,292,305
1316,21,376,895500,995,525,470
1317,21,376,895600,510,242,268
1318,21,376,895700,352,194,158
1319,21,376,895800,253,123,130
1320,21,376,895900,0,0,0
1321,21,376,896000,0,0,0
1322,21,376,896100,1681,812,869
1323,21,376,896200,740,377,363
1324,21,376,896300,464,246,218
1325,21,376,896400,265,136,129
1326,21,376,896500,348,185,163
1327,21,376,896600,869,438,431
1328,21,376,896700,0,0,0
1329,21,376,896800,1375,723,652
1330,21,376,896900,823,435,388
1331,21,376,897000,888,452,436
1332,21,376,897100,68,29,39
1333,21,376,897200,350,189,161
1334,21,376,897300,542,282,260
1335,21,376,897400,381,183,198
1336,21,376,897500,378,195,183
1337,21,376,897600,813,413,400
1338,21,376,897700,538,279,259
1339,21,376,897800,1555,772,783
1340,21,376,897900,156,84,72
1341,21,376,898000,1384,701,683
1342,21,376,898100,1226,677,549
1343,21,376,898200,843,421,422
1344,21,376,898300,615,324,291
1345,21,376,898400,1100,568,532
1346,21,376,898500,1521,774,747
1347,21,376,898600,638,322,316
1348,21,376,898700,533,283,250
1349,21,376,898800,943,476,467
1350,21,376,898900,742,405,337
1351,21,376,899000,0,0,0
1352,21,376,899100,542,280,262
1353,21,376,899200,321,168,153
1354,21,376,899300,79,37,42
1355,21,376,899400,1039,497,542
1356,21,376,899500,1182,577,605
1357,21,376,899600,544,299,245
1358,21,376,899700,0,0,0
1359,21,376,899800,136,70,66
1360,21,376,899900,0,0,0
1361,21,376,900000,359,185,174
1362,21,376,900100,655,339,316
1363,21,376,900200,641,330,311
1364,21,376,900300,589,284,305
1365,21,376,900400,726,368,358
1366,21,376,900500,819,410,409
1367,21,376,900600,801,399,402
1368,21,376,900700,458,232,226
1369,21,376,900800,349,175,174
1370,21,376,900900,564,289,275
1371,21,376,901000,330,168,162
1372,21,376,901100,506,251,255
1373,21,376,901200,711,352,359
1374,21,376,901300,111,53,58
1375,21,376,901400,1405,711,694
1376,21,376,901500,609,327,282
1377,21,376,901600,675,339,336
1378,21,376,901700,299,151,148
1379,21,376,901800,1067,533,534
1380,21,376,901900,280,137,143
1381,21,376,902000,128,64,64
1382,21,376,902100,467,248,219
1383,21,376,902200,616,312,304
1384,21,376,902300,1064,523,541
1385,21,376,902400,646,339,307
1386,21,376,902500,1762,865,897
1387,21,376,902600,636,321,315
1388,21,376,902700,137,71,66
1389,21,376,902800,262,139,123
1390,21,376,902900,350,195,155
1391,21,376,903000,263,140,123
1392,21,376,903100,485,241,244
1393,21,376,903200,569,274,295
1394,21,376,903300,574,322,252
1395,21,376,903400,204,97,107
1396,21,376,903500,324,152,172
1397,21,376,903600,538,263,275
1398,21,376,903700,129,69,60
1399,21,376,903800,52,22,30
1400,21,376,903900,0,0,0
1401,21,376,904000,0,0,0
1402,21,376,904100,1920,1004,916
1403,21,376,904200,379,195,184
1404,21,376,904300,309,157,152
1405,21,376,904400,494,254,240
1406,21,376,904500,643,323,320
1407,21,376,904600,287,138,149
1408,21,376,904700,843,419,424
1409,21,376,904800,927,470,457
1410,21,376,904900,504,247,257
1411,21,376,905000,781,397,384
1412,21,376,905100,2070,1049,1021
1413,21,376,905200,1278,619,659
1414,21,376,905300,0,0,0
1415,21,376,905400,1128,572,556
1416,21,376,905500,1868,955,913
1417,21,376,905600,372,187,185
1418,21,376,905700,116,64,52
1419,21,376,905800,1537,726,811
1420,21,376,905900,198,95,103
1421,21,376,906000,0,0,0
1422,21,376,906100,0,0,0
1423,21,376,906200,190,90,100
1424,21,376,906300,0,0,0
1425,21,376,906400,82,45,37
1426,21,376,906500,0,0,0
1427,21,376,906600,0,0,0
1428,21,376,906700,0,0,0
1429,21,376,906800,1235,635,600
1430,21,376,906900,199,125,74
1431,21,376,907000,827,424,403
1432,21,376,907100,0,0,0
1433,21,376,907200,1342,695,647
1434,21,376,907300,440,222,218
1435,21,376,907400,10,4,6
1436,21,376,907500,54,36,18
1437,21,376,907600,349,185,164
1438,21,376,907700,653,329,324
1439,21,376,907800,1062,534,528
1440,21,376,907900,0,0,0
1441,21,376,908000,0,0,0
1442,21,376,908100,532,285,247
1443,21,376,908200,727,371,356
1444,21,376,908300,721,363,358
1445,21,376,908400,0,0,0
1446,21,376,908500,214,102,112
1447,21,376,908600,376,210,166
1448,21,376,908700,676,327,349
1449,21,376,908800,593,300,293
1450,21,376,908900,574,291,283
1451,21,376,909000,717,371,346
1452,21,376,909100,417,222,195
1453,21,376,909200,315,156,159
1454,21,376,909300,10,4,6
1455,21,376,909400,0,0,0
1456,21,376,909500,287,139,148
1457,21,376,909600,136,70,66
1458,21,376,909700,259,141,118
1459,21,376,909800,85,46,39
1460,21,376,909900,30,12,18
1461,21,376,910000,0,0,0
1462,21,376,910100,649,327,322
1463,21,376,910200,51,22,29
1464,21,376,910300,49,27,22
1465,21,376,910400,55,25,30
1466,21,376,910500,907,464,443
1467,21,376,910600,705,370,335
1468,21,376,910700,167,80,87
1469,21,376,910800,170,89,81
1470,21,376,910900,64,34,30
1471,21,376,911000,0,0,0
1472,21,376,911100,81,45,36
1473,21,376,911200,458,231,227
1474,21,376,911300,215,103,112
1475,21,376,911400,0,0,0
1476,21,376,911500,0,0,0
1477,21,376,911600,18,8,10
1478,21,376,911700,476,247,229
1479,21,376,911800,273,139,134
1480,21,376,911900,400,216,184
1481,21,376,912000,148,72,76
1482,21,376,912100,821,426,395
1483,21,376,912200,0,0,0
1484,21,376,912300,528,273,255
1485,21,376,912400,427,212,215
1486,21,376,912500,552,272,280
1487,21,376,912600,117,53,64
1488,21,376,912700,102,58,44
1489,21,376,912800,880,443,437
1490,21,376,912900,990,421,569
1491,21,376,913000,520,267,253
1492,21,376,913100,334,171,163
1493,21,376,913200,342,166,176
1494,21,376,913300,234,123,111
1495,21,376,913400,1712,885,827
1496,21,376,913500,0,0,0
1497,21,376,913600,503,247,256
1498,21,376,913700,34,12,22
1499,21,376,913800,0,0,0
1500,21,376,913900,0,0,0
1501,21,376,914000,0,0,0
1502,21,376,914100,140,70,70
1503,21,376,914200,591,283,308
1504,21,376,914300,0,0,0
1505,21,376,914400,94,46,48
1506,21,376,914500,452,225,227
1507,21,376,914600,616,330,286
1508,21,376,914700,332,161,171
1509,21,376,914800,161,79,82
1510,21,376,914900,0,0,0
1511,21,376,915000,684,338,346
1512,21,376,915100,394,203,191
1513,21,376,915200,0,0,0
1514,21,376,915300,215,113,102
1515,21,376,915400,90,42,48
1516,21,376,915500,29,13,16
1517,21,376,915600,0,0,0
1518,21,376,915700,94,45,49
1519,21,376,915800,267,136,131
1520,21,376,915900,516,257,259
1521,21,376,916000,1085,558,527
1522,21,376,916100,588,276,312
1523,21,376,916200,1153,579,574
1524,21,376,916300,588,295,293
1525,21,376,916400,3103,1633,1470
1526,21,376,916500,1242,635,607
1527,21,376,916600,561,291,270
1528,21,376,916700,453,227,226
1529,21,376,916800,1167,606,561
1530,21,376,916900,1177,569,608
1531,21,376,917000,915,433,482
1532,21,376,917100,1195,590,605
1533,21,376,917200,577,257,320
1534,21,376,917300,501,228,273
1535,21,376,917400,347,160,187
1536,21,376,917500,401,193,208
1537,21,376,917600,1467,742,725
1538,21,376,917700,387,186,201
1539,21,376,917800,188,89,99
1540,21,376,917900,51,27,24
1541,21,376,918000,1978,1023,955
1542,21,376,918100,0,0,0
1543,21,376,918200,0,0,0
1544,21,376,918300,0,0,0
1545,21,376,918400,285,156,129
1546,21,376,918500,119,63,56
1547,21,376,918600,51,27,24
1548,21,376,918700,199,98,101
1549,21,376,918800,659,341,318
1550,21,376,918900,171,90,81
1551,21,376,919000,605,310,295
1552,21,376,919100,330,188,142
1553,21,376,919200,1107,606,501
1554,21,376,919300,793,379,414
1555,21,376,919400,168,82,86
1556,21,376,919500,22,13,9
1557,21,376,919600,525,272,253
1558,21,376,919700,26,18,8
1559,21,376,919800,27,12,15
1560,21,376,919900,0,0,0
1561,21,376,920000,0,0,0
1562,21,376,920100,0,0,0
1563,21,376,920200,0,0,0
1564,21,376,920300,0,0,0
1565,21,376,920400,2,2,0
1566,21,376,920500,251,122,129
1567,21,376,920600,81,39,42
1568,21,376,920700,27,10,17
1569,21,376,920800,736,370,366
1570,21,376,920900,60,31,29
1571,21,376,921000,1,0,1
1572,21,376,921100,596,305,291
1573,21,376,921200,549,271,278
1574,21,376,921300,453,236,217
1575,21,376,921400,82,34,48
1576,21,376,921500,873,445,428
1577,21,376,921600,271,133,138
1578,21,376,921700,677,334,343
1579,21,376,921800,155,78,77
1580,21,376,921900,53,30,23
1581,21,376,922000,601,289,312
1582,21,376,922100,533,250,283
1583,21,376,922200,409,221,188
1584,21,376,922300,1706,878,828
1585,21,376,922400,852,424,428
1586,21,376,922500,371,179,192
1587,21,376,922600,562,264,298
1588,21,376,922700,885,435,450
1589,21,376,922800,1114,593,521
1590,21,376,922900,1786,899,887
1591,21,376,923000,1029,536,493
1592,21,376,923100,0,0,0
1593,21,376,923200,1143,583,560
1594,21,376,923300,31,13,18
1595,21,376,923400,455,224,231
1596,21,376,923500,2113,1079,1034
1597,21,376,923600,241,107,134
1598,21,376,923700,619,327,292
1599,21,376,923800,1443,712,731
1600,21,376,923900,582,304,278
1601,21,376,924000,559,284,275
1602,21,376,924100,1198,618,580
1603,21,376,924200,445,219,226
1604,21,376,924300,1159,597,562
1605,21,376,924400,2029,990,1039
1606,21,376,924500,1985,1022,963
1607,21,376,924600,705,386,319
1608,21,376,924700,1030,521,509
1609,21,376,924800,21,12,9
1610,21,376,924900,1248,612,636
1611,21,376,925000,0,0,0
1612,21,376,925100,202,107,95
1613,21,376,925200,751,385,366
1614,21,376,925300,746,370,376
1615,21,376,925400,1139,581,558
1616,21,376,925500,910,475,435
1617,21,376,925600,1250,662,588
1618,21,376,925700,1063,521,542
1619,21,376,925800,756,396,360
1620,21,376,925900,401,198,203
1621,21,376,926000,3616,1797,1819
1622,21,376,926100,246,120,126
1623,21,376,926200,666,363,303
1624,21,376,926300,695,349,346
1625,21,376,926400,1988,1011,977
1626,21,376,926500,1106,543,563
1627,21,376,926600,116,62,54
1628,21,376,926700,0,0,0
1629,21,376,926800,689,357,332
1630,21,376,926900,185,93,92
1631,21,376,927000,635,321,314
1632,21,376,927100,1244,635,609
1633,21,376,927200,49,26,23
1634,21,376,927300,654,322,332
1635,21,376,927400,1056,540,516
1636,21,376,927500,1023,528,495
1637,21,376,927600,1150,559,591
1638,21,376,927700,1427,730,697
1639,21,376,927800,0,0,0
1640,21,376,927900,1185,612,573
1641,21,376,928000,810,406,404
1642,21,376,928100,285,141,144
1643,21,376,928200,1974,1012,962
1644,21,376,928300,1102,578,524
1645,21,376,928400,1224,641,583
1646,21,376,928500,875,444,431
1647,21,376,928600,359,164,195
1648,21,376,928700,1124,578,546
1649,21,376,928800,409,208,201
1650,21,376,928900,435,233,202
1651,21,376,929000,512,274,238
1652,21,376,929100,2652,1361,1291
1653,21,376,929200,778,399,379
1654,21,376,929300,1380,742,638
1655,21,376,929400,507,274,233
1656,21,376,929500,1075,554,521
1657,21,376,929600,1300,677,623
1658,21,376,929700,1217,608,609
1659,21,376,929800,325,171,154
1660,21,376,929900,493,267,226
1661,21,376,930000,255,137,118
1662,21,376,930100,1039,538,501
1663,21,376,930200,349,217,132
1664,21,376,930300,848,435,413
1665,21,376,930400,444,213,231
1666,21,376,930500,820,387,433
1667,21,376,930600,442,242,200
1668,21,376,930700,360,185,175
1669,21,376,930800,530,259,271
1670,21,376,930900,490,257,233
1671,21,376,931000,465,255,210
1672,21,376,931100,629,327,302
1673,21,376,931200,564,271,293
1674,21,376,931300,133,61,72
1675,21,376,931400,605,315,290
1676,21,376,931500,512,293,219
1677,21,376,931600,205,100,105
1678,21,376,931700,150,79,71
1679,21,376,931800,1211,638,573
1680,21,376,931900,783,426,357
1681,21,376,932000,679,339,340
1682,21,376,932100,899,478,421
1683,21,376,932200,870,448,422
1684,21,376,932300,141,71,70
1685,21,376,932400,322,166,156
1686,21,376,932500,0,0,0
1687,21,376,932600,321,159,162
1688,21,376,932700,282,137,145
1689,21,376,932800,466,256,210
1690,21,376,932900,338,168,170
1691,21,376,933000,662,344,318
1692,21,376,933100,465,234,231
1693,21,376,933200,236,106,130
1694,21,376,933300,504,257,247
1695,21,376,933400,185,90,95
1696,21,376,933500,414,219,195
1697,21,376,933600,237,112,125
1698,21,376,933700,1369,723,646
1699,21,376,933800,394,188,206
1700,21,376,933900,319,159,160
1701,21,376,934000,873,408,465
1702,21,376,934100,1072,530,542
1703,21,376,934200,0,0,0
1704,21,376,934300,0,0,0
1705,21,376,934400,0,0,0
1706,21,376,934500,1958,1018,940
1707,21,376,934600,0,0,0
1708,21,376,934700,443,231,212
1709,21,376,934800,78,39,39
1710,21,376,934900,801,413,388
1711,21,376,935000,606,308,298
1712,21,376,935100,0,0,0
1713,21,376,935200,742,358,384
1714,21,376,935300,385,184,201
1715,21,376,935400,504,254,250
1716,21,376,935500,590,305,285
1717,21,376,935600,534,265,269
1718,21,376,935700,608,315,293
1719,21,376,935800,877,466,411
1720,21,376,935900,502,242,260
1721,21,376,936000,155,76,79
1722,21,376,936100,933,467,466
1723,21,376,936200,98,46,52
1724,21,376,936300,637,327,310
1725,21,376,936400,934,456,478
1726,21,376,936500,193,84,109
1727,21,376,936600,632,318,314
1728,21,376,936700,280,157,123
1729,21,376,936800,414,214,200
1730,21,376,936900,272,146,126
1731,21,376,937000,279,152,127
1732,21,376,937100,331,204,127
1733,21,376,937200,340,171,169
1734,21,376,937300,590,300,290
1735,21,376,937400,500,247,253
1736,21,376,937500,597,298,299
1737,21,376,937600,440,224,216
1738,21,376,937700,827,397,430
1739,21,376,937800,2489,1167,1322
1740,21,376,937900,147,74,73
1741,21,376,938000,568,264,304
1742,21,376,938100,686,334,352
1743,21,376,938200,647,317,330
1744,21,376,938300,282,145,137
1745,21,376,938400,1398,693,705
1746,21,376,938500,380,196,184
1747,21,376,938600,1148,650,498
1748,21,376,938700,298,140,158
1749,21,376,938800,761,380,381
1750,21,376,938900,1206,591,615
1751,21,376,939000,977,491,486
1752,21,376,939100,149,72,77
1753,21,376,939200,579,299,280
1754,21,376,939300,532,273,259
1755,21,376,939400,788,417,371
1756,21,376,939500,440,221,219
1757,21,376,939600,765,368,397
1758,21,376,939700,663,348,315
1759,21,376,939800,818,407,411
1760,21,376,939900,284,137,147
1761,21,376,940000,106,51,55
1762,21,376,940100,541,296,245
1763,21,376,940200,327,168,159
1764,21,376,940300,418,198,220
1765,21,376,940400,612,317,295
1766,21,376,940500,596,302,294
1767,21,376,940600,272,131,141
1768,21,376,940700,0,0,0
1769,21,376,940800,141,73,68
1770,21,376,940900,754,380,374
1771,21,376,941000,137,74,63
1772,21,376,941100,171,98,73
1773,21,376,941200,589,283,306
1774,21,376,941300,587,313,274
1775,21,376,941400,924,449,475
1776,21,376,941500,885,474,411
1777,21,376,941600,352,194,158
1778,21,376,941700,1599,779,820
1779,21,376,941800,625,313,312
1780,21,376,941900,296,167,129
1781,21,376,942000,692,360,332
1782,21,376,942100,313,156,157
1783,21,376,942200,629,312,317
1784,21,376,942300,149,80,69
1785,21,376,942400,895,443,452
1786,21,376,942500,626,313,313
1787,21,376,942600,491,243,248
1788,21,376,942700,180,87,93
1789,21,376,942800,509,285,224
1790,21,376,942900,428,221,207
1791,21,376,943000,432,228,204
1792,21,376,943100,551,287,264
1793,21,376,943200,552,327,225
1794,21,376,943300,625,325,300
1795,21,376,943400,189,95,94
1796,21,376,943500,189,93,96
1797,21,376,943600,265,147,118
1798,21,376,943700,963,492,471
1799,21,376,943800,255,121,134
1800,21,376,943900,721,351,370
1801,21,376,944000,681,330,351
1802,21,376,944100,818,413,405
1803,21,376,944200,206,120,86
1804,21,376,944300,246,130,116
1805,21,376,944400,2149,1066,1083
1806,21,376,944500,744,378,366
1807,21,376,944600,984,510,474
1808,21,376,944700,950,483,467
1809,21,376,944800,397,198,199
1810,21,376,944900,676,352,324
1811,21,376,945000,1344,694,650
1812,21,376,945100,29,18,11
1813,21,376,945200,558,274,284
1814,21,376,945300,601,289,312
1815,21,376,945400,298,166,132
1816,21,376,945500,171,88,83
1817,21,376,945600,1475,692,783
1818,21,376,945700,448,223,225
1819,21,376,945800,1133,597,536
1820,21,376,945900,0,0,0
1821,21,376,946000,514,237,277
1822,21,376,946100,1443,731,712
1823,21,376,946200,1502,775,727
1824,21,376,946300,922,451,471
1825,21,376,946400,332,160,172
1826,21,376,946500,1723,890,833
1827,21,376,946600,773,395,378
1828,21,376,946700,468,242,226
1829,21,376,946800,370,171,199
1830,21,376,946900,898,474,424
1831,21,376,947000,524,289,235
1832,21,376,947100,660,334,326
1833,21,376,947200,523,282,241
1834,21,376,947300,985,503,482
1835,21,376,947400,0,0,0
1836,21,376,947500,697,347,350
1837,21,376,947600,236,120,116
1838,21,376,947700,492,231,261
1839,21,376,947800,1010,543,467
1840,21,376,947900,1183,609,574
1841,21,376,948000,1278,625,653
1842,21,376,948100,1149,596,553
1843,21,376,948200,447,254,193
1844,21,376,948300,302,168,134
1845,21,376,948400,1620,670,950
1846,21,376,948500,485,236,249
1847,21,376,948600,358,187,171
1848,21,376,948700,385,190,195
1849,21,376,948800,282,137,145
1850,21,376,948900,547,274,273
1851,21,376,949000,464,225,239
1852,21,376,949100,977,502,475
1853,21,376,949200,1716,889,827
1854,21,376,949300,1070,572,498
1855,21,376,949400,608,305,303
1856,21,376,949500,0,0,0
1857,21,376,949600,139,65,74
1858,21,376,949700,408,214,194
1859,21,376,949800,350,185,165
1860,21,376,949900,896,462,434
1861,21,376,950000,1131,591,540
1862,21,376,950100,765,370,395
1863,21,376,950200,758,385,373
1864,21,376,950300,123,62,61
1865,21,376,950400,1307,668,639
1866,21,376,950500,507,245,262
1867,21,376,950600,629,314,315
1868,21,376,950700,295,148,147
1869,21,376,950800,782,406,376
1870,21,376,950900,561,300,261
1871,21,376,951000,635,312,323
1872,21,376,951100,611,306,305
1873,21,376,951200,1224,600,624
1874,21,376,951300,224,117,107
1875,21,376,951400,951,498,453
1876,21,376,951500,717,363,354
1877,21,376,951600,823,410,413
1878,21,376,951700,549,273,276
1879,21,376,951800,645,321,324
1880,21,376,951900,330,167,163
1881,21,376,952000,763,387,376
1882,21,376,952100,497,254,243
1883,21,376,952200,414,195,219
1884,21,376,952300,0,0,0
1885,21,376,952400,1520,752,768
1886,21,376,952500,1157,587,570
1887,21,376,952600,260,142,118
1888,21,376,952700,497,246,251
1889,21,376,952800,1500,735,765
1890,21,376,952900,1402,742,660
1891,21,376,953000,367,193,174
1892,21,376,953100,965,494,471
1893,21,376,953200,266,125,141
1894,21,376,953300,0,0,0
1895,21,376,953400,788,395,393
1896,21,376,953500,2030,1011,1019
1897,21,376,953600,689,360,329
1898,21,376,953700,1786,898,888
1899,21,376,953800,1258,628,630
1900,21,376,953900,877,424,453
1901,21,376,954000,426,208,218
1902,21,376,954100,260,130,130
1903,21,376,954200,159,81,78
1904,21,376,954300,791,425,366
1905,21,376,954400,314,161,153
1906,21,376,954500,336,158,178
1907,21,376,954600,425,217,208
1908,21,376,954700,465,221,244
1909,21,376,954800,341,185,156
1910,21,376,954900,356,169,187
1911,21,376,955000,439,224,215
1912,21,376,955100,763,386,377
1913,21,376,955200,1455,745,710
1914,21,376,955300,731,353,378
1915,21,376,955400,780,386,394
1916,21,376,955500,2781,1359,1422
1917,21,376,955600,599,301,298
1918,21,376,955700,1431,709,722
1919,21,376,955800,0,0,0
1920,21,376,955900,602,292,310
1921,21,376,956000,2133,1097,1036
1922,21,376,956100,989,492,497
1923,21,376,956200,510,266,244
1924,21,376,956300,906,455,451
1925,21,376,956400,3762,1838,1924
1926,21,376,956500,267,127,140
1927,21,376,956600,2116,1064,1052
1928,21,376,956700,577,302,275
1929,21,376,956800,1086,579,507
1930,21,376,956900,1319,675,644
1931,21,376,957000,1221,606,615
1932,21,376,957100,625,302,323
1933,21,376,957200,207,104,103
1934,21,376,957300,616,301,315
1935,21,376,957400,731,350,381
1936,21,376,957500,764,388,376
1937,21,376,957600,285,139,146
1938,21,376,957700,705,338,367
1939,21,376,957800,121,56,65
1940,21,376,957900,1042,543,499
1941,21,376,958000,514,272,242
1942,21,376,958100,813,432,381
1943,21,376,958200,1298,609,689
1944,21,376,958300,600,308,292
1945,21,376,958400,2670,1342,1328
1946,21,376,958500,1714,878,836
1947,21,376,958600,686,366,320
1948,21,376,958700,194,99,95
1949,21,376,958800,1002,485,517
1950,21,376,958900,396,202,194
1951,21,376,959000,495,255,240
1952,21,376,959100,97,40,57
1953,21,376,959200,559,293,266
1954,21,376,959300,2354,1210,1144
1955,21,376,959400,770,386,384
1956,21,376,959500,689,362,327
1957,21,376,959600,552,256,296
1958,21,376,959700,270,132,138
1959,21,376,959800,628,324,304
1960,21,376,959900,544,270,274
1961,21,376,960000,195,117,78
1962,21,376,960100,171,81,90
1963,21,376,960200,571,292,279
1964,21,376,960300,645,298,347
1965,21,376,960400,282,147,135
1966,21,376,960500,175,88,87
1967,21,376,960600,528,274,254
1968,21,376,960700,376,186,190
1969,21,376,960800,1049,525,524
1970,21,376,960900,228,114,114
1971,21,376,961000,325,158,167
1972,21,376,961100,640,333,307
1973,21,376,961200,0,0,0
1974,21,376,961300,295,150,145
1975,21,376,961400,291,145,146
1976,21,376,961500,650,356,294
1977,21,376,961600,55,23,32
1978,21,376,961700,1875,946,929
1979,21,376,961800,407,207,200
1980,21,376,961900,280,133,147
1981,21,376,962000,0,0,0
1982,21,376,962100,266,121,145
1983,21,376,962200,264,123,141
1984,21,376,962300,881,386,495
1985,21,376,962400,293,155,138
1986,21,376,962500,368,185,183
1987,21,376,962600,0,0,0
1988,21,376,962700,111,54,57
1989,21,376,962800,1079,514,565
1990,21,376,962900,602,296,306
1991,21,376,963000,3069,1585,1484
1992,21,376,963100,1476,772,704
1993,21,376,963200,688,340,348
1994,21,376,963300,137,76,61
1995,21,376,963400,476,242,234
1996,21,376,963500,2554,1341,1213
1997,21,376,963600,611,309,302
1998,21,376,963700,540,279,261
1999,21,376,963800,1984,989,995
2000,21,376,963900,1177,574,603
2001,21,376,964000,568,281,287
2002,21,376,964100,644,314,330
2003,21,376,964200,658,334,324
2004,21,376,964300,715,368,347
2005,21,376,964400,1117,571,546
2006,21,376,964500,1900,1008,892
2007,21,376,964600,836,457,379
2008,21,376,964700,170,84,86
2009,21,376,964800,1347,679,668
2010,21,376,964900,742,376,366
2011,21,376,965000,529,260,269
2012,21,376,965100,819,418,401
2013,21,376,965200,520,240,280
2014,21,376,965300,542,285,257
2015,21,376,965400,302,150,152
2016,21,376,965500,752,378,374
2017,21,376,965600,3432,1747,1685
2018,21,376,965700,1664,858,806
2019,21,376,965800,329,161,168
2020,21,376,965900,388,206,182
2021,21,376,966000,408,214,194
2022,21,376,966100,1286,641,645
2023,21,376,966200,763,397,366
2024,21,376,966300,734,359,375
2025,21,376,966400,180,90,90
2026,21,376,966500,318,166,152
2027,21,376,966600,116,53,63
2028,21,376,966700,352,180,172
2029,21,376,966800,855,416,439
2030,21,376,966900,232,117,115
2031,21,376,967000,5676,2846,2830
2032,21,376,967100,1731,808,923
2033,21,376,967200,147,69,78
2034,21,376,967300,688,350,338
2035,21,376,967400,176,95,81
2036,21,376,967500,644,327,317
2037,21,376,967600,635,323,312
2038,21,376,967700,1347,683,664
2039,21,376,967800,720,368,352
2040,21,376,967900,23,14,9
2041,21,376,968000,416,208,208
2042,21,376,968100,4920,2521,2399
2043,21,376,968200,1683,848,835
2044,21,376,968300,243,121,122
2045,21,376,968400,740,380,360
2046,21,376,968500,1462,771,691
2047,21,376,968600,2348,1224,1124
2048,21,376,968700,4425,2238,2187
2049,21,376,968800,1460,751,709
2050,21,376,968900,273,140,133
2051,21,376,969000,981,521,460
2052,21,376,969100,751,380,371
2053,21,376,969200,874,449,425
2054,21,376,969300,567,285,282
2055,21,376,969400,510,256,254
2056,21,376,969500,353,185,168
2057,21,376,969600,1920,1037,883
2058,21,376,969700,1124,555,569
2059,21,376,969800,2286,1141,1145
2060,21,376,969900,1009,517,492
2061,21,376,970000,139,64,75
2062,21,376,970100,305,164,141
2063,21,376,970200,186,95,91
2064,21,376,970300,534,283,251
2065,21,376,970400,89,44,45
2066,21,376,970500,407,195,212
2067,21,376,970600,678,332,346
2068,21,376,970700,349,187,162
2069,21,376,970800,424,197,227
2070,21,376,970900,654,323,331
2071,21,376,971000,912,444,468
2072,21,376,971100,322,168,154
2073,21,376,971200,123,64,59
2074,21,376,971300,426,212,214
2075,21,376,971400,898,447,451
2076,21,376,971500,829,408,421
2077,21,376,971600,385,198,187
2078,21,376,971700,265,130,135
2079,21,376,971800,110,58,52
2080,21,376,971900,612,318,294
2081,21,376,972000,85,45,40
2082,21,376,972100,368,184,184
2083,21,376,972200,256,125,131
2084,21,376,972300,887,465,422
2085,21,376,972400,127,72,55
2086,21,376,972500,571,290,281
2087,21,376,972600,455,227,228
2088,21,376,972700,94,45,49
2089,21,376,972800,155,71,84
2090,21,376,972900,1205,618,587
2091,21,376,973000,1655,835,820
2092,21,376,973100,167,74,93
2093,21,376,973200,444,213,231
2094,21,376,973300,501,256,245
2095,21,376,973400,22,10,12
2096,21,376,973500,1173,567,606
2097,21,376,973600,113,62,51
2098,21,376,973700,1858,919,939
2099,21,376,973800,282,139,143
2100,21,376,973900,84,40,44
2101,21,376,974000,1333,664,669
2102,21,376,974100,1094,538,556
2103,21,376,974200,330,161,169
2104,21,376,974300,1888,993,895
2105,21,376,974400,925,448,477
2106,21,376,974500,755,386,369
2107,21,376,974600,1071,542,529
2108,21,376,974700,932,434,498
2109,21,376,974800,730,366,364
2110,21,376,974900,449,225,224
2111,21,376,975000,801,387,414
2112,21,376,975100,213,103,110
2113,21,376,975200,903,417,486
2114,21,376,975300,1106,533,573
2115,21,376,975400,291,158,133
2116,21,376,975500,611,321,290
2117,21,376,975600,0,0,0
2118,21,376,975700,186,85,101
2119,21,376,975800,29,13,16
2120,21,376,975900,448,246,202
2121,21,376,976000,580,296,284
2122,21,376,976100,229,113,116
2123,21,376,976200,397,194,203
2124,21,376,976300,315,151,164
2125,21,376,976400,550,271,279
2126,21,376,976500,223,114,109
2127,21,376,976600,167,93,74
2128,21,376,976700,857,416,441
2129,21,376,976800,157,79,78
2130,21,376,976900,178,84,94
2131,21,376,977000,634,325,309
2132,21,376,977100,266,131,135
2133,21,376,977200,793,414,379
2134,21,376,977300,145,69,76
2135,21,376,977400,1599,802,797
2136,21,376,977500,950,482,468
2137,21,376,977600,624,324,300
2138,21,376,977700,1138,593,545
2139,21,376,977800,819,426,393
2140,21,376,977900,43,20,23
2141,21,376,978000,500,238,262
2142,21,376,978100,516,257,259
2143,21,376,978200,306,147,159
2144,21,376,978300,305,139,166
2145,21,376,978400,448,214,234
2146,21,376,978500,333,161,172
2147,21,376,978600,246,117,129
2148,21,376,978700,224,110,114
2149,21,376,978800,381,204,177
2150,21,376,978900,1950,990,960
2151,21,376,979000,1549,896,653
2152,21,376,979100,197,102,95
2153,21,376,979200,0,0,0
2154,21,376,979300,91,40,51
2155,21,376,979400,1325,681,644
2156,21,376,979500,552,273,279
2157,21,376,979600,800,448,352
2158,21,376,979700,938,477,461
2159,21,376,979800,970,497,473
2160,21,376,979900,1456,737,719
2161,21,376,980000,171,87,84
2162,21,376,980100,2280,1167,1113
2163,21,376,980200,829,404,425
2164,21,376,980300,1127,538,589
2165,21,376,980400,390,203,187
2166,21,376,980500,1320,651,669
2167,21,376,980600,0,0,0
2168,21,376,980700,0,0,0
2169,21,376,980800,0,0,0
2170,21,376,980900,169,73,96
2171,21,376,981000,1183,601,582
2172,21,376,981100,608,314,294
2173,21,376,981200,317,170,147
2174,21,376,981300,350,190,160
2175,21,376,981400,377,188,189
2176,21,376,981500,351,176,175
2177,21,376,981600,308,145,163
2178,21,376,981700,270,145,125
2179,21,376,981800,1223,669,554
2180,21,376,981900,405,189,216
2181,21,376,982000,363,187,176
2182,21,376,982100,1156,571,585
2183,21,376,982200,120,55,65
2184,21,376,982300,146,64,82
2185,21,376,982400,2558,1380,1178
2186,21,376,982500,1012,500,512
2187,21,376,982600,514,262,252
2188,21,376,982700,640,313,327
2189,21,376,982800,188,108,80
2190,21,376,982900,573,308,265
2191,21,376,983000,620,318,302
2192,21,376,983100,251,127,124
2193,21,376,983200,110,45,65
2194,21,376,983300,371,183,188
2195,21,376,983400,176,79,97
2196,21,376,983500,400,188,212
2197,21,376,983600,103,51,52
2198,21,376,983700,1032,533,499
2199,21,376,983800,140,61,79
2200,21,376,983900,388,205,183
2201,21,376,984000,385,208,177
2202,21,376,984100,670,333,337
2203,21,376,984200,1015,514,501
2204,21,376,984300,108,55,53
2205,21,376,984400,430,222,208
2206,21,376,984500,1388,693,695
2207,21,376,984600,250,129,121
2208,21,376,984700,184,93,91
2209,21,376,984800,125,69,56
2210,21,376,984900,925,471,454
2211,21,376,985000,379,195,184
2212,21,376,985100,3004,1553,1451
2213,21,376,985200,1538,809,729
2214,21,376,985300,171,84,87
2215,21,376,985400,129,65,64
2216,21,376,985500,1014,491,523
2217,21,376,985600,370,206,164
2218,21,376,985700,0,0,0
2219,21,376,985800,176,90,86
2220,21,376,985900,2645,1278,1367
2221,21,376,986000,722,371,351
2222,21,376,986100,419,227,192
2223,21,376,986200,1261,625,636
2224,21,376,986300,540,270,270
2225,21,376,986400,343,168,175
2226,21,376,986500,357,186,171
2227,21,376,986600,471,228,243
2228,21,376,986700,444,238,206
2229,21,376,986800,1256,625,631
2230,21,376,986900,398,198,200
2231,21,376,987000,894,458,436
2232,21,376,987100,1089,561,528
2233,21,376,987200,896,457,439
2234,21,376,987300,612,292,320
2235,21,376,987400,735,342,393
2236,21,376,987500,141,72,69
2237,21,376,987600,160,84,76
2238,21,376,987700,1005,397,608
2239,21,376,987800,270,137,133
2240,21,376,987900,547,287,260
2241,21,376,988000,628,304,324
2242,21,376,988100,664,319,345
2243,21,376,988200,406,207,199
2244,21,376,988300,0,0,0
2245,21,376,988400,927,491,436
2246,21,376,988500,941,473,468
2247,21,376,988600,379,178,201
2248,21,376,988700,276,137,139
2249,21,376,988800,749,376,373
2250,21,376,988900,282,142,140
2251,21,376,989000,228,114,114
2252,21,376,989100,0,0,0
2253,21,376,989200,254,128,126
2254,21,376,989300,607,301,306
2255,21,376,989400,943,464,479
2256,21,376,989500,385,180,205
2257,21,376,989600,511,250,261
2258,21,376,989700,559,289,270
2259,21,376,989800,0,0,0
2260,21,376,989900,212,110,102
2261,21,376,990000,165,93,72
2262,21,376,990100,0,0,0
2263,21,376,990200,300,151,149
2264,21,376,990300,1031,529,502
2265,21,376,990400,1193,598,595
2266,21,376,990500,1232,618,614
2267,21,376,990600,3094,1540,1554
2268,21,376,990700,1048,483,565
2269,21,376,990800,359,187,172
2270,21,376,990900,2302,1145,1157
2271,21,376,991000,1459,718,741
2272,21,376,991100,689,351,338
2273,21,376,991200,280,132,148
2274,21,376,991300,0,0,0
2275,21,376,991400,370,197,173
2276,21,376,991500,615,331,284
2277,21,376,991600,378,185,193
2278,21,376,991700,0,0,0
2279,21,376,991800,580,312,268
2280,21,376,991900,356,179,177
2281,21,376,992000,227,111,116
2282,21,376,992100,3457,1720,1737
2283,21,376,992200,717,359,358
2284,21,376,992300,157,79,78
2285,21,376,992400,406,202,204
2286,21,376,992500,271,141,130
2287,21,376,992600,788,400,388
2288,21,376,992700,457,256,201
2289,21,376,992800,464,231,233
2290,21,376,992900,177,84,93
2291,21,376,993000,0,0,0
2292,21,376,993100,203,100,103
2293,21,376,993200,712,382,330
2294,21,376,993300,754,372,382
2295,21,376,993400,0,0,0
2296,21,376,993500,406,212,194
2297,21,376,993600,685,344,341
2298,21,376,993700,183,94,89
2299,21,376,993800,321,155,166
2300,21,376,993900,507,245,262
2301,21,376,994000,344,158,186
2302,21,376,994100,1047,534,513
2303,21,376,994200,267,132,135
2304,21,376,994300,542,274,268
2305,21,376,994400,544,293,251
2306,21,376,994500,1773,936,837
2307,21,376,994600,618,306,312
2308,21,376,994700,627,323,304
2309,21,376,994800,375,189,186
2310,21,376,994900,1310,626,684
2311,21,376,995000,509,246,263
2312,21,376,995100,152,80,72
2313,21,376,995200,202,88,114
2314,21,376,995300,357,161,196
2315,21,376,995400,1644,845,799
2316,21,376,995500,684,349,335
2317,21,376,995600,975,459,516
2318,21,376,995700,284,133,151
2319,21,376,995800,517,270,247
2320,21,376,995900,251,113,138
2321,21,376,996000,114,54,60
2322,21,376,996100,501,250,251
2323,21,376,996200,858,434,424
2324,21,376,996300,943,481,462
2325,21,376,996400,717,372,345
2326,21,376,996500,775,413,362
2327,21,376,996600,347,176,171
2328,21,376,996700,920,491,429
2329,21,376,996800,186,87,99
2330,21,376,996900,447,224,223
2331,21,376,997000,554,274,280
2332,21,376,997100,574,291,283
2333,21,376,997200,1668,898,770
2334,21,376,997300,649,324,325
2335,21,376,997400,616,301,315
2336,21,376,997500,223,113,110
2337,21,376,997600,180,89,91
2338,21,376,997700,312,161,151
2339,21,376,997800,626,305,321
2340,21,376,997900,56,29,27
2341,21,376,998000,467,241,226
2342,21,376,998100,0,0,0
2343,21,376,998200,64,29,35
2344,21,376,998300,381,196,185
2345,21,376,998400,348,175,173
2346,21,376,998500,0,0,0
2347,21,376,998600,602,296,306
2348,21,376,998700,492,241,251
2349,21,376,998800,1080,588,492
2350,21,376,998900,358,178,180
2351,21,376,999000,669,351,318
2352,21,376,999100,643,312,331
2353,21,376,999200,262,132,130
2354,21,376,999300,340,186,154
2355,21,376,999400,1305,679,626
2356,21,376,999500,869,444,425
2357,21,376,999600,723,351,372
2358,21,376,999700,276,148,128
2359,21,376,999800,228,117,111
2360,21,376,999900,511,262,249
2361,21,376,1000000,540,260,280
2362,21,376,1000100,963,495,468
2363,21,376,1000200,906,457,449
2364,21,376,1000300,1843,937,906
2365,21,376,1000400,436,281,155
2366,21,376,1000500,241,122,119
2367,21,376,1000600,1328,657,671
2368,21,376,1000700,610,302,308
2369,21,376,1000800,313,151,162
2370,21,376,1000900,219,116,103
2371,21,376,1001000,56,31,25
2372,21,376,1001100,99,46,53
2373,21,376,1001200,727,385,342
2374,21,376,1001300,931,512,419
2375,21,376,1001400,696,343,353
2376,21,376,1001500,684,341,343
2377,21,376,1001600,839,425,414
2378,21,376,1001700,1175,587,588
2379,21,376,1001800,5032,2528,2504
2380,21,376,1001900,899,471,428
2381,21,376,1002000,4640,2318,2322
2382,21,376,1002100,588,302,286
2383,21,376,1002200,339,169,170
2384,21,376,1002300,520,256,264
2385,21,376,1002400,108,51,57
2386,21,376,1002500,0,0,0
2387,21,376,1002600,886,442,444
2388,21,376,1002700,145,69,76
2389,21,376,1002800,68,34,34
2390,21,376,1002900,379,208,171
2391,21,376,1003000,481,224,257
2392,21,376,1003100,257,131,126
2393,21,376,1003200,572,293,279
2394,21,376,1003300,53,53,0
2395,21,376,1003400,612,293,319
2396,21,376,1003500,1300,645,655
2397,21,376,1003600,610,319,291
2398,21,376,1003700,702,368,334
2399,21,376,1003800,1236,632,604
2400,21,376,1003900,1455,737,718
2401,21,376,1004000,611,295,316
2402,21,376,1004100,502,263,239
2403,21,376,1004200,367,216,151
2404,21,376,1004300,136,73,63
2405,21,376,1004400,306,152,154
2406,21,376,1004500,487,240,247
2407,21,376,1004600,388,202,186
2408,21,376,1004700,410,221,189
2409,21,376,1004800,233,120,113
2410,21,376,1004900,688,357,331
2411,21,376,1005000,1185,593,592
2412,21,376,1005100,222,110,112
2413,21,376,1005200,276,139,137
2414,21,376,1005300,228,106,122
2415,21,376,1005400,737,369,368
2416,21,376,1005500,1623,766,857
2417,21,376,1005600,929,468,461
2418,21,376,1005700,490,245,245
2419,21,376,1005800,155,81,74
2420,21,376,1005900,643,330,313
2421,21,376,1006000,943,467,476
2422,21,376,1006100,494,259,235
2423,21,376,1006200,0,0,0
2424,21,376,1006300,0,0,0
2425,21,376,1006400,2788,1395,1393
2426,21,376,1006500,528,255,273
2427,21,376,1006600,2018,1048,970
2428,21,376,1006700,388,204,184
2429,21,376,1006800,427,217,210
2430,21,376,1006900,233,129,104
2431,21,376,1007000,257,128,129
2432,21,376,1007100,650,331,319
2433,21,376,1007200,434,224,210
2434,21,376,1007300,811,413,398
2435,21,376,1007400,329,165,164
2436,21,376,1007500,314,147,167
2437,21,376,1007600,734,375,359
2438,21,376,1007700,300,157,143
2439,21,376,1007800,625,327,298
2440,21,376,1007900,321,169,152
2441,21,376,1008000,395,229,166
2442,21,376,1008100,475,253,222
2443,21,376,1008200,655,318,337
2444,21,376,1008300,330,161,169
2445,21,376,1008400,1265,654,611
2446,21,376,1008500,643,325,318
2447,21,376,1008600,502,265,237
2448,21,376,1008700,1277,672,605
2449,21,376,1008800,478,234,244
2450,21,376,1008900,169,85,84
2451,21,376,1009000,1046,509,537
2452,21,376,1009100,706,351,355
2453,21,376,1009200,2,1,1
2454,21,376,1009300,670,353,317
2455,21,376,1009400,481,298,183
2456,21,376,1009500,74,36,38
2457,21,376,1009600,725,366,359
2458,21,376,1009700,465,225,240
2459,21,376,1009800,663,330,333
2460,21,376,1009900,864,470,394
2461,21,376,1010000,578,310,268
2462,21,376,1010100,778,401,377
2463,21,376,1010200,1548,798,750
2464,21,376,1010300,1000,487,513
2465,21,376,1010400,1580,778,802
2466,21,376,1010500,255,130,125
2467,21,376,1010600,0,0,0
2468,21,376,1010700,270,138,132
2469,21,376,1010800,207,99,108
2470,21,376,1010900,558,312,246
2471,21,376,1011000,1657,848,809
2472,21,376,1011100,0,0,0
2473,21,376,1011200,110,54,56
2474,21,376,1011300,3228,1647,1581
2475,21,376,1011400,409,205,204
2476,21,376,1011500,54,26,28
2477,21,376,1011600,487,260,227
2478,21,376,1011700,681,342,339
2479,21,376,1011800,619,308,311
2480,21,376,1011900,435,208,227
2481,21,376,1012000,427,206,221
2482,21,376,1012100,2884,1471,1413
2483,21,376,1012200,353,177,176
2484,21,376,1012300,359,183,176
2485,21,376,1012400,197,102,95
2486,21,376,1012500,732,381,351
2487,21,376,1012600,592,302,290
2488,21,376,1012700,744,369,375
2489,21,376,1012800,640,333,307
2490,21,376,1012900,121,65,56
2491,21,376,1013000,804,428,376
2492,21,376,1013100,296,148,148
2493,21,376,1013200,1321,654,667
2494,21,376,1013300,714,343,371
2495,21,376,1013400,1241,617,624
2496,21,376,1013500,322,174,148
2497,21,376,1013600,1195,619,576
2498,21,376,1013700,468,242,226
2499,21,376,1013800,401,199,202
2500,21,376,1013900,1771,908,863
2501,21,376,1014000,985,506,479
2502,21,376,1014100,641,324,317
2503,21,376,1014200,148,78,70
2504,21,376,1014300,457,238,219
2505,21,376,1014400,2731,1442,1289
2506,21,376,1014500,308,155,153
2507,21,376,1014600,549,275,274
2508,21,376,1014700,1352,657,695
2509,21,376,1014800,626,310,316
2510,21,376,1014900,167,73,94
2511,21,376,1015000,317,148,169
2512,21,376,1015100,1431,726,705
2513,21,376,1015200,424,223,201
2514,21,376,1015300,150,68,82
2515,21,376,1015400,282,133,149
2516,21,376,1015500,110,61,49
2517,21,376,1015600,177,103,74
2518,21,376,1015700,417,202,215
2519,21,376,1015800,735,388,347
2520,21,376,1015900,723,391,332
2521,21,376,1016000,3677,1907,1770
2522,21,376,1016100,267,145,122
2523,21,376,1016200,397,197,200
2524,21,376,1016300,1867,945,922
2525,21,376,1016400,1133,570,563
2526,21,376,1016500,484,243,241
2527,21,376,1016600,967,507,460
2528,21,376,1016700,356,171,185
2529,21,376,1016800,357,177,180
2530,21,376,1016900,48,25,23
2531,21,376,1017000,1513,740,773
2532,21,376,1017100,1186,624,562
2533,21,376,1017200,1027,515,512
2534,21,376,1017300,620,329,291
2535,21,376,1017400,740,377,363
2536,21,376,1017500,889,466,423
2537,21,376,1017600,449,204,245
2538,21,376,1017700,234,120,114
2539,21,376,1017800,638,319,319
2540,21,376,1017900,2992,1557,1435
2541,21,376,1018000,4944,2556,2388
2542,21,376,1018100,1166,601,565
2543,21,376,1018200,1523,788,735
2544,21,376,1018300,1349,687,662
2545,21,376,1018400,747,369,378
2546,21,376,1018500,123,69,54
2547,21,376,1018600,686,353,333
2548,21,376,1018700,1896,974,922
2549,21,376,1018800,0,0,0
2550,21,376,1018900,1192,612,580
2551,21,376,1019000,419,213,206
2552,21,376,1019100,970,503,467
2553,21,376,1019200,591,310,281
2554,21,376,1019300,71,35,36
2555,21,376,1019400,920,453,467
2556,21,376,1019500,1426,747,679
2557,21,376,1019600,194,88,106
2558,21,376,1019700,308,149,159
2559,21,376,1019800,827,432,395
2560,21,376,1019900,1291,655,636
2561,21,376,1020000,176,89,87
2562,21,376,1020100,609,304,305
2563,21,376,1020200,851,442,409
2564,21,376,1020300,350,187,163
2565,21,376,1020400,110,56,54
2566,21,376,1020500,745,369,376
2567,21,376,1020600,369,186,183
2568,21,376,1020700,2205,1131,1074
2569,21,376,1020800,1107,542,565
2570,21,376,1020900,1121,560,561
2571,21,376,1021000,1470,735,735
2572,21,376,1021100,25,12,13
2573,21,376,1021200,1868,936,932
2574,21,376,1021300,2368,1162,1206
2575,21,376,1021400,706,368,338
2576,21,376,1021500,495,243,252
2577,21,376,1021600,0,0,0
2578,21,376,1021700,668,318,350
2579,21,376,1021800,992,523,469
2580,21,376,1021900,0,0,0
2581,21,376,1022000,0,0,0
2582,21,376,1022100,264,120,144
2583,21,376,1022200,52,29,23
2584,21,376,1022300,545,291,254
2585,21,376,1022400,414,210,204
2586,21,376,1022500,1355,712,643
2587,21,376,1022600,541,264,277
2588,21,376,1022700,427,219,208
2589,21,376,1022800,1097,543,554
2590,21,376,1022900,436,243,193
2591,21,376,1023000,511,238,273
2592,21,376,1023100,751,380,371
2593,21,376,1023200,644,332,312
2594,21,376,1023300,838,428,410
2595,21,376,1023400,831,428,403
2596,21,376,1023500,371,207,164
2597,21,376,1023600,520,259,261
2598,21,376,1023700,1347,635,712
2599,21,376,1023800,400,204,196
2600,21,376,1023900,1259,659,600
2601,21,376,1024000,397,186,211
2602,21,376,1024100,722,362,360
2603,21,376,1024200,3491,1759,1732
2604,21,376,1024300,0,0,0
2605,21,376,1024400,381,177,204
2606,21,376,1024500,245,117,128
2607,21,376,1024600,1294,649,645
2608,21,376,1024700,1259,645,614
2609,21,376,1024800,903,484,419
2610,21,376,1024900,874,461,413
2611,21,376,1025000,681,340,341
2612,21,376,1025100,1136,573,563
2613,21,376,1025200,1041,530,511
2614,21,376,1025300,916,484,432
2615,21,376,1025400,1203,606,597
2616,21,376,1025500,0,0,0
2617,21,376,1025600,264,131,133
2618,21,376,1025700,726,360,366
2619,21,376,1025800,788,377,411
2620,21,376,1025900,839,427,412
2621,21,376,1026000,0,0,0
2622,21,376,1026100,593,298,295
2623,21,376,1026200,702,368,334
2624,21,376,1026300,18,5,13
2625,21,376,1026400,823,404,419
2626,21,376,1026500,1002,523,479
2627,21,376,1026600,1779,881,898
2628,21,376,1026700,668,344,324
2629,21,376,1026800,1489,762,727
2630,21,376,1026900,1008,530,478
2631,21,376,1027000,301,155,146
2632,21,376,1027100,382,180,202
2633,21,376,1027200,1125,535,590
2634,21,376,1027300,773,360,413
2635,21,376,1027400,428,221,207
2636,21,376,1027500,1291,641,650
2637,21,376,1027600,1049,532,517
2638,21,376,1027700,811,408,403
2639,21,376,1027800,471,247,224
2640,21,376,1027900,568,310,258
2641,21,376,1028000,267,132,135
2642,21,376,1028100,263,139,124
2643,21,376,1028200,473,240,233
2644,21,376,1028300,169,72,97
2645,21,376,1028400,490,253,237
2646,21,376,1028500,544,298,246
2647,21,376,1028600,138,65,73
2648,21,376,1028700,0,0,0
2649,21,376,1028800,221,120,101
2650,21,376,1028900,304,158,146
2651,21,376,1029000,195,99,96
2652,21,376,1029100,147,68,79
2653,21,376,1029200,3250,1639,1611
2654,21,376,1029300,290,132,158
2655,21,376,1029400,149,71,78
2656,21,376,1029500,873,440,433
2657,21,376,1029600,49,21,28
2658,21,376,1029700,1018,523,495
2659,21,376,1029800,627,329,298
2660,21,376,1029900,711,362,349
2661,21,376,1030000,791,391,400
2662,21,376,1030100,440,229,211
2663,21,376,1030200,0,0,0
2664,21,376,1030300,132,58,74
2665,21,376,1030400,582,309,273
2666,21,376,1030500,578,285,293
2667,21,376,1030600,1042,507,535
2668,21,376,1030700,0,0,0
2669,21,376,1030800,947,495,452
2670,21,376,1030900,378,203,175
2671,21,376,1031000,735,357,378
2672,21,376,1031100,357,188,169
2673,21,376,1031200,464,225,239
2674,21,376,1031300,519,250,269
2675,21,376,1031400,381,217,164
2676,21,376,1031500,1138,597,541
2677,21,376,1031600,434,204,230
2678,21,376,1031700,159,78,81
2679,21,376,1031800,404,203,201
2680,21,376,1031900,910,456,454
2681,21,376,1032000,1037,540,497
2682,21,376,1032100,668,323,345
2683,21,376,1032200,517,263,254
2684,21,376,1032300,319,160,159
2685,21,376,1032400,1807,883,924
2686,21,376,1032500,510,276,234
2687,21,376,1032600,932,533,399
2688,21,376,1032700,624,312,312
2689,21,376,1032800,569,301,268
2690,21,376,1032900,818,409,409
2691,21,376,1033000,798,425,373
2692,21,376,1033100,908,473,435
2693,21,376,1033200,1027,510,517
2694,21,376,1033300,0,0,0
2695,21,376,1033400,1766,881,885
2696,21,376,1033500,504,255,249
2697,21,376,1033600,419,194,225
2698,21,376,1033700,636,324,312
2699,21,376,1033800,158,72,86
2700,21,376,1033900,8,4,4
2701,21,376,1034000,1108,544,564
2702,21,376,1034100,542,266,276
2703,21,376,1034200,1686,843,843
2704,21,376,1034300,762,372,390
2705,21,376,1034400,890,477,413
2706,21,376,1034500,0,0,0
2707,21,376,1034600,579,302,277
2708,21,376,1034700,102,43,59
2709,21,376,1034800,343,175,168
2710,21,376,1034900,624,327,297
2711,21,376,1035000,1488,739,749
2712,21,376,1035100,2314,1150,1164
2713,21,376,1035200,819,404,415
2714,21,376,1035300,772,372,400
2715,21,376,1035400,1231,609,622
2716,21,376,1035500,229,116,113
2717,21,376,1035600,625,302,323
2718,21,376,1035700,237,130,107
2719,21,376,1035800,579,291,288
2720,21,376,1035900,451,213,238
2721,21,376,1036000,1634,813,821
2722,21,376,1036100,106,51,55
2723,21,376,1036200,699,376,323
2724,21,376,1036300,198,97,101
2725,21,376,1036400,809,424,385
2726,21,376,1036500,1342,666,676
2727,21,376,1036600,502,263,239
2728,21,376,1036700,878,421,457
2729,21,376,1036800,128,61,67
2730,21,376,1036900,923,494,429
2731,21,376,1037000,1445,704,741
2732,21,376,1037100,149,72,77
2733,21,376,1037200,828,404,424
2734,21,376,1037300,267,141,126
2735,21,376,1037400,870,459,411
2736,21,376,1037500,587,298,289
2737,21,376,1037600,720,361,359
2738,21,376,1037700,817,394,423
2739,21,376,1037800,0,0,0
2740,21,376,1037900,378,193,185
2741,21,376,1038000,475,228,247
2742,21,376,1038100,233,99,134
2743,21,376,1038200,835,397,438
2744,21,376,1038300,1303,747,556
2745,21,376,1038400,0,0,0
2746,21,376,1038500,1437,723,714
2747,21,376,1038600,751,378,373
2748,21,376,1038700,515,263,252
2749,21,376,1038800,367,177,190
2750,21,376,1038900,205,102,103
2751,21,376,1039000,131,79,52
2752,21,376,1039100,739,362,377
2753,21,376,1039200,427,214,213
2754,21,376,1039300,194,99,95
2755,21,376,1039400,1018,511,507
2756,21,376,1039500,415,216,199
2757,21,376,1039600,1327,659,668
2758,21,376,1039700,343,179,164
2759,21,376,1039800,843,433,410
2760,21,376,1039900,600,293,307
2761,21,376,1040000,494,238,256
2762,21,376,1040100,137,69,68
2763,21,376,1040200,554,295,259
2764,21,376,1040300,256,131,125
2765,21,376,1040400,667,349,318
2766,21,376,1040500,1566,822,744
2767,21,376,1040600,2037,1005,1032
2768,21,376,1040700,99,49,50
2769,21,376,1040800,493,245,248
2770,21,376,1040900,357,213,144
2771,21,376,1041000,407,197,210
2772,21,376,1041100,184,89,95
2773,21,376,1041200,773,397,376
2774,21,376,1041300,334,167,167
2775,21,376,1041400,400,206,194
2776,21,376,1041500,321,166,155
2777,21,376,1041600,253,129,124
2778,21,376,1041700,91,42,49
2779,21,376,1041800,602,308,294
2780,21,376,1041900,166,88,78
2781,21,376,1042000,762,375,387
2782,21,376,1042100,927,453,474
2783,21,376,1042200,185,93,92
2784,21,376,1042300,543,282,261
2785,21,376,1042400,114,55,59
2786,21,376,1042500,312,148,164
2787,21,376,1042600,524,260,264
2788,21,376,1042700,397,193,204
2789,21,376,1042800,119,62,57
2790,21,376,1042900,361,190,171
2791,21,376,1043000,282,133,149
2792,21,376,1043100,319,169,150
2793,21,376,1043200,484,250,234
2794,21,376,1043300,1253,647,606
2795,21,376,1043400,54,34,20
2796,21,376,1043500,334,184,150
2797,21,376,1043600,774,394,380
2798,21,376,1043700,279,133,146
2799,21,376,1043800,831,406,425
2800,21,376,1043900,865,453,412
2801,21,376,1044000,80,40,40
2802,21,376,1044100,1117,543,574
2803,21,376,1044200,1212,600,612
2804,21,376,1044300,290,147,143
2805,21,376,1044400,685,343,342
2806,21,376,1044500,493,238,255
2807,21,376,1044600,973,502,471
2808,21,376,1044700,1575,672,903
2809,21,376,1044800,538,281,257
2810,21,376,1044900,304,160,144
2811,21,376,1045000,1077,552,525
2812,21,376,1045100,899,433,466
2813,21,376,1045200,204,99,105
2814,21,376,1045300,609,301,308
2815,21,376,1045400,1079,545,534
2816,21,376,1045500,862,424,438
2817,21,376,1045600,456,216,240
2818,21,376,1045700,679,339,340
2819,21,376,1045800,569,289,280
2820,21,376,1045900,981,482,499
2821,21,376,1046000,727,359,368
2822,21,376,1046100,504,240,264
2823,21,376,1046200,317,158,159
2824,21,376,1046300,119,61,58
2825,21,376,1046400,685,343,342
2826,21,376,1046500,1514,765,749
2827,21,376,1046600,293,139,154
2828,21,376,1046700,1222,637,585
2829,21,376,1046800,986,494,492
2830,21,376,1046900,922,466,456
2831,21,376,1047000,654,338,316
2832,21,376,1047100,161,79,82
2833,21,376,1047200,350,178,172
2834,21,376,1047300,71,35,36
2835,21,376,1047400,1230,619,611
2836,21,376,1047500,231,119,112
2837,21,376,1047600,2093,1049,1044
2838,21,376,1047700,114,60,54
2839,21,376,1047800,397,195,202
2840,21,376,1047900,615,319,296
2841,21,376,1048000,208,104,104
2842,21,376,1048100,457,247,210
2843,21,376,1048200,551,276,275
2844,21,376,1048300,784,368,416
2845,21,376,1048400,755,371,384
2846,21,376,1048500,395,189,206
2847,21,376,1048600,292,149,143
2848,21,376,1048700,157,74,83
2849,21,376,1048800,233,123,110
2850,21,376,1048900,752,387,365
2851,21,376,1049000,301,149,152
2852,21,376,1049100,678,347,331
2853,21,376,1049200,628,310,318
2854,21,376,1049300,282,160,122
2855,21,376,1049400,2023,1021,1002
2856,21,376,1049500,676,350,326
2857,21,376,1049600,483,231,252
2858,21,376,1049700,1298,659,639
2859,21,376,1049800,644,339,305
2860,21,376,1049900,1102,555,547
2861,21,376,1050000,838,416,422
2862,21,376,1050100,1076,541,535
2863,21,376,1050200,925,455,470
2864,21,376,1050300,1174,608,566
2865,21,376,1050400,417,213,204
2866,21,376,1050500,883,427,456
2867,21,376,1050600,766,387,379
2868,21,376,1050700,933,449,484
2869,21,376,1050800,1144,624,520
2870,21,376,1050900,586,296,290
2871,21,376,1051000,396,207,189
2872,21,376,1051100,1495,784,711
2873,21,376,1051200,366,165,201
2874,21,376,1051300,478,236,242
2875,21,376,1051400,818,409,409
2876,21,376,1051500,380,179,201
2877,21,376,1051600,216,114,102
2878,21,376,1051700,570,259,311
2879,21,376,1051800,1031,541,490
2880,21,376,1051900,246,107,139
2881,21,376,1052000,879,419,460
2882,21,376,1052100,490,224,266
2883,21,376,1052200,544,260,284
2884,21,376,1052300,5,1,4
2885,21,376,1052400,44,20,24
2886,21,376,1052500,1277,637,640
2887,21,376,1052600,842,419,423
2888,21,376,1052700,477,245,232
2889,21,376,1052800,1552,846,706
2890,21,376,1052900,1872,999,873
2891,21,376,1053000,762,386,376
2892,21,376,1053100,1939,993,946
2893,21,376,1053200,78,42,36
2894,21,376,1053300,0,0,0
2895,21,376,1053400,452,206,246
2896,21,376,1053500,322,169,153
2897,21,376,1053600,122,62,60
2898,21,376,1053700,473,225,248
2899,21,376,1053800,2852,1489,1363
2900,21,376,1053900,487,242,245
2901,21,376,1054000,0,0,0
2902,21,376,1054100,804,425,379
2903,21,376,1054200,2260,1156,1104
2904,21,376,1054300,1513,771,742
2905,21,376,1054400,730,379,351
2906,21,376,1054500,736,370,366
2907,21,376,1054600,752,362,390
2908,21,376,1054700,73,37,36
2909,21,376,1054800,22,11,11
2910,21,376,1054900,1972,1010,962
2911,21,376,1055000,111,56,55
2912,21,376,1055100,0,0,0
2913,21,376,1055200,857,435,422
2914,21,376,1055300,306,145,161
2915,21,376,1055400,43,18,25
2916,21,376,1055500,323,160,163
2917,21,376,1055600,862,442,420
2918,21,376,1055700,104,53,51
2919,21,376,1055800,1265,638,627
2920,21,376,1055900,1080,560,520
2921,21,376,1056000,1996,984,1012
2922,21,376,1056100,714,352,362
2923,21,376,1056200,991,481,510
2924,21,376,1056300,1983,983,1000
2925,21,376,1056400,432,208,224
2926,21,376,1056500,1239,609,630
2927,21,376,1056600,2379,1203,1176
2928,21,376,1056700,502,242,260
2929,21,376,1056800,927,476,451
2930,21,376,1056900,1105,577,528
2931,21,376,1057000,398,213,185
2932,21,376,1057100,1690,890,800
2933,21,376,1057200,746,371,375
2934,21,376,1057300,377,186,191
2935,21,376,1057400,835,409,426
2936,21,376,1057500,2057,1024,1033
2937,21,376,1057600,1159,562,597
2938,21,376,1057700,1856,953,903
2939,21,376,1057800,1281,636,645
2940,21,376,1057900,2301,1195,1106
2941,21,376,1058000,1683,865,818
2942,21,376,1058100,2286,1183,1103
2943,21,376,1058200,1314,640,674
2944,21,376,1058300,324,155,169
2945,21,376,1058400,79,44,35
2946,21,376,1058500,327,168,159
2947,21,376,1058600,157,78,79
2948,21,376,1058700,1126,551,575
2949,21,376,1058800,1763,881,882
2950,21,376,1058900,1645,810,835
2951,21,376,1059000,2585,1291,1294
2952,21,376,1059100,782,413,369
2953,21,376,1059200,1056,520,536
2954,21,376,1059300,1894,976,918
2955,21,376,1059400,1043,532,511
2956,21,376,1059500,664,341,323
2957,21,376,1059600,1870,947,923
2958,21,376,1059700,1934,1056,878
2959,21,376,1059800,1198,596,602
2960,21,376,1059900,1329,684,645
2961,21,376,1060000,1670,878,792
2962,21,376,1060100,769,256,513
2963,21,376,1060200,1590,784,806
2964,21,376,1060300,1231,646,585
2965,21,376,1060400,849,447,402
2966,21,376,1060500,456,238,218
2967,21,376,1060600,544,279,265
2968,21,376,1060700,339,170,169
2969,21,376,1060800,818,425,393
2970,21,376,1060900,46,22,24
2971,21,376,1061000,190,97,93
2972,21,376,1061100,76,39,37
2973,21,376,1061200,20,10,10
2974,21,376,1061300,155,82,73
2975,21,376,1061400,1366,693,673
2976,21,376,1061500,23,14,9
2977,21,376,1061600,1774,883,891
2978,21,376,1061700,263,133,130
2979,21,376,1061800,1301,669,632
2980,21,376,1061900,725,361,364
2981,21,376,1062000,379,183,196
2982,21,376,1062100,433,221,212
2983,21,376,1062200,471,227,244
2984,21,376,1062300,176,89,87
2985,21,376,1062400,1377,693,684
2986,21,376,1062500,1136,558,578
2987,21,376,1062600,563,301,262
2988,21,376,1062700,1299,660,639
2989,21,376,1062800,730,410,320
2990,21,376,1062900,842,443,399
2991,21,376,1063000,846,434,412
2992,21,376,1063100,515,276,239
2993,21,376,1063200,662,336,326
2994,21,376,1063300,121,53,68
2995,21,376,1063400,629,319,310
2996,21,376,1063500,885,455,430
2997,21,376,1063600,746,348,398
2998,21,376,1063700,147,78,69
2999,21,376,1063800,1404,704,700
3000,21,376,1063900,356,180,176
3001,21,376,1064000,668,323,345
3002,21,376,1064100,386,183,203
3003,21,376,1064200,916,436,480
3004,21,376,1064300,352,174,178
3005,21,376,1064400,763,394,369
3006,21,376,1064500,629,321,308
3007,21,376,1064600,349,175,174
3008,21,376,1064700,366,196,170
3009,21,376,1064800,161,80,81
3010,21,376,1064900,387,194,193
3011,21,376,1065000,650,333,317
3012,21,376,1065100,457,223,234
3013,21,376,1065200,20,12,8
3014,21,376,1065300,1674,836,838
3015,21,376,1065400,606,284,322
3016,21,376,1065500,880,428,452
3017,21,376,1065600,299,150,149
3018,21,376,1065700,1216,597,619
3019,21,376,1065800,883,440,443
3020,21,376,1065900,439,213,226
3021,21,376,1066000,1259,617,642
3022,21,376,1066100,325,180,145
3023,21,376,1066200,962,484,478
3024,21,376,1066300,415,203,212
3025,21,376,1066400,1764,889,875
3026,21,376,1066500,797,410,387
3027,21,376,1066600,95,51,44
3028,21,376,1066700,151,76,75
3029,21,376,1066800,130,71,59
3030,21,376,1066900,1436,746,690
3031,21,376,1067000,333,164,169
3032,21,376,1067100,466,233,233
3033,21,376,1067200,243,137,106
3034,21,376,1067300,2,2,0
3035,21,376,1067400,0,0,0
3036,21,376,1067500,2092,1031,1061
3037,21,376,1067600,770,382,388
3038,21,376,1067700,1221,610,611
3039,21,376,1067800,780,376,404
3040,21,376,1067900,822,432,390
3041,21,376,1068000,243,121,122
3042,21,376,1068100,487,231,256
3043,21,376,1068200,578,285,293
3044,21,376,1068300,992,511,481
3045,21,376,1068400,17,8,9
3046,21,376,1068500,1326,654,672
3047,21,376,1068600,706,351,355
3048,21,376,1068700,727,363,364
3049,21,376,1068800,1187,581,606
3050,21,376,1068900,1503,755,748
3051,21,376,1069000,761,379,382
3052,21,376,1069100,608,302,306
3053,21,376,1069200,276,148,128
3054,21,376,1069300,4291,2194,2097
3055,21,376,1069400,2085,1050,1035
3056,21,376,1069500,1387,715,672
3057,21,376,1069600,986,514,472
3058,21,376,1069700,827,400,427
3059,21,376,1069800,694,356,338
3060,21,376,1069900,593,299,294
3061,21,376,1070000,108,55,53
3062,21,376,1070100,150,73,77
3063,21,376,1070200,219,111,108
3064,21,376,1070300,1512,798,714
3065,21,376,1070400,865,442,423
3066,21,376,1070500,233,122,111
3067,21,376,1070600,14,8,6
3068,21,376,1070700,229,98,131
3069,21,376,1070800,401,210,191
3070,21,376,1070900,1176,571,605
3071,21,376,1071000,1335,696,639
3072,21,376,1071100,87,43,44
3073,21,376,1071200,756,416,340
3074,21,376,1071300,695,336,359
3075,21,376,1071400,1038,529,509
3076,21,376,1071500,742,399,343
3077,21,376,1071600,1889,958,931
3078,21,376,1071700,189,89,100
3079,21,376,1071800,1484,745,739
3080,21,376,1071900,317,171,146
3081,21,376,1072000,468,248,220
3082,21,376,1072100,635,325,310
3083,21,376,1072200,1310,673,637
3084,21,376,1072300,831,410,421
3085,21,376,1072400,672,323,349
3086,21,376,1072500,2073,1053,1020
3087,21,376,1072600,847,410,437
3088,21,376,1072700,190,102,88
3089,21,376,1072800,351,199,152
3090,21,376,1072900,293,140,153
3091,21,376,1073000,887,473,414
3092,21,376,1073100,259,131,128
3093,21,376,1073200,423,214,209
3094,21,376,1073300,549,289,260
3095,21,376,1073400,371,189,182
3096,21,376,1073500,771,389,382
3097,21,376,1073600,953,502,451
3098,21,376,1073700,2950,1519,1431
3099,21,376,1073800,125,65,60
3100,21,376,1073900,351,179,172
3101,21,376,1074000,117,60,57
3102,21,376,1074100,673,344,329
3103,21,376,1074200,1114,582,532
3104,21,376,1074300,668,357,311
3105,21,376,1074400,809,425,384
3106,21,376,1074500,4484,2302,2182
3107,21,376,1074600,643,327,316
3108,21,376,1074700,1330,672,658
3109,21,376,1074800,283,156,127
3110,21,376,1074900,1922,996,926
3111,21,376,1075000,1139,567,572
3112,21,376,1075100,583,304,279
3113,21,376,1075200,855,416,439
3114,21,376,1075300,367,198,169
3115,21,376,1075400,332,170,162
3116,21,376,1075500,580,300,280
3117,21,376,1075600,771,405,366
3118,21,376,1075700,569,283,286
3119,21,376,1075800,536,263,273
3120,21,376,1075900,1828,947,881
3121,21,376,1076000,685,357,328
3122,21,376,1076100,1495,712,783
3123,21,376,1076200,237,132,105
3124,21,376,1076300,586,329,257
3125,21,376,1076400,2443,1212,1231
3126,21,376,1076500,213,103,110
3127,21,376,1076600,1388,721,667
3128,21,376,1076700,667,339,328
3129,21,376,1076800,167,90,77
3130,21,376,1076900,319,165,154
3131,21,376,1077000,1117,543,574
3132,21,376,1077100,12,8,4
3133,21,376,1077200,1064,538,526
3134,21,376,1077300,4012,2010,2002
3135,21,376,1077400,2406,1188,1218
3136,21,376,1077500,517,271,246
3137,21,376,1077600,525,232,293
3138,21,376,1077700,2160,1148,1012
3139,21,376,1077800,983,493,490
3140,21,376,1077900,2119,1073,1046
3141,21,376,1078000,1656,810,846
3142,21,376,1078100,4283,2189,2094
3143,21,376,1078200,3010,1501,1509
3144,21,376,1078300,1148,552,596
3145,21,376,1078400,1101,514,587
3146,21,376,1078500,2679,1332,1347
3147,21,376,1078600,3500,1846,1654
3148,21,376,1078700,840,405,435
3149,21,376,1078800,285,141,144
3150,21,376,1078900,2571,1278,1293
3151,21,376,1079000,1799,868,931
3152,21,376,1079100,1509,779,730
3153,21,376,1079200,4201,2128,2073
3154,21,376,1079300,240,130,110
3155,21,376,1079400,242,130,112
3156,21,376,1079500,1015,520,495
3157,21,376,1079600,216,114,102
3158,21,376,1079700,264,128,136
3159,21,376,1079800,205,100,105
3160,21,376,1079900,714,369,345
3161,21,376,1080000,838,396,442
3162,21,376,1080100,694,363,331
3163,21,376,1080200,1638,838,800
3164,21,376,1080300,1363,688,675
3165,21,376,1080400,1367,699,668
3166,21,376,1080500,889,462,427
3167,21,376,1080600,2462,1279,1183
3168,21,376,1080700,3355,1724,1631
3169,21,376,1080800,2809,1389,1420
3170,21,376,1080900,2526,1275,1251
3171,21,376,1081000,1098,560,538
3172,21,376,1081100,1942,990,952
3173,21,376,1081200,1796,896,900
3174,21,376,1081300,1585,808,777
3175,21,376,1081400,426,206,220
3176,21,376,1081500,758,350,408
3177,21,376,1081600,950,485,465
3178,21,376,1081700,919,466,453
3179,21,376,1081800,696,336,360
3180,21,376,1081900,1589,813,776
3181,21,376,1082000,697,349,348
3182,21,376,1082100,1394,715,679
3183,21,376,1082200,712,340,372
3184,21,376,1082300,2297,1155,1142
3185,21,376,1082400,321,158,163
3186,21,376,1082500,1270,659,611
3187,21,376,1082600,721,360,361
3188,21,376,1082700,1337,704,633
3189,21,376,1082800,1546,803,743
3190,21,376,1082900,1951,1011,940
3191,21,376,1083000,3390,1741,1649
3192,21,376,1083100,2831,1413,1418
3193,21,376,1083200,778,385,393
3194,21,376,1083300,903,426,477
3195,21,376,1083400,693,333,360
3196,21,376,1083500,2740,1363,1377
3197,21,376,1083600,792,394,398
3198,21,376,1083700,534,267,267
3199,21,376,1083800,372,174,198
3200,21,376,1083900,689,340,349
3201,21,376,1084000,696,360,336
3202,21,376,1084100,862,445,417
3203,21,376,1084200,492,248,244
3204,21,376,1084300,553,282,271
3205,21,376,1084400,554,273,281
3206,21,376,1084500,504,184,320
3207,21,376,1084600,564,296,268
3208,21,376,1084700,629,295,334
3209,21,376,1084800,1176,562,614
3210,21,376,1084900,528,380,148
3211,21,376,1085000,440,228,212
3212,21,376,1085100,726,360,366
3213,21,376,1085200,788,387,401
3214,21,376,1085300,125,58,67
3215,21,376,1085400,145,69,76
3216,21,376,1085500,553,272,281
3217,21,376,1085600,456,210,246
3218,21,376,1085700,1311,655,656
3219,21,376,1085800,1057,516,541
3220,21,376,1085900,1557,753,804
3221,21,376,1086000,727,366,361
3222,21,376,1086100,491,241,250
3223,21,376,1086200,195,94,101
3224,21,376,1086300,703,342,361
3225,21,376,1086400,1013,500,513
3226,21,376,1086500,647,310,337
3227,21,376,1086600,1172,553,619
3228,21,376,1086700,2069,1029,1040
3229,21,376,1086800,541,262,279
3230,21,376,1086900,1950,990,960
3231,21,376,1087000,1415,679,736
3232,21,376,1087100,1333,647,686
3233,21,376,1087200,1121,524,597
3234,21,376,1087300,174,94,80
3235,21,376,1087400,647,342,305
3236,21,376,1087500,620,323,297
3237,21,376,1087600,265,142,123
3238,21,376,1087700,287,148,139
3239,21,376,1087800,1520,766,754
3240,21,376,1087900,413,202,211
3241,21,376,1088000,678,319,359
3242,21,376,1088100,607,287,320
3243,21,376,1088200,196,99,97
3244,21,376,1088300,1021,510,511
3245,21,376,1088400,440,205,235
3246,21,376,1088500,889,436,453
3247,21,376,1088600,171,98,73
3248,21,376,1088700,1492,688,804
3249,21,376,1088800,400,199,201
3250,21,376,1088900,678,336,342
3251,21,376,1089000,283,146,137
3252,21,376,1089100,1027,523,504
3253,21,376,1089200,1156,568,588
3254,21,376,1089300,958,461,497
3255,21,376,1089400,521,259,262
3256,21,376,1089500,538,263,275
3257,21,376,1089600,156,76,80
3258,21,376,1089700,287,133,154
3259,21,376,1089800,362,185,177
3260,21,376,1089900,650,322,328
3261,21,376,1090000,2,2,0
3262,21,376,1090100,2,2,0
3263,21,376,1090200,6,6,0
3264,21,376,1090300,95,49,46
3265,21,376,1090400,3,3,0
3266,21,376,1090500,42,17,25
3267,21,376,1090600,1085,551,534
3268,21,376,1090700,266,136,130
3269,21,376,1090800,588,280,308
3270,21,376,1090900,1102,620,482
3271,21,376,1091000,492,248,244
3272,21,376,1091100,563,292,271
3273,21,376,1091200,350,177,173
3274,21,376,1091300,775,385,390
3275,21,376,1091400,596,308,288
3276,21,376,1091500,363,176,187
3277,21,376,1091600,415,203,212
3278,21,376,1091700,333,169,164
3279,21,376,1091800,457,221,236
3280,21,376,1091900,684,329,355
3281,21,376,1092000,644,315,329
3282,21,376,1092100,2,2,0
3283,21,376,1092200,627,302,325
3284,21,376,1092300,399,187,212
3285,21,376,1092400,381,186,195
3286,21,376,1092500,195,90,105
3287,21,376,1092600,306,157,149
3288,21,376,1092700,407,206,201
3289,21,376,1092800,943,436,507
3290,21,376,1092900,398,190,208
3291,21,376,1093000,442,225,217
3292,21,376,1093100,282,155,127
3293,21,376,1093200,367,177,190
3294,21,376,1093300,1361,643,718
3295,21,376,1093400,510,262,248
3296,21,376,1093500,457,242,215
3297,21,376,1093600,569,274,295
3298,21,376,1093700,6,2,4
3299,21,376,1093800,762,377,385
3300,21,376,1093900,313,159,154
3301,21,376,1094000,528,251,277
3302,21,376,1094100,1099,550,549
3303,21,376,1094200,1308,649,659
3304,21,376,1094300,601,284,317
3305,21,376,1094400,799,391,408
3306,21,376,1094500,368,175,193
3307,21,376,1094600,292,150,142
3308,21,376,1094700,553,275,278
3309,21,376,1094800,678,325,353
3310,21,376,1094900,187,91,96
3311,21,376,1095000,1012,500,512
3312,21,376,1095100,287,140,147
3313,21,376,1095200,215,113,102
3314,21,376,1095300,409,197,212
3315,21,376,1095400,1108,601,507
3316,21,376,1095500,590,293,297
3317,21,376,1095600,73,43,30
3318,21,376,1095700,179,91,88
3319,21,376,1095800,1332,731,601
3320,21,376,1095900,74,36,38
3321,21,376,1096000,225,113,112
3322,21,376,1096100,1790,960,830
3323,21,376,1096200,2,1,1
3324,21,376,1096300,103,56,47
3325,21,376,1096400,241,117,124
3326,21,376,1096500,647,325,322
3327,21,376,1096600,255,99,156
3328,21,376,1096700,222,104,118
3329,21,376,1096800,723,369,354
3330,21,376,1096900,1972,1022,950
3331,21,376,1097000,1046,512,534
3332,21,376,1097100,3677,1753,1924
3333,21,376,1097200,1949,1020,929
3334,21,376,1097300,213,110,103
3335,21,376,1097400,1867,953,914
3336,21,376,1097500,732,381,351
3337,21,376,1097600,1480,720,760
3338,21,376,1097700,99,44,55
3339,21,376,1097800,452,231,221
3340,21,376,1097900,713,360,353
3341,21,376,1098000,1166,567,599
3342,21,376,1098100,442,203,239
3343,21,376,1098200,104,49,55
3344,21,376,1098300,391,187,204
3345,21,376,1098400,2064,1033,1031
3346,21,376,1098500,424,221,203
3347,21,376,1098600,158,71,87
3348,21,376,1098700,380,188,192
3349,21,376,1098800,156,79,77
3350,21,376,1098900,217,108,109
3351,21,376,1099000,0,0,0
3352,21,376,1099100,271,132,139
3353,21,376,1099200,702,344,358
3354,21,376,1099300,512,257,255
3355,21,376,1099400,157,76,81
3356,21,376,1099500,224,117,107
3357,21,376,1099600,46,23,23
3358,21,376,1099700,1437,703,734
3359,21,376,1099800,1363,693,670
3360,21,376,1099900,528,251,277
3361,21,376,1100000,2218,1098,1120
3362,21,376,1100100,237,122,115
3363,21,376,1100200,147,70,77
3364,21,376,1100300,227,104,123
3365,21,376,1100400,510,264,246
3366,21,376,1100500,877,439,438
3367,21,376,1100600,1983,1013,970
3368,21,376,1100700,583,292,291
3369,21,376,1100800,615,324,291
3370,21,376,1100900,1606,870,736
3371,21,376,1101000,1225,606,619
3372,21,376,1101100,589,291,298
3373,21,376,1101200,254,136,118
3374,21,376,1101300,1511,735,776
3375,21,376,1101400,976,490,486
3376,21,376,1101500,206,90,116
3377,21,376,1101600,1454,712,742
3378,21,376,1101700,980,502,478
3379,21,376,1101800,1485,765,720
3380,21,376,1101900,857,410,447
3381,21,376,1102000,569,287,282
3382,21,376,1102100,427,223,204
3383,21,376,1102200,1431,711,720
3384,21,376,1102300,216,110,106
3385,21,376,1102400,954,453,501
3386,21,376,1102500,358,183,175
3387,21,376,1102600,1197,567,630
3388,21,376,1102700,391,197,194
3389,21,376,1102800,285,131,154
3390,21,376,1102900,1019,510,509
3391,21,376,1103000,632,341,291
3392,21,376,1103100,407,203,204
3393,21,376,1103200,1196,549,647
3394,21,376,1103300,199,107,92
3395,21,376,1103400,310,155,155
3396,21,376,1103500,1316,640,676
3397,21,376,1103600,868,428,440
3398,21,376,1103700,2011,1023,988
3399,21,376,1103800,250,131,119
3400,21,376,1103900,2118,1122,996
3401,21,376,1104000,240,128,112
3402,21,376,1104100,898,444,454
3403,21,376,1104200,314,150,164
3404,21,376,1104300,1008,521,487
3405,21,376,1104400,377,189,188
3406,21,376,1104500,592,285,307
3407,21,376,1104600,630,318,312
3408,21,376,1104700,310,151,159
3409,21,376,1104800,501,248,253
3410,21,376,1104900,646,317,329
3411,21,376,1105000,966,483,483
3412,21,376,1105100,772,387,385
3413,21,376,1105200,984,485,499
3414,21,376,1105300,567,306,261
3415,21,376,1105400,903,440,463
3416,21,376,1105500,493,237,256
3417,21,376,1105600,387,214,173
3418,21,376,1105700,1284,558,726
3419,21,376,1105800,596,285,311
3420,21,376,1105900,635,339,296
3421,21,376,1106000,1002,477,525
3422,21,376,1106100,356,186,170
3423,21,376,1106200,306,149,157
3424,21,376,1106300,234,122,112
3425,21,376,1106400,683,360,323
3426,21,376,1106500,203,98,105
3427,21,376,1106600,658,330,328
3428,21,376,1106700,794,390,404
3429,21,376,1106800,526,257,269
3430,21,376,1106900,416,214,202
3431,21,376,1107000,1092,552,540
3432,21,376,1107100,401,188,213
3433,21,376,1107200,435,228,207
3434,21,376,1107300,640,321,319
3435,21,376,1107400,801,407,394
3436,21,376,1107500,1091,538,553
3437,21,376,1107600,1294,645,649
3438,21,376,1107700,170,81,89
3439,21,376,1107800,482,243,239
3440,21,376,1107900,914,438,476
3441,21,376,1108000,564,270,294
3442,21,376,1108100,2076,1029,1047
3443,21,376,1108200,1062,533,529
3444,21,376,1108300,811,415,396
3445,21,376,1108400,1360,693,667
3446,21,376,1108500,536,272,264
3447,21,376,1108600,885,419,466
3448,21,376,1108700,203,95,108
3449,21,376,1108800,990,494,496
3450,21,376,1108900,1549,773,776
3451,21,376,1109000,1185,718,467
3452,21,376,1109100,215,107,108
3453,21,376,1109200,349,169,180
3454,21,376,1109300,225,110,115
3455,21,376,1109400,219,121,98
3456,21,376,1109500,267,131,136
3457,21,376,1109600,98,43,55
3458,21,376,1109700,783,372,411
3459,21,376,1109800,660,314,346
3460,21,376,1109900,433,217,216
3461,21,376,1110000,302,152,150
3462,21,376,1110100,167,87,80
3463,21,376,1110200,0,0,0
3464,21,376,1110300,397,186,211
3465,21,376,1110400,887,445,442
3466,21,376,1110500,888,484,404
3467,21,376,1110600,1399,701,698
3468,21,376,1110700,1023,532,491
3469,21,376,1110800,0,0,0
3470,21,376,1110900,1993,989,1004
3471,21,376,1111000,1915,996,919
3472,21,376,1111100,708,350,358
3473,21,376,1111200,367,178,189
3474,21,376,1111300,1388,709,679
3475,21,376,1111400,445,199,246
3476,21,376,1111500,493,232,261
3477,21,376,1111600,334,190,144
3478,21,376,1111700,361,178,183
3479,21,376,1111800,280,133,147
3480,21,376,1111900,237,107,130
3481,21,376,1112000,29,14,15
3482,21,376,1112100,107,54,53
3483,21,376,1112200,205,93,112
3484,21,376,1112300,104,68,36
3485,21,376,1112400,361,189,172
3486,21,376,1112500,290,146,144
3487,21,376,1112600,283,151,132
3488,21,376,1112700,490,247,243
3489,21,376,1112800,174,88,86
3490,21,376,1112900,281,136,145
3491,21,376,1113000,317,156,161
3492,21,376,1113100,461,232,229
3493,21,376,1113200,554,292,262
3494,21,376,1113300,629,317,312
3495,21,376,1113400,188,95,93
3496,21,376,1113500,1389,686,703
3497,21,376,1113600,348,171,177
3498,21,376,1113700,65,35,30
3499,21,376,1113800,236,110,126
3500,21,376,1113900,290,146,144
3501,21,376,1114000,1308,663,645
3502,21,376,1114100,361,193,168
3503,21,376,1114200,369,185,184
3504,21,376,1114300,111,56,55
3505,21,376,1114400,111,46,65
3506,21,376,1114500,514,251,263
3507,21,376,1114600,179,84,95
3508,21,376,1114700,81,35,46
3509,21,376,1114800,306,140,166
3510,21,376,1114900,190,91,99
3511,21,376,1115000,296,142,154
3512,21,376,1115100,684,321,363
3513,21,376,1115200,781,399,382
3514,21,376,1115300,764,366,398
3515,21,376,1115400,390,198,192
3516,21,376,1115500,1002,494,508
3517,21,376,1115600,476,243,233
3518,21,376,1115700,242,131,111
3519,21,376,1115800,1759,933,826
3520,21,376,1115900,1729,832,897
3521,21,376,1116000,263,136,127
3522,21,376,1116100,447,229,218
3523,21,376,1116200,945,475,470
3524,21,376,1116300,620,324,296
3525,21,376,1116400,569,267,302
3526,21,376,1116500,419,228,191
3527,21,376,1116600,292,140,152
3528,21,376,1116700,314,150,164
3529,21,376,1116800,0,0,0
3530,21,376,1116900,490,242,248
3531,21,376,1117000,0,0,0
3532,21,376,1117100,520,256,264
3533,21,376,1117200,543,289,254
3534,21,376,1117300,169,82,87
3535,21,376,1117400,6,2,4
3536,21,376,1117500,699,340,359
3537,21,376,1117600,1,0,1
3538,21,376,1117700,398,186,212
3539,21,376,1117800,343,168,175
3540,21,376,1117900,380,174,206
3541,21,376,1118000,664,341,323
3542,21,376,1118100,195,104,91
3543,21,376,1118200,368,183,185
3544,21,376,1118300,95,49,46
3545,21,376,1118400,379,195,184
3546,21,376,1118500,468,224,244
3547,21,376,1118600,856,398,458
3548,21,376,1118700,186,85,101
3549,21,376,1118800,187,95,92
3550,21,376,1118900,112,61,51
3551,21,376,1119000,788,406,382
3552,21,376,1119100,204,98,106
3553,21,376,1119200,692,359,333
3554,21,376,1119300,950,495,455
3555,21,376,1119400,732,360,372
3556,21,376,1119500,637,321,316
3557,21,376,1119600,530,248,282
3558,21,376,1119700,713,330,383
3559,21,376,1119800,718,368,350
3560,21,376,1119900,37,14,23
3561,21,376,1120000,0,0,0
3562,21,376,1120100,1333,649,684
3563,21,376,1120200,799,385,414
3564,21,376,1120300,1096,562,534
3565,21,376,1120400,13,4,9
3566,21,376,1120500,739,368,371
3567,21,376,1120600,157,80,77
3568,21,376,1120700,898,443,455
3569,21,376,1120800,913,482,431
3570,21,376,1120900,894,445,449
3571,21,376,1121000,780,376,404
3572,21,376,1121100,310,157,153
3573,21,376,1121200,396,202,194
3574,21,376,1121300,553,290,263
3575,21,376,1121400,1073,503,570
3576,21,376,1121500,368,186,182
3577,21,376,1121600,1097,509,588
3578,21,376,1121700,305,157,148
3579,21,376,1121800,99,49,50
3580,21,376,1121900,395,177,218
3581,21,376,1122000,376,179,197
3582,21,376,1122100,1945,994,951
3583,21,376,1122200,1681,881,800
3584,21,376,1122300,43,23,20
3585,21,376,1122400,1384,678,706
3586,21,376,1122500,732,350,382
3587,21,376,1122600,61,29,32
3588,21,376,1122700,90,44,46
3589,21,376,1122800,350,174,176
3590,21,376,1122900,1139,542,597
3591,21,376,1123000,1226,611,615
3592,21,376,1123100,1126,519,607
3593,21,376,1123200,793,395,398
3594,21,376,1123300,753,349,404
3595,21,376,1123400,678,331,347
3596,21,376,1123500,955,490,465
3597,21,376,1123600,119,58,61
3598,21,376,1123700,240,125,115
3599,21,376,1123800,110,52,58
3600,21,376,1123900,304,159,145
3601,21,376,1124000,1566,743,823
3602,21,376,1124100,487,233,254
3603,21,376,1124200,97,52,45
3604,21,376,1124300,1278,645,633
3605,21,376,1124400,225,103,122
3606,21,376,1124500,62,27,35
3607,21,376,1124600,36,20,16
3608,21,376,1124700,37,23,14
3609,21,376,1124800,217,110,107
3610,21,376,1124900,69,34,35
3611,21,376,1125000,46,22,24
3612,21,376,1125100,803,406,397
3613,21,376,1125200,368,183,185
3614,21,376,1125300,765,377,388
3615,21,376,1125400,0,0,0
3616,21,376,1125500,11,11,0
3617,21,376,1125600,1,1,0
3618,21,376,1125700,0,0,0
3619,21,376,1125800,405,197,208
3620,21,376,1125900,774,382,392
3621,21,376,1126000,1514,751,763
3622,21,376,1126100,688,338,350
3623,21,376,1126200,64,32,32
3624,21,376,1126300,1968,1022,946
3625,21,376,1126400,0,0,0
3626,21,376,1126500,1699,925,774
3627,21,376,1126600,296,157,139
3628,21,376,1126700,0,0,0
3629,21,376,1126800,409,205,204
3630,21,376,1126900,1594,797,797
3631,21,376,1127000,0,0,0
3632,21,376,1127100,34,20,14
3633,21,376,1127200,80,39,41
3634,21,376,1127300,116,56,60
3635,21,376,1127400,295,161,134
3636,21,376,1127500,4,2,2
3637,21,376,1127600,608,310,298
3638,21,376,1127700,178,94,84
3639,21,376,1127800,250,132,118
3640,21,376,1127900,221,104,117
3641,21,376,1128000,497,243,254
3642,21,376,1128100,103,55,48
3643,21,376,1128200,400,197,203
3644,21,376,1128300,1013,493,520
3645,21,376,1128400,1225,608,617
3646,21,376,1128500,284,146,138
3647,21,376,1128600,186,97,89
3648,21,376,1128700,615,324,291
3649,21,376,1128800,314,152,162
3650,21,376,1128900,194,102,92
3651,21,376,1129000,673,331,342
3652,21,376,1129100,871,427,444
3653,21,376,1129200,416,223,193
3654,21,376,1129300,327,170,157
3655,21,376,1129400,511,256,255
3656,21,376,1129500,569,283,286
3657,21,376,1129600,1287,646,641
3658,21,376,1129700,1012,506,506
3659,21,376,1129800,1135,574,561
3660,21,376,1129900,5774,2902,2872
3661,21,376,1130000,448,224,224
3662,21,376,1130100,389,193,196
3663,21,376,1130200,467,248,219
3664,21,376,1130300,681,339,342
3665,21,376,1130400,670,329,341
3666,21,376,1130500,1577,769,808
3667,21,376,1130600,1253,610,643
3668,21,376,1130700,582,299,283
3669,21,376,1130800,739,372,367
3670,21,376,1130900,223,117,106
3671,21,376,1131000,295,132,163
3672,21,376,1131100,222,116,106
3673,21,376,1131200,273,130,143
3674,21,376,1131300,256,128,128
3675,21,376,1131400,138,54,84
3676,21,376,1131500,353,174,179
3677,21,376,1131600,292,146,146
3678,21,376,1131700,156,82,74
3679,21,376,1131800,43,17,26
3680,21,376,1131900,188,94,94
3681,21,376,1132000,190,103,87
3682,21,376,1132100,99,51,48
3683,21,376,1132200,36,14,22
3684,21,376,1132300,168,79,89
3685,21,376,1132400,605,290,315
3686,21,376,1132500,515,255,260
3687,21,376,1132600,232,128,104
3688,21,376,1132700,298,164,134
3689,21,376,1132800,308,156,152
3690,21,376,1132900,331,175,156
3691,21,376,1133000,433,205,228
3692,21,376,1133100,798,553,245
3693,21,376,1133200,255,127,128
3694,21,376,1133300,55,27,28
3695,21,376,1133400,1566,797,769
3696,21,376,1133500,0,0,0
3697,21,376,1133600,2037,1032,1005
3698,21,376,1133700,1387,681,706
3699,21,376,1133800,779,404,375
3700,21,376,1133900,967,486,481
3701,21,376,1134000,1124,558,566
3702,21,376,1134100,793,444,349
3703,21,376,1134200,898,448,450
3704,21,376,1134300,684,325,359
3705,21,376,1134400,1367,647,720
3706,21,376,1134500,607,289,318
3707,21,376,1134600,861,408,453
3708,21,376,1134700,2318,1188,1130
3709,21,376,1134800,224,103,121
3710,21,376,1134900,755,387,368
3711,21,376,1135000,512,242,270
3712,21,376,1135100,751,350,401
3713,21,376,1135200,408,203,205
3714,21,376,1135300,819,390,429
3715,21,376,1135400,509,254,255
3716,21,376,1135500,612,285,327
3717,21,376,1135600,1184,572,612
3718,21,376,1135700,1121,571,550
3719,21,376,1135800,419,223,196
3720,21,376,1135900,868,449,419
3721,21,376,1136000,347,188,159
3722,21,376,1136100,660,312,348
3723,21,376,1136200,166,81,85
3724,21,376,1136300,203,103,100
3725,21,376,1136400,644,324,320
3726,21,376,1136500,898,451,447
3727,21,376,1136600,2750,1354,1396
3728,21,376,1136700,1126,541,585
3729,21,376,1136800,970,493,477
3730,21,376,1136900,132,68,64
3731,21,376,1137000,624,310,314
3732,21,376,1137100,102,49,53
3733,21,376,1137200,236,119,117
3734,21,376,1137300,263,141,122
3735,21,376,1137400,302,146,156
3736,21,376,1137500,331,159,172
3737,21,376,1137600,168,80,88
3738,21,376,1137700,390,190,200
3739,21,376,1137800,46,23,23
3740,21,376,1137900,361,175,186
3741,21,376,1138000,418,206,212
3742,21,376,1138100,436,215,221
3743,21,376,1138200,81,34,47
3744,21,376,1138300,341,166,175
3745,21,376,1138400,290,146,144
3746,21,376,1138500,306,150,156
3747,21,376,1138600,102,55,47
3748,21,376,1138700,160,85,75
3749,21,376,1138800,0,0,0
3750,21,376,1138900,108,56,52
3751,21,376,1139000,672,381,291
3752,21,376,1139100,202,93,109
3753,21,376,1139200,375,164,211
3754,21,376,1139300,380,188,192
3755,21,376,1139400,140,69,71
3756,21,376,1139500,295,150,145
3757,21,376,1139600,234,114,120
3758,21,376,1139700,232,110,122
3759,21,376,1139800,293,137,156
3760,21,376,1139900,475,233,242
3761,21,376,1140000,114,48,66
3762,21,376,1140100,147,70,77
3763,21,376,1140200,534,251,283
3764,21,376,1140300,442,247,195
3765,21,376,1140400,157,73,84
3766,21,376,1140500,102,45,57
3767,21,376,1140600,122,56,66
3768,21,376,1140700,185,94,91
3769,21,376,1140800,0,0,0
3770,21,376,1140900,318,176,142
3771,21,376,1141000,177,89,88
3772,21,376,1141100,533,280,253
3773,21,376,1141200,569,298,271
3774,21,376,1141300,414,207,207
3775,21,376,1141400,389,210,179
3776,21,376,1141500,2,2,0
3777,21,376,1141600,382,202,180
3778,21,376,1141700,76,42,34
3779,21,376,1141800,2,2,0
3780,21,376,1141900,3,3,0
3781,21,376,1142000,3,3,0
3782,21,376,1142100,308,159,149
3783,21,376,1142200,3,3,0
3784,21,376,1142300,276,145,131
3785,21,376,1142400,4,4,0
3786,21,376,1142500,506,259,247
3787,21,376,1142600,1220,619,601
3788,21,376,1142700,250,127,123
3789,21,376,1142800,1082,536,546
3790,21,376,1142900,1140,563,577
3791,21,376,1143000,1167,592,575
3792,21,376,1143100,1682,819,863
3793,21,376,1143200,401,202,199
3794,21,376,1143300,225,103,122
3795,21,376,1143400,1102,560,542
3796,21,376,1143500,1607,755,852
3797,21,376,1143600,602,291,311
3798,21,376,1143700,360,177,183
3799,21,376,1143800,1568,783,785
3800,21,376,1143900,730,367,363
3801,21,376,1144000,501,255,246
3802,21,376,1144100,630,295,335
3803,21,376,1144200,972,458,514
3804,21,376,1144300,2085,1043,1042
3805,21,376,1144400,1264,637,627
3806,21,376,1144500,127,68,59
3807,21,376,1144600,276,137,139
3808,21,376,1144700,138,72,66
3809,21,376,1144800,347,179,168
3810,21,376,1144900,491,225,266
3811,21,376,1145000,125,53,72
3812,21,376,1145100,697,349,348
3813,21,376,1145200,836,395,441
3814,21,376,1145300,1397,711,686
3815,21,376,1145400,711,340,371
3816,21,376,1145500,0,0,0
3817,21,376,1145600,248,121,127
3818,21,376,1145700,793,410,383
3819,21,376,1145800,0,0,0
3820,21,376,1145900,774,371,403
3821,21,376,1146000,315,170,145
3822,21,376,1146100,285,159,126
3823,21,376,1146200,1471,745,726
3824,21,376,1146300,439,208,231
3825,21,376,1146400,164,76,88
3826,21,376,1146500,667,324,343
3827,21,376,1146600,1032,495,537
3828,21,376,1146700,635,319,316
3829,21,376,1146800,1098,545,553
3830,21,376,1146900,265,129,136
3831,21,376,1147000,490,241,249
3832,21,376,1147100,1456,712,744
3833,21,376,1147200,1451,683,768
3834,21,376,1147300,878,438,440
3835,21,376,1147400,295,146,149
3836,21,376,1147500,811,405,406
3837,21,376,1147600,477,265,212
3838,21,376,1147700,723,368,355
3839,21,376,1147800,560,287,273
3840,21,376,1147900,512,276,236
3841,21,376,1148000,964,536,428
3842,21,376,1148100,470,250,220
3843,21,376,1148200,160,82,78
3844,21,376,1148300,0,0,0
3845,21,376,1148400,0,0,0
3846,21,376,1148500,333,158,175
3847,21,376,1148600,464,222,242
3848,21,376,1148700,189,103,86
3849,21,376,1148800,0,0,0
3850,21,376,1148900,765,414,351
3851,21,376,1149000,319,156,163
3852,21,376,1149100,1251,609,642
3853,21,376,1149200,11,6,5
3854,21,376,1149300,793,360,433
3855,21,376,1149400,920,455,465
3856,21,376,1149500,753,360,393
3857,21,376,1149600,156,79,77
3858,21,376,1149700,0,0,0
3859,21,376,1149800,0,0,0
3860,21,376,1149900,0,0,0
3861,21,376,1150000,4675,2401,2274
3862,21,376,1150100,769,389,380
3863,21,376,1150200,910,456,454
3864,21,376,1150300,1062,502,560
3865,21,376,1150400,972,503,469
3866,21,376,1150500,771,366,405
3867,21,376,1150600,651,329,322
3868,21,376,1150700,495,253,242
3869,21,376,1150800,1063,536,527
3870,21,376,1150900,359,178,181
3871,21,376,1151000,0,0,0
3872,21,376,1151100,946,449,497
3873,21,376,1151200,0,0,0
3874,21,376,1151300,2164,1098,1066
3875,21,376,1151400,637,317,320
3876,21,376,1151500,475,236,239
3877,21,376,1151600,551,282,269
3878,21,376,1151700,1923,965,958
3879,21,376,1151800,1091,532,559
3880,21,376,1151900,703,360,343
3881,21,376,1152000,1117,571,546
3882,21,376,1152100,831,426,405
3883,21,376,1152200,1599,792,807
3884,21,376,1152300,317,159,158
3885,21,376,1152400,485,246,239
3886,21,376,1152500,659,321,338
3887,21,376,1152600,562,287,275
3888,21,376,1152700,878,417,461
3889,21,376,1152800,1196,615,581
3890,21,376,1152900,586,279,307
3891,21,376,1153000,491,254,237
3892,21,376,1153100,492,257,235
3893,21,376,1153200,396,193,203
3894,21,376,1153300,225,111,114
3895,21,376,1153400,572,295,277
3896,21,376,1153500,535,272,263
3897,21,376,1153600,0,0,0
3898,21,376,1153700,332,167,165
3899,21,376,1153800,69,32,37
3900,21,376,1153900,415,194,221
3901,21,376,1154000,670,339,331
3902,21,376,1154100,628,322,306
3903,21,376,1154200,484,222,262
3904,21,376,1154300,1062,484,578
3905,21,376,1154400,797,407,390
3906,21,376,1154500,617,299,318
3907,21,376,1154600,890,449,441
3908,21,376,1154700,131,63,68
3909,21,376,1154800,568,282,286
3910,21,376,1154900,681,322,359
3911,21,376,1155000,484,234,250
3912,21,376,1155100,1039,501,538
3913,21,376,1155200,745,349,396
3914,21,376,1155300,666,309,357
3915,21,376,1155400,175,87,88
3916,21,376,1155500,692,357,335
3917,21,376,1155600,467,237,230
3918,21,376,1155700,751,395,356
3919,21,376,1155800,1118,542,576
3920,21,376,1155900,632,325,307
3921,21,376,1156000,672,343,329
3922,21,376,1156100,185,93,92
3923,21,376,1156200,298,145,153
3924,21,376,1156300,993,464,529
3925,21,376,1156400,281,150,131
3926,21,376,1156500,1437,705,732
3927,21,376,1156600,580,302,278
3928,21,376,1156700,213,111,102
3929,21,376,1156800,1053,514,539
3930,21,376,1156900,0,0,0
3931,21,376,1157000,1090,610,480
3932,21,376,1157100,451,219,232
3933,21,376,1157200,1162,563,599
3934,21,376,1157300,147,72,75
3935,21,376,1157400,625,329,296
3936,21,376,1157500,2007,1003,1004
3937,21,376,1157600,878,409,469
3938,21,376,1157700,212,97,115
3939,21,376,1157800,1718,865,853
3940,21,376,1157900,877,466,411
3941,21,376,1158000,1574,758,816
3942,21,376,1158100,703,338,365
3943,21,376,1158200,1332,647,685
3944,21,376,1158300,1743,869,874
3945,21,376,1158400,1366,685,681
3946,21,376,1158500,1252,592,660
3947,21,376,1158600,701,359,342
3948,21,376,1158700,1522,765,757
3949,21,376,1158800,1109,564,545
