,Statecode,Districtcode,VillageCode,Population,Males,Females
0,21,377,1158900,28,12,16
1,21,377,1159000,0,0,0
2,21,377,1159100,797,401,396
3,21,377,1159200,0,0,0
4,21,377,1159300,0,0,0
5,21,377,1159400,0,0,0
6,21,377,1159500,318,167,151
7,21,377,1159600,0,0,0
8,21,377,1159700,340,174,166
9,21,377,1159800,227,99,128
10,21,377,1159900,86,41,45
11,21,377,1160000,114,57,57
12,21,377,1160100,62,34,28
13,21,377,1160200,0,0,0
14,21,377,1160300,182,84,98
15,21,377,1160400,156,73,83
16,21,377,1160500,41,20,21
17,21,377,1160600,340,162,178
18,21,377,1160700,253,119,134
19,21,377,1160800,146,63,83
20,21,377,1160900,946,492,454
21,21,377,1161000,268,138,130
22,21,377,1161100,345,166,179
23,21,377,1161200,0,0,0
24,21,377,1161300,0,0,0
25,21,377,1161400,0,0,0
26,21,377,1161500,0,0,0
27,21,377,1161600,149,71,78
28,21,377,1161700,163,77,86
29,21,377,1161800,2504,1269,1235
30,21,377,1161900,0,0,0
31,21,377,1162000,1233,612,621
32,21,377,1162100,3650,1844,1806
33,21,377,1162200,125,66,59
34,21,377,1162300,404,217,187
35,21,377,1162400,3006,1592,1414
36,21,377,1162500,1820,968,852
37,21,377,1162600,853,448,405
38,21,377,1162700,1358,700,658
39,21,377,1162800,7836,4176,3660
40,21,377,1162900,3093,1546,1547
41,21,377,1163000,509,253,256
42,21,377,1163100,200,105,95
43,21,377,1163200,2938,1438,1500
44,21,377,1163300,2628,1311,1317
45,21,377,1163400,1019,509,510
46,21,377,1163500,3852,1947,1905
47,21,377,1163600,2064,1038,1026
48,21,377,1163700,4235,2145,2090
49,21,377,1163800,417,203,214
50,21,377,1163900,1535,759,776
51,21,377,1164000,285,149,136
52,21,377,1164100,2266,1152,1114
53,21,377,1164200,1354,696,658
54,21,377,1164300,1610,779,831
55,21,377,1164400,1438,735,703
56,21,377,1164500,5069,2576,2493
57,21,377,1164600,1753,898,855
58,21,377,1164700,2398,1214,1184
59,21,377,1164800,0,0,0
60,21,377,1164900,229,117,112
61,21,377,1165000,865,450,415
62,21,377,1165100,861,417,444
63,21,377,1165200,572,297,275
64,21,377,1165300,910,484,426
65,21,377,1165400,350,172,178
66,21,377,1165500,2123,1070,1053
67,21,377,1165600,6302,3236,3066
68,21,377,1165700,4591,2281,2310
69,21,377,1165800,334,155,179
70,21,377,1165900,932,439,493
71,21,377,1166000,24,14,10
72,21,377,1166100,848,407,441
73,21,377,1166200,551,285,266
74,21,377,1166300,495,251,244
75,21,377,1166400,439,236,203
76,21,377,1166500,40,20,20
77,21,377,1166600,200,100,100
78,21,377,1166700,1473,736,737
79,21,377,1166800,6996,3633,3363
80,21,377,1166900,296,164,132
81,21,377,1167000,0,0,0
82,21,377,1167100,127,57,70
83,21,377,1167200,1017,503,514
84,21,377,1167300,430,212,218
85,21,377,1167400,930,475,455
86,21,377,1167500,76,42,34
87,21,377,1167600,0,0,0
88,21,377,1167700,2692,1358,1334
89,21,377,1167800,835,417,418
90,21,377,1167900,827,415,412
91,21,377,1168000,1838,937,901
92,21,377,1168100,270,150,120
93,21,377,1168200,0,0,0
94,21,377,1168300,12,5,7
95,21,377,1168400,336,173,163
96,21,377,1168500,83,43,40
97,21,377,1168600,52,29,23
98,21,377,1168700,0,0,0
99,21,377,1168800,0,0,0
100,21,377,1168900,0,0,0
101,21,377,1169000,319,159,160
102,21,377,1169100,1169,607,562
103,21,377,1169200,20,10,10
104,21,377,1169300,0,0,0
105,21,377,1169400,0,0,0
106,21,377,1169500,0,0,0
107,21,377,1169600,132,74,58
108,21,377,1169700,0,0,0
109,21,377,1169800,605,308,297
110,21,377,1169900,55,27,28
111,21,377,1170000,1200,595,605
112,21,377,1170100,286,150,136
113,21,377,1170200,1877,963,914
114,21,377,1170300,1041,537,504
115,21,377,1170400,0,0,0
116,21,377,1170500,0,0,0
117,21,377,1170600,19,6,13
118,21,377,1170700,876,434,442
119,21,377,1170800,947,469,478
120,21,377,1170900,2251,1150,1101
121,21,377,1171000,0,0,0
122,21,377,1171100,1393,702,691
123,21,377,1171200,109,54,55
124,21,377,1171300,717,378,339
125,21,377,1171400,539,285,254
126,21,377,1171500,626,323,303
127,21,377,1171600,1788,964,824
128,21,377,1171700,173,93,80
129,21,377,1171800,150,78,72
130,21,377,1171900,0,0,0
131,21,377,1172000,1957,1031,926
132,21,377,1172100,1424,697,727
133,21,377,1172200,75,41,34
134,21,377,1172300,384,179,205
135,21,377,1172400,335,176,159
136,21,377,1172500,570,301,269
137,21,377,1172600,705,382,323
138,21,377,1172700,289,148,141
139,21,377,1172800,611,312,299
140,21,377,1172900,452,235,217
141,21,377,1173000,0,0,0
142,21,377,1173100,0,0,0
143,21,377,1173200,2794,1413,1381
144,21,377,1173300,388,199,189
145,21,377,1173400,2283,1147,1136
146,21,377,1173500,376,188,188
147,21,377,1173600,282,140,142
148,21,377,1173700,215,109,106
149,21,377,1173800,499,263,236
150,21,377,1173900,0,0,0
151,21,377,1174000,0,0,0
152,21,377,1174100,944,485,459
153,21,377,1174200,2361,1171,1190
154,21,377,1174300,219,126,93
155,21,377,1174400,611,310,301
156,21,377,1174500,241,113,128
157,21,377,1174600,0,0,0
158,21,377,1174700,0,0,0
159,21,377,1174800,0,0,0
160,21,377,1174900,1633,832,801
161,21,377,1175000,3738,1868,1870
162,21,377,1175100,203,97,106
163,21,377,1175200,1287,660,627
164,21,377,1175300,2803,1417,1386
165,21,377,1175400,1128,599,529
166,21,377,1175500,2447,1297,1150
167,21,377,1175600,1438,771,667
168,21,377,1175700,344,181,163
169,21,377,1175800,593,304,289
170,21,377,1175900,585,274,311
171,21,377,1176000,447,218,229
172,21,377,1176100,1096,546,550
173,21,377,1176200,1286,691,595
174,21,377,1176300,3127,1579,1548
175,21,377,1176400,571,288,283
176,21,377,1176500,504,235,269
177,21,377,1176600,0,0,0
178,21,377,1176700,355,189,166
179,21,377,1176800,190,102,88
180,21,377,1176900,0,0,0
181,21,377,1177000,0,0,0
182,21,377,1177100,0,0,0
183,21,377,1177200,332,162,170
184,21,377,1177300,277,143,134
185,21,377,1177400,315,163,152
186,21,377,1177500,63,30,33
187,21,377,1177600,1119,580,539
188,21,377,1177700,396,201,195
189,21,377,1177800,2041,1054,987
190,21,377,1177900,1645,832,813
191,21,377,1178000,244,123,121
192,21,377,1178100,1739,897,842
193,21,377,1178200,94,41,53
194,21,377,1178300,0,0,0
195,21,377,1178400,99,46,53
196,21,377,1178500,0,0,0
197,21,377,1178600,29,12,17
198,21,377,1178700,1686,844,842
199,21,377,1178800,0,0,0
200,21,377,1178900,1779,922,857
201,21,377,1179000,821,429,392
202,21,377,1179100,0,0,0
203,21,377,1179200,301,143,158
204,21,377,1179300,3219,1625,1594
205,21,377,1179400,361,200,161
206,21,377,1179500,60,30,30
207,21,377,1179600,360,174,186
208,21,377,1179700,0,0,0
209,21,377,1179800,1234,624,610
210,21,377,1179900,658,344,314
211,21,377,1180000,551,296,255
212,21,377,1180100,1760,913,847
213,21,377,1180200,880,456,424
214,21,377,1180300,2864,1472,1392
215,21,377,1180400,0,0,0
216,21,377,1180500,2035,1012,1023
217,21,377,1180600,366,191,175
218,21,377,1180700,725,369,356
219,21,377,1180800,0,0,0
220,21,377,1180900,103,58,45
221,21,377,1181000,500,250,250
222,21,377,1181100,296,146,150
223,21,377,1181200,1820,927,893
224,21,377,1181300,0,0,0
225,21,377,1181400,0,0,0
226,21,377,1181500,615,301,314
227,21,377,1181600,291,155,136
228,21,377,1181700,0,0,0
229,21,377,1181800,0,0,0
230,21,377,1181900,0,0,0
231,21,377,1182000,1560,813,747
232,21,377,1182100,758,388,370
233,21,377,1182200,2883,1511,1372
234,21,377,1182300,45,28,17
235,21,377,1182400,784,414,370
236,21,377,1182500,1486,769,717
237,21,377,1182600,20,11,9
238,21,377,1182700,666,350,316
239,21,377,1182800,1225,657,568
240,21,377,1182900,522,256,266
241,21,377,1183000,256,122,134
242,21,377,1183100,100,54,46
243,21,377,1183200,518,247,271
244,21,377,1183300,4425,2175,2250
245,21,377,1183400,1866,973,893
246,21,377,1183500,1704,880,824
247,21,377,1183600,565,304,261
248,21,377,1183700,609,304,305
249,21,377,1183800,16,9,7
250,21,377,1183900,1337,682,655
251,21,377,1184000,1485,770,715
252,21,377,1184100,546,282,264
253,21,377,1184200,1721,905,816
254,21,377,1184300,1334,690,644
255,21,377,1184400,3861,1910,1951
256,21,377,1184500,260,123,137
257,21,377,1184600,1163,568,595
258,21,377,1184700,390,202,188
259,21,377,1184800,450,246,204
260,21,377,1184900,421,223,198
261,21,377,1185000,32,19,13
262,21,377,1185100,155,82,73
263,21,377,1185200,352,163,189
264,21,377,1185300,511,254,257
265,21,377,1185400,2272,1171,1101
266,21,377,1185500,2181,1080,1101
267,21,377,1185600,0,0,0
268,21,377,1185700,42,19,23
269,21,377,1185800,0,0,0
270,21,377,1185900,122,71,51
271,21,377,1186000,539,286,253
272,21,377,1186100,1547,787,760
273,21,377,1186200,518,274,244
274,21,377,1186300,572,278,294
275,21,377,1186400,563,289,274
276,21,377,1186500,266,135,131
277,21,377,1186600,1394,751,643
278,21,377,1186700,1809,934,875
279,21,377,1186800,1625,809,816
280,21,377,1186900,1090,561,529
281,21,377,1187000,0,0,0
282,21,377,1187100,34,13,21
283,21,377,1187200,1215,625,590
284,21,377,1187300,0,0,0
285,21,377,1187400,885,435,450
286,21,377,1187500,57,28,29
287,21,377,1187600,1199,628,571
288,21,377,1187700,2237,1169,1068
289,21,377,1187800,6117,3096,3021
290,21,377,1187900,192,99,93
291,21,377,1188000,0,0,0
292,21,377,1188100,1181,585,596
293,21,377,1188200,140,77,63
294,21,377,1188300,123,65,58
295,21,377,1188400,2507,1244,1263
296,21,377,1188500,138,63,75
297,21,377,1188600,163,78,85
298,21,377,1188700,876,449,427
299,21,377,1188800,95,54,41
300,21,377,1188900,0,0,0
301,21,377,1189000,234,119,115
302,21,377,1189100,1838,933,905
303,21,377,1189200,0,0,0
304,21,377,1189300,835,452,383
305,21,377,1189400,2163,1130,1033
306,21,377,1189500,447,229,218
307,21,377,1189600,2337,1199,1138
308,21,377,1189700,2240,1130,1110
309,21,377,1189800,308,152,156
310,21,377,1189900,499,250,249
311,21,377,1190000,568,283,285
312,21,377,1190100,1261,628,633
313,21,377,1190200,1919,995,924
314,21,377,1190300,190,83,107
315,21,377,1190400,1552,787,765
316,21,377,1190500,1555,797,758
317,21,377,1190600,144,71,73
318,21,377,1190700,1233,655,578
319,21,377,1190800,2659,1403,1256
320,21,377,1190900,897,477,420
321,21,377,1191000,815,438,377
322,21,377,1191100,1268,649,619
323,21,377,1191200,710,381,329
324,21,377,1191300,682,372,310
325,21,377,1191400,0,0,0
326,21,377,1191500,241,131,110
327,21,377,1191600,0,0,0
328,21,377,1191700,1716,820,896
329,21,377,1191800,903,441,462
330,21,377,1191900,658,343,315
331,21,377,1192000,0,0,0
332,21,377,1192100,1875,967,908
333,21,377,1192200,1103,570,533
334,21,377,1192300,1822,958,864
335,21,377,1192400,1274,658,616
336,21,377,1192500,528,286,242
337,21,377,1192600,0,0,0
338,21,377,1192700,0,0,0
339,21,377,1192800,0,0,0
340,21,377,1192900,0,0,0
341,21,377,1193000,1988,1047,941
342,21,377,1193100,2041,1029,1012
343,21,377,1193200,208,113,95
344,21,377,1193300,795,390,405
345,21,377,1193400,1037,521,516
346,21,377,1193500,638,327,311
347,21,377,1193600,1167,620,547
348,21,377,1193700,696,355,341
349,21,377,1193800,4677,2460,2217
350,21,377,1193900,719,393,326
351,21,377,1194000,916,477,439
352,21,377,1194100,3192,1636,1556
353,21,377,1194200,60,33,27
354,21,377,1194300,1875,969,906
355,21,377,1194400,2892,1474,1418
356,21,377,1194500,2446,1257,1189
357,21,377,1194600,0,0,0
358,21,377,1194700,85,45,40
359,21,377,1194800,1440,711,729
360,21,377,1194900,93,51,42
361,21,377,1195000,1101,561,540
362,21,377,1195100,1057,565,492
363,21,377,1195200,325,191,134
364,21,377,1195300,372,190,182
365,21,377,1195400,1138,595,543
366,21,377,1195500,398,208,190
367,21,377,1195600,277,135,142
368,21,377,1195700,184,91,93
369,21,377,1195800,292,164,128
370,21,377,1195900,0,0,0
371,21,377,1196000,1702,859,843
372,21,377,1196100,1217,635,582
373,21,377,1196200,0,0,0
374,21,377,1196300,1930,1009,921
375,21,377,1196400,850,442,408
376,21,377,1196500,1596,834,762
377,21,377,1196600,5349,2697,2652
378,21,377,1196700,699,358,341
379,21,377,1196800,256,134,122
380,21,377,1196900,313,155,158
381,21,377,1197000,1001,520,481
382,21,377,1197100,1409,732,677
383,21,377,1197200,2361,1128,1233
384,21,377,1197300,1429,763,666
385,21,377,1197400,85,42,43
386,21,377,1197500,1111,570,541
387,21,377,1197600,299,150,149
388,21,377,1197700,366,203,163
389,21,377,1197800,683,364,319
390,21,377,1197900,3860,1974,1886
391,21,377,1198000,2002,1016,986
392,21,377,1198100,1346,679,667
393,21,377,1198200,680,328,352
394,21,377,1198300,775,380,395
395,21,377,1198400,0,0,0
396,21,377,1198500,655,335,320
397,21,377,1198600,546,299,247
398,21,377,1198700,812,423,389
399,21,377,1198800,1071,554,517
400,21,377,1198900,1002,519,483
401,21,377,1199000,808,415,393
402,21,377,1199100,447,233,214
403,21,377,1199200,297,155,142
404,21,377,1199300,254,116,138
405,21,377,1199400,3192,1592,1600
406,21,377,1199500,152,85,67
407,21,377,1199600,574,285,289
408,21,377,1199700,431,219,212
409,21,377,1199800,1984,1016,968
410,21,377,1199900,390,198,192
411,21,377,1200000,97,51,46
412,21,377,1200100,634,324,310
413,21,377,1200200,473,263,210
414,21,377,1200300,301,162,139
415,21,377,1200400,157,85,72
416,21,377,1200500,282,134,148
417,21,377,1200600,1079,517,562
418,21,377,1200700,2488,1244,1244
419,21,377,1200800,2428,1243,1185
420,21,377,1200900,229,116,113
421,21,377,1201000,0,0,0
422,21,377,1201100,858,443,415
423,21,377,1201200,4,3,1
424,21,377,1201300,1000,531,469
425,21,377,1201400,1631,846,785
426,21,377,1201500,735,392,343
427,21,377,1201600,535,277,258
428,21,377,1201700,1384,715,669
429,21,377,1201800,813,430,383
430,21,377,1201900,2986,1515,1471
431,21,377,1202000,1240,624,616
432,21,377,1202100,4878,2453,2425
433,21,377,1202200,2234,1135,1099
434,21,377,1202300,1625,827,798
435,21,377,1202400,753,380,373
436,21,377,1202500,294,154,140
437,21,377,1202600,665,332,333
438,21,377,1202700,0,0,0
439,21,377,1202800,0,0,0
440,21,377,1202900,1955,1022,933
441,21,377,1203000,1038,527,511
442,21,377,1203100,192,102,90
443,21,377,1203200,155,77,78
444,21,377,1203300,860,446,414
445,21,377,1203400,1338,709,629
446,21,377,1203500,903,500,403
447,21,377,1203600,334,174,160
448,21,377,1203700,367,173,194
449,21,377,1203800,1079,551,528
450,21,377,1203900,208,95,113
451,21,377,1204000,1153,593,560
452,21,377,1204100,849,435,414
453,21,377,1204200,499,235,264
454,21,377,1204300,260,140,120
455,21,377,1204400,433,212,221
456,21,377,1204500,1069,547,522
457,21,377,1204600,236,118,118
458,21,377,1204700,1376,696,680
459,21,377,1204800,656,351,305
460,21,377,1204900,2625,1395,1230
461,21,377,1205000,885,434,451
462,21,377,1205100,1235,608,627
463,21,377,1205200,0,0,0
464,21,377,1205300,2394,1208,1186
465,21,377,1205400,580,289,291
466,21,377,1205500,308,154,154
467,21,377,1205600,156,82,74
468,21,377,1205700,2604,1382,1222
469,21,377,1205800,0,0,0
470,21,377,1205900,0,0,0
471,21,377,1206000,93,47,46
472,21,377,1206100,0,0,0
473,21,377,1206200,0,0,0
474,21,377,1206300,1031,526,505
475,21,377,1206400,612,315,297
476,21,377,1206500,786,414,372
477,21,377,1206600,2319,1169,1150
478,21,377,1206700,1313,663,650
479,21,377,1206800,616,319,297
480,21,377,1206900,1188,574,614
481,21,377,1207000,787,410,377
482,21,377,1207100,579,279,300
483,21,377,1207200,280,132,148
484,21,377,1207300,793,417,376
485,21,377,1207400,475,251,224
486,21,377,1207500,448,227,221
487,21,377,1207600,1207,630,577
488,21,377,1207700,144,73,71
489,21,377,1207800,2011,1044,967
490,21,377,1207900,615,312,303
491,21,377,1208000,335,173,162
492,21,377,1208100,247,126,121
493,21,377,1208200,341,176,165
494,21,377,1208300,203,95,108
495,21,377,1208400,24,14,10
496,21,377,1208500,725,363,362
497,21,377,1208600,143,77,66
498,21,377,1208700,2703,1357,1346
499,21,377,1208800,770,423,347
500,21,377,1208900,684,350,334
501,21,377,1209000,212,110,102
502,21,377,1209100,517,254,263
503,21,377,1209200,0,0,0
504,21,377,1209300,435,212,223
505,21,377,1209400,0,0,0
506,21,377,1209500,274,128,146
507,21,377,1209600,384,212,172
508,21,377,1209700,829,431,398
509,21,377,1209800,822,440,382
510,21,377,1209900,1314,700,614
511,21,377,1210000,269,126,143
512,21,377,1210100,2371,1215,1156
513,21,377,1210200,660,327,333
514,21,377,1210300,925,475,450
515,21,377,1210400,1559,781,778
516,21,377,1210500,698,358,340
517,21,377,1210600,708,364,344
518,21,377,1210700,2149,1127,1022
519,21,377,1210800,6575,3326,3249
520,21,377,1210900,594,305,289
521,21,377,1211000,484,254,230
522,21,377,1211100,288,149,139
523,21,377,1211200,315,157,158
524,21,377,1211300,595,288,307
525,21,377,1211400,2214,1119,1095
526,21,377,1211500,236,119,117
527,21,377,1211600,1661,849,812
528,21,377,1211700,458,242,216
529,21,377,1211800,505,254,251
530,21,377,1211900,226,110,116
531,21,377,1212000,3386,1685,1701
532,21,377,1212100,2444,1240,1204
533,21,377,1212200,1182,592,590
534,21,377,1212300,699,345,354
535,21,377,1212400,1147,579,568
536,21,377,1212500,1571,807,764
537,21,377,1212600,1295,647,648
538,21,377,1212700,553,299,254
539,21,377,1212800,319,158,161
540,21,377,1212900,0,0,0
541,21,377,1213000,0,0,0
542,21,377,1213100,1769,905,864
543,21,377,1213200,135,69,66
544,21,377,1213300,955,493,462
545,21,377,1213400,429,210,219
546,21,377,1213500,139,68,71
547,21,377,1213600,646,324,322
548,21,377,1213700,2385,1200,1185
549,21,377,1213800,111,50,61
550,21,377,1213900,948,495,453
551,21,377,1214000,2775,1424,1351
552,21,377,1214100,407,190,217
553,21,377,1214200,784,385,399
554,21,377,1214300,0,0,0
555,21,377,1214400,837,439,398
556,21,377,1214500,1449,715,734
557,21,377,1214600,1988,994,994
558,21,377,1214700,288,148,140
559,21,377,1214800,467,226,241
560,21,377,1214900,2001,1026,975
561,21,377,1215000,1084,546,538
562,21,377,1215100,1292,671,621
563,21,377,1215200,749,380,369
564,21,377,1215300,616,315,301
565,21,377,1215400,1421,737,684
566,21,377,1215500,1390,723,667
567,21,377,1215600,2028,1087,941
568,21,377,1215700,1183,607,576
569,21,377,1215800,455,242,213
570,21,377,1215900,1846,941,905
571,21,377,1216000,1378,683,695
572,21,377,1216100,255,136,119
573,21,377,1216200,933,493,440
574,21,377,1216300,415,211,204
575,21,377,1216400,660,345,315
576,21,377,1216500,902,487,415
577,21,377,1216600,2011,1016,995
578,21,377,1216700,915,457,458
579,21,377,1216800,1142,584,558
580,21,377,1216900,635,344,291
581,21,377,1217000,697,357,340
582,21,377,1217100,666,333,333
583,21,377,1217200,741,388,353
584,21,377,1217300,553,271,282
585,21,377,1217400,683,363,320
586,21,377,1217500,2027,1025,1002
587,21,377,1217600,826,417,409
588,21,377,1217700,1839,931,908
589,21,377,1217800,588,303,285
590,21,377,1217900,0,0,0
591,21,377,1218000,266,147,119
592,21,377,1218100,1333,675,658
593,21,377,1218200,0,0,0
594,21,377,1218300,0,0,0
595,21,377,1218400,5,4,1
596,21,377,1218500,3,2,1
597,21,377,1218600,2174,1105,1069
598,21,377,1218700,76,52,24
599,21,377,1218800,175,91,84
600,21,377,1218900,81,46,35
601,21,377,1219000,75,45,30
602,21,377,1219100,0,0,0
603,21,377,1219200,0,0,0
604,21,377,1219300,341,182,159
605,21,377,1219400,1668,885,783
606,21,377,1219500,3146,1690,1456
607,21,377,1219600,711,357,354
608,21,377,1219700,3319,1700,1619
609,21,377,1219800,1277,655,622
610,21,377,1219900,1507,724,783
611,21,377,1220000,846,397,449
612,21,377,1220100,328,165,163
613,21,377,1220200,0,0,0
614,21,377,1220300,341,180,161
615,21,377,1220400,0,0,0
616,21,377,1220500,622,345,277
617,21,377,1220600,0,0,0
618,21,377,1220700,1595,840,755
619,21,377,1220800,4,2,2
620,21,377,1220900,225,122,103
621,21,377,1221000,0,0,0
622,21,377,1221100,389,183,206
623,21,377,1221200,333,166,167
624,21,377,1221300,1118,572,546
625,21,377,1221400,215,100,115
626,21,377,1221500,911,449,462
627,21,377,1221600,2376,1258,1118
628,21,377,1221700,0,0,0
629,21,377,1221800,233,132,101
630,21,377,1221900,700,384,316
631,21,377,1222000,9,3,6
632,21,377,1222100,1277,652,625
633,21,377,1222200,3677,1876,1801
634,21,377,1222300,0,0,0
635,21,377,1222400,71,33,38
636,21,377,1222500,392,192,200
637,21,377,1222600,1850,937,913
638,21,377,1222700,575,304,271
639,21,377,1222800,891,440,451
640,21,377,1222900,502,255,247
641,21,377,1223000,825,393,432
642,21,377,1223100,545,280,265
643,21,377,1223200,501,246,255
644,21,377,1223300,1645,852,793
645,21,377,1223400,215,114,101
646,21,377,1223500,233,108,125
647,21,377,1223600,745,380,365
648,21,377,1223700,692,360,332
649,21,377,1223800,1432,732,700
650,21,377,1223900,937,475,462
651,21,377,1224000,1554,818,736
652,21,377,1224100,1076,554,522
653,21,377,1224200,308,138,170
654,21,377,1224300,969,488,481
655,21,377,1224400,590,308,282
656,21,377,1224500,711,369,342
657,21,377,1224600,12,6,6
658,21,377,1224700,2318,1214,1104
659,21,377,1224800,999,504,495
660,21,377,1224900,922,478,444
661,21,377,1225000,651,358,293
662,21,377,1225100,2415,1250,1165
663,21,377,1225200,1376,722,654
664,21,377,1225300,217,106,111
665,21,377,1225400,0,0,0
666,21,377,1225500,335,180,155
667,21,377,1225600,841,426,415
668,21,377,1225700,167,94,73
669,21,377,1225800,0,0,0
670,21,377,1225900,0,0,0
671,21,377,1226000,0,0,0
672,21,377,1226100,1148,615,533
673,21,377,1226200,0,0,0
674,21,377,1226300,1706,889,817
675,21,377,1226400,11,5,6
676,21,377,1226500,0,0,0
677,21,377,1226600,840,431,409
678,21,377,1226700,915,457,458
679,21,377,1226800,236,119,117
680,21,377,1226900,885,429,456
681,21,377,1227000,6,3,3
682,21,377,1227100,967,514,453
683,21,377,1227200,1516,781,735
684,21,377,1227300,0,0,0
685,21,377,1227400,1547,781,766
686,21,377,1227500,2497,1285,1212
687,21,377,1227600,414,207,207
688,21,377,1227700,1845,969,876
689,21,377,1227800,103,49,54
690,21,377,1227900,656,343,313
691,21,377,1228000,364,189,175
692,21,377,1228100,3773,1963,1810
693,21,377,1228200,450,238,212
694,21,377,1228300,52,22,30
695,21,377,1228400,3256,1680,1576
696,21,377,1228500,3,2,1
697,21,377,1228600,1967,1018,949
698,21,377,1228700,9939,5080,4859
699,21,377,1228800,1431,745,686
700,21,377,1228900,1988,1037,951
701,21,377,1229000,0,0,0
702,21,377,1229100,0,0,0
703,21,377,1229200,2205,1072,1133
704,21,377,1229300,233,126,107
705,21,377,1229400,361,180,181
706,21,377,1229500,1071,555,516
707,21,377,1229600,345,174,171
708,21,377,1229700,567,294,273
709,21,377,1229800,0,0,0
710,21,377,1229900,530,279,251
711,21,377,1230000,65,33,32
712,21,377,1230100,2141,1110,1031
713,21,377,1230200,0,0,0
714,21,377,1230300,824,430,394
715,21,377,1230400,2230,1164,1066
716,21,377,1230500,99,52,47
717,21,377,1230600,169,85,84
718,21,377,1230700,116,60,56
719,21,377,1230800,147,63,84
720,21,377,1230900,1210,598,612
721,21,377,1231000,0,0,0
722,21,377,1231100,605,309,296
723,21,377,1231200,157,68,89
724,21,377,1231300,321,167,154
725,21,377,1231400,289,150,139
726,21,377,1231500,59,34,25
727,21,377,1231600,657,349,308
728,21,377,1231700,0,0,0
729,21,377,1231800,20,12,8
730,21,377,1231900,1422,734,688
731,21,377,1232000,2820,1438,1382
732,21,377,1232100,381,176,205
733,21,377,1232200,173,76,97
734,21,377,1232300,919,473,446
735,21,377,1232400,300,150,150
736,21,377,1232500,288,141,147
737,21,377,1232600,0,0,0
738,21,377,1232700,0,0,0
739,21,377,1232800,0,0,0
740,21,377,1232900,0,0,0
741,21,377,1233000,1007,517,490
742,21,377,1233100,0,0,0
743,21,377,1233200,0,0,0
744,21,377,1233300,0,0,0
745,21,377,1233400,0,0,0
746,21,377,1233500,0,0,0
747,21,377,1233600,0,0,0
748,21,377,1233700,0,0,0
749,21,377,1233800,0,0,0
750,21,377,1233900,2017,1035,982
751,21,377,1234000,626,316,310
752,21,377,1234100,1612,851,761
753,21,377,1234200,1127,554,573
754,21,377,1234300,0,0,0
755,21,377,1234400,1391,711,680
756,21,377,1234500,0,0,0
757,21,377,1234600,867,432,435
758,21,377,1234700,796,381,415
759,21,377,1234800,656,326,330
760,21,377,1234900,1031,529,502
761,21,377,1235000,649,333,316
762,21,377,1235100,353,171,182
763,21,377,1235200,384,206,178
764,21,377,1235300,0,0,0
765,21,377,1235400,2116,1085,1031
766,21,377,1235500,1797,921,876
767,21,377,1235600,3703,1925,1778
768,21,377,1235700,0,0,0
769,21,377,1235800,965,505,460
770,21,377,1235900,27,14,13
771,21,377,1236000,352,169,183
772,21,377,1236100,2644,1393,1251
773,21,377,1236200,710,384,326
774,21,377,1236300,666,360,306
775,21,377,1236400,1696,874,822
776,21,377,1236500,1217,624,593
777,21,377,1236600,313,157,156
778,21,377,1236700,0,0,0
779,21,377,1236800,1111,541,570
780,21,377,1236900,1156,605,551
781,21,377,1237000,0,0,0
782,21,377,1237100,0,0,0
783,21,377,1237200,0,0,0
784,21,377,1237300,0,0,0
785,21,377,1237400,0,0,0
786,21,377,1237500,1401,696,705
787,21,377,1237600,805,404,401
788,21,377,1237700,1533,779,754
789,21,377,1237800,27,14,13
790,21,377,1237900,317,165,152
791,21,377,1238000,1596,825,771
792,21,377,1238100,408,212,196
793,21,377,1238200,769,424,345
794,21,377,1238300,51,30,21
795,21,377,1238400,238,118,120
796,21,377,1238500,1030,521,509
797,21,377,1238600,0,0,0
798,21,377,1238700,0,0,0
799,21,377,1238800,227,119,108
800,21,377,1238900,778,394,384
801,21,377,1239000,1234,640,594
802,21,377,1239100,375,183,192
803,21,377,1239200,0,0,0
804,21,377,1239300,1450,751,699
805,21,377,1239400,886,449,437
806,21,377,1239500,1766,934,832
807,21,377,1239600,1275,669,606
808,21,377,1239700,954,473,481
809,21,377,1239800,1793,891,902
810,21,377,1239900,709,355,354
811,21,377,1240000,3056,1577,1479
812,21,377,1240100,3360,1714,1646
813,21,377,1240200,7649,3929,3720
814,21,377,1240300,505,261,244
815,21,377,1240400,0,0,0
816,21,377,1240500,1406,717,689
817,21,377,1240600,2130,1103,1027
818,21,377,1240700,2170,1116,1054
819,21,377,1240800,4187,2167,2020
820,21,377,1240900,6722,3478,3244
821,21,377,1241000,5699,2902,2797
822,21,377,1241100,0,0,0
823,21,377,1241200,0,0,0
824,21,377,1241300,0,0,0
825,21,377,1241400,0,0,0
826,21,377,1241500,9319,4817,4502
827,21,377,1241600,804,402,402
828,21,377,1241700,1418,714,704
829,21,377,1241800,190,99,91
830,21,377,1241900,268,140,128
831,21,377,1242000,102,49,53
832,21,377,1242100,2252,1139,1113
833,21,377,1242200,326,174,152
834,21,377,1242300,201,102,99
835,21,377,1242400,275,138,137
836,21,377,1242500,1704,905,799
837,21,377,1242600,1288,690,598
838,21,377,1242700,2981,1537,1444
839,21,377,1242800,1449,727,722
840,21,377,1242900,3854,2028,1826
841,21,377,1243000,73,42,31
842,21,377,1243100,349,182,167
843,21,377,1243200,583,309,274
844,21,377,1243300,772,401,371
845,21,377,1243400,327,180,147
846,21,377,1243500,527,277,250
847,21,377,1243600,1179,610,569
848,21,377,1243700,317,173,144
849,21,377,1243800,682,340,342
850,21,377,1243900,152,81,71
851,21,377,1244000,401,203,198
852,21,377,1244100,1805,927,878
853,21,377,1244200,246,125,121
854,21,377,1244300,740,377,363
855,21,377,1244400,601,300,301
856,21,377,1244500,579,303,276
857,21,377,1244600,1311,664,647
858,21,377,1244700,1337,706,631
859,21,377,1244800,375,199,176
860,21,377,1244900,448,215,233
861,21,377,1245000,274,139,135
862,21,377,1245100,1080,539,541
863,21,377,1245200,1116,571,545
864,21,377,1245300,2176,1127,1049
865,21,377,1245400,1635,848,787
866,21,377,1245500,1685,885,800
867,21,377,1245600,233,122,111
868,21,377,1245700,325,166,159
869,21,377,1245800,615,297,318
870,21,377,1245900,514,245,269
871,21,377,1246000,1151,598,553
872,21,377,1246100,212,103,109
873,21,377,1246200,1332,697,635
874,21,377,1246300,734,366,368
875,21,377,1246400,165,83,82
876,21,377,1246500,549,278,271
877,21,377,1246600,6,5,1
878,21,377,1246700,77,32,45
879,21,377,1246800,3044,1602,1442
880,21,377,1246900,318,169,149
881,21,377,1247000,135,76,59
882,21,377,1247100,1185,592,593
883,21,377,1247200,566,307,259
884,21,377,1247300,0,0,0
885,21,377,1247400,0,0,0
886,21,377,1247500,233,123,110
887,21,377,1247600,0,0,0
888,21,377,1247700,369,185,184
889,21,377,1247800,180,93,87
890,21,377,1247900,1971,991,980
891,21,377,1248000,4432,2285,2147
892,21,377,1248100,1201,633,568
893,21,377,1248200,407,218,189
894,21,377,1248300,624,323,301
895,21,377,1248400,69,29,40
896,21,377,1248500,0,0,0
897,21,377,1248600,0,0,0
898,21,377,1248700,0,0,0
899,21,377,1248800,0,0,0
900,21,377,1248900,0,0,0
901,21,377,1249000,942,492,450
902,21,377,1249100,959,484,475
903,21,377,1249200,358,188,170
904,21,377,1249300,431,209,222
905,21,377,1249400,289,146,143
906,21,377,1249500,575,303,272
907,21,377,1249600,163,82,81
908,21,377,1249700,740,381,359
909,21,377,1249800,742,396,346
910,21,377,1249900,13,6,7
911,21,377,1250000,2461,1235,1226
912,21,377,1250100,2408,1234,1174
913,21,377,1250200,751,381,370
914,21,377,1250300,1328,691,637
915,21,377,1250400,3834,1947,1887
916,21,377,1250500,537,291,246
917,21,377,1250600,915,483,432
918,21,377,1250700,0,0,0
919,21,377,1250800,1627,799,828
920,21,377,1250900,841,468,373
921,21,377,1251000,844,421,423
922,21,377,1251100,158,74,84
923,21,377,1251200,351,183,168
924,21,377,1251300,2242,1125,1117
925,21,377,1251400,843,449,394
926,21,377,1251500,870,448,422
927,21,377,1251600,294,138,156
928,21,377,1251700,999,495,504
929,21,377,1251800,627,341,286
930,21,377,1251900,529,251,278
931,21,377,1252000,3244,1627,1617
932,21,377,1252100,0,0,0
933,21,377,1252200,875,460,415
934,21,377,1252300,443,228,215
935,21,377,1252400,658,316,342
936,21,377,1252500,957,511,446
937,21,377,1252600,12,4,8
938,21,377,1252700,0,0,0
939,21,377,1252800,664,326,338
940,21,377,1252900,147,58,89
941,21,377,1253000,898,483,415
942,21,377,1253100,486,244,242
943,21,377,1253200,0,0,0
944,21,377,1253300,464,237,227
945,21,377,1253400,33,13,20
946,21,377,1253500,254,123,131
947,21,377,1253600,984,493,491
948,21,377,1253700,0,0,0
949,21,377,1253800,771,422,349
950,21,377,1253900,586,312,274
951,21,377,1254000,1105,555,550
952,21,377,1254100,10,4,6
953,21,377,1254200,1105,572,533
954,21,377,1254300,750,390,360
955,21,377,1254400,2923,1512,1411
956,21,377,1254500,809,416,393
957,21,377,1254600,368,183,185
958,21,377,1254700,1529,796,733
959,21,377,1254800,822,410,412
960,21,377,1254900,14,10,4
961,21,377,1255000,424,210,214
962,21,377,1255100,985,505,480
963,21,377,1255200,5490,2782,2708
964,21,377,1255300,3809,1965,1844
965,21,377,1255400,2446,1245,1201
966,21,377,1255500,315,149,166
967,21,377,1255600,1125,557,568
968,21,377,1255700,0,0,0
969,21,377,1255800,1232,603,629
970,21,377,1255900,21,10,11
971,21,377,1256000,636,333,303
972,21,377,1256100,1314,684,630
973,21,377,1256200,419,202,217
974,21,377,1256300,17648,9101,8547
975,21,377,1256400,1319,688,631
976,21,377,1256500,8418,4393,4025
977,21,377,1256600,333,179,154
978,21,377,1256700,784,398,386
979,21,377,1256800,90,46,44
980,21,377,1256900,199,108,91
981,21,377,1257000,681,366,315
982,21,377,1257100,250,114,136
983,21,377,1257200,352,174,178
984,21,377,1257300,224,116,108
985,21,377,1257400,0,0,0
986,21,377,1257500,0,0,0
987,21,377,1257600,0,0,0
988,21,377,1257700,777,388,389
989,21,377,1257800,1128,574,554
990,21,377,1257900,776,393,383
991,21,377,1258000,1456,735,721
992,21,377,1258100,1061,566,495
993,21,377,1258200,588,303,285
994,21,377,1258300,992,494,498
995,21,377,1258400,308,163,145
996,21,377,1258500,407,192,215
997,21,377,1258600,611,333,278
998,21,377,1258700,0,0,0
999,21,377,1258800,271,134,137
1000,21,377,1258900,328,169,159
1001,21,377,1259000,734,351,383
1002,21,377,1259100,1561,795,766
1003,21,377,1259200,1004,537,467
1004,21,377,1259300,237,123,114
1005,21,377,1259400,396,202,194
1006,21,377,1259500,359,189,170
1007,21,377,1259600,313,154,159
1008,21,377,1259700,102,55,47
1009,21,377,1259800,618,340,278
1010,21,377,1259900,733,388,345
1011,21,377,1260000,1716,866,850
1012,21,377,1260100,271,146,125
1013,21,377,1260200,1094,547,547
1014,21,377,1260300,60,32,28
1015,21,377,1260400,642,350,292
1016,21,377,1260500,816,411,405
1017,21,377,1260600,0,0,0
1018,21,377,1260700,359,190,169
1019,21,377,1260800,0,0,0
1020,21,377,1260900,97,49,48
1021,21,377,1261000,744,382,362
1022,21,377,1261100,697,366,331
1023,21,377,1261200,1207,617,590
1024,21,377,1261300,277,139,138
1025,21,377,1261400,166,97,69
1026,21,377,1261500,0,0,0
1027,21,377,1261600,0,0,0
1028,21,377,1261700,893,440,453
1029,21,377,1261800,608,319,289
1030,21,377,1261900,0,0,0
1031,21,377,1262000,545,305,240
1032,21,377,1262100,59,32,27
1033,21,377,1262200,407,200,207
1034,21,377,1262300,200,108,92
1035,21,377,1262400,208,114,94
1036,21,377,1262500,576,296,280
1037,21,377,1262600,796,396,400
1038,21,377,1262700,1561,785,776
1039,21,377,1262800,0,0,0
1040,21,377,1262900,661,343,318
1041,21,377,1263000,350,175,175
1042,21,377,1263100,42,20,22
1043,21,377,1263200,807,399,408
1044,21,377,1263300,40,19,21
1045,21,377,1263400,402,212,190
1046,21,377,1263500,764,399,365
1047,21,377,1263600,631,338,293
1048,21,377,1263700,1436,726,710
1049,21,377,1263800,760,357,403
1050,21,377,1263900,1288,674,614
1051,21,377,1264000,693,366,327
1052,21,377,1264100,464,244,220
1053,21,377,1264200,1103,577,526
1054,21,377,1264300,83,42,41
1055,21,377,1264400,321,173,148
1056,21,377,1264500,696,369,327
1057,21,377,1264600,344,181,163
1058,21,377,1264700,140,69,71
1059,21,377,1264800,277,140,137
1060,21,377,1264900,134,77,57
1061,21,377,1265000,1383,709,674
1062,21,377,1265100,1084,588,496
1063,21,377,1265200,250,119,131
1064,21,377,1265300,1971,1013,958
1065,21,377,1265400,1107,574,533
1066,21,377,1265500,0,0,0
1067,21,377,1265600,118,59,59
1068,21,377,1265700,467,242,225
1069,21,377,1265800,242,118,124
1070,21,377,1265900,201,102,99
1071,21,377,1266000,136,75,61
1072,21,377,1266100,126,73,53
1073,21,377,1266200,46,19,27
1074,21,377,1266300,0,0,0
1075,21,377,1266400,54,25,29
1076,21,377,1266500,572,279,293
1077,21,377,1266600,0,0,0
1078,21,377,1266700,0,0,0
1079,21,377,1266800,0,0,0
1080,21,377,1266900,83,38,45
1081,21,377,1267000,439,226,213
1082,21,377,1267100,725,385,340
1083,21,377,1267200,950,505,445
1084,21,377,1267300,0,0,0
1085,21,377,1267400,0,0,0
1086,21,377,1267500,565,300,265
1087,21,377,1267600,407,202,205
1088,21,377,1267700,495,236,259
1089,21,377,1267800,0,0,0
1090,21,377,1267900,1882,973,909
1091,21,377,1268000,342,159,183
1092,21,377,1268100,148,68,80
1093,21,377,1268200,84,42,42
1094,21,377,1268300,941,491,450
1095,21,377,1268400,0,0,0
1096,21,377,1268500,933,473,460
1097,21,377,1268600,966,502,464
1098,21,377,1268700,1971,1037,934
1099,21,377,1268800,838,417,421
1100,21,377,1268900,375,198,177
1101,21,377,1269000,254,130,124
1102,21,377,1269100,40,19,21
1103,21,377,1269200,443,216,227
1104,21,377,1269300,1283,643,640
1105,21,377,1269400,0,0,0
1106,21,377,1269500,458,234,224
1107,21,377,1269600,492,254,238
1108,21,377,1269700,0,0,0
1109,21,377,1269800,266,138,128
1110,21,377,1269900,1424,692,732
1111,21,377,1270000,0,0,0
1112,21,377,1270100,19,11,8
1113,21,377,1270200,1043,544,499
1114,21,377,1270300,0,0,0
1115,21,377,1270400,0,0,0
1116,21,377,1270500,40,19,21
1117,21,377,1270600,0,0,0
1118,21,377,1270700,105,55,50
1119,21,377,1270800,243,128,115
1120,21,377,1270900,0,0,0
1121,21,377,1271000,237,122,115
1122,21,377,1271100,829,421,408
1123,21,377,1271200,0,0,0
1124,21,377,1271300,567,287,280
1125,21,377,1271400,627,328,299
1126,21,377,1271500,688,364,324
1127,21,377,1271600,1419,725,694
1128,21,377,1271700,297,157,140
1129,21,377,1271800,1587,830,757
1130,21,377,1271900,1103,570,533
1131,21,377,1272000,76,42,34
1132,21,377,1272100,134,71,63
1133,21,377,1272200,870,452,418
1134,21,377,1272300,537,272,265
1135,21,377,1272400,2924,1509,1415
1136,21,377,1272500,715,373,342
1137,21,377,1272600,0,0,0
1138,21,377,1272700,799,405,394
1139,21,377,1272800,749,389,360
1140,21,377,1272900,193,97,96
1141,21,377,1273000,295,154,141
1142,21,377,1273100,504,263,241
1143,21,377,1273200,1316,706,610
1144,21,377,1273300,881,457,424
1145,21,377,1273400,0,0,0
1146,21,377,1273500,938,477,461
1147,21,377,1273600,594,299,295
1148,21,377,1273700,397,207,190
1149,21,377,1273800,547,292,255
1150,21,377,1273900,625,299,326
1151,21,377,1274000,0,0,0
1152,21,377,1274100,286,149,137
1153,21,377,1274200,0,0,0
1154,21,377,1274300,426,219,207
1155,21,377,1274400,185,93,92
1156,21,377,1274500,0,0,0
1157,21,377,1274600,134,65,69
1158,21,377,1274700,660,351,309
1159,21,377,1274800,1287,705,582
1160,21,377,1274900,1322,677,645
1161,21,377,1275000,844,429,415
1162,21,377,1275100,913,469,444
1163,21,377,1275200,103,55,48
1164,21,377,1275300,470,225,245
1165,21,377,1275400,609,310,299
1166,21,377,1275500,416,206,210
1167,21,377,1275600,116,57,59
1168,21,377,1275700,691,370,321
1169,21,377,1275800,1035,531,504
1170,21,377,1275900,990,526,464
1171,21,377,1276000,496,252,244
1172,21,377,1276100,183,90,93
1173,21,377,1276200,696,350,346
1174,21,377,1276300,1153,594,559
1175,21,377,1276400,382,191,191
1176,21,377,1276500,579,275,304
1177,21,377,1276600,1204,627,577
1178,21,377,1276700,352,189,163
1179,21,377,1276800,579,309,270
1180,21,377,1276900,200,109,91
1181,21,377,1277000,41,19,22
1182,21,377,1277100,141,68,73
1183,21,377,1277200,460,245,215
1184,21,377,1277300,687,353,334
1185,21,377,1277400,0,0,0
1186,21,377,1277500,896,439,457
1187,21,377,1277600,1355,692,663
1188,21,377,1277700,0,0,0
1189,21,377,1277800,0,0,0
1190,21,377,1277900,223,109,114
1191,21,377,1278000,837,421,416
1192,21,377,1278100,224,117,107
1193,21,377,1278200,351,188,163
1194,21,377,1278300,0,0,0
1195,21,377,1278400,227,116,111
1196,21,377,1278500,364,180,184
1197,21,377,1278600,127,60,67
1198,21,377,1278700,332,163,169
1199,21,377,1278800,185,87,98
1200,21,377,1278900,1062,541,521
1201,21,377,1279000,487,245,242
1202,21,377,1279100,159,81,78
1203,21,377,1279200,538,268,270
1204,21,377,1279300,260,139,121
1205,21,377,1279400,905,470,435
1206,21,377,1279500,852,389,463
1207,21,377,1279600,65,34,31
1208,21,377,1279700,1230,651,579
1209,21,377,1279800,0,0,0
1210,21,377,1279900,938,519,419
1211,21,377,1280000,417,219,198
1212,21,377,1280100,2011,1031,980
1213,21,377,1280200,0,0,0
1214,21,377,1280300,0,0,0
1215,21,377,1280400,9,4,5
1216,21,377,1280500,0,0,0
1217,21,377,1280600,0,0,0
1218,21,377,1280700,0,0,0
1219,21,377,1280800,0,0,0
1220,21,377,1280900,81,42,39
1221,21,377,1281000,77,45,32
1222,21,377,1281100,726,384,342
1223,21,377,1281200,585,283,302
1224,21,377,1281300,352,181,171
1225,21,377,1281400,580,305,275
1226,21,377,1281500,2188,1148,1040
1227,21,377,1281600,822,408,414
1228,21,377,1281700,22,10,12
1229,21,377,1281800,0,0,0
1230,21,377,1281900,0,0,0
1231,21,377,1282000,0,0,0
1232,21,377,1282100,0,0,0
1233,21,377,1282200,0,0,0
1234,21,377,1282300,0,0,0
1235,21,377,1282400,0,0,0
1236,21,377,1282500,1578,807,771
1237,21,377,1282600,57,32,25
1238,21,377,1282700,0,0,0
1239,21,377,1282800,126,65,61
1240,21,377,1282900,343,165,178
1241,21,377,1283000,1288,647,641
1242,21,377,1283100,460,243,217
1243,21,377,1283200,0,0,0
1244,21,377,1283300,341,182,159
1245,21,377,1283400,117,52,65
1246,21,377,1283500,0,0,0
1247,21,377,1283600,938,470,468
1248,21,377,1283700,2371,1189,1182
1249,21,377,1283800,0,0,0
1250,21,377,1283900,85,40,45
1251,21,377,1284000,885,458,427
1252,21,377,1284100,156,85,71
1253,21,377,1284200,185,93,92
1254,21,377,1284300,1547,809,738
1255,21,377,1284400,1800,933,867
1256,21,377,1284500,238,119,119
1257,21,377,1284600,0,0,0
1258,21,377,1284700,660,360,300
1259,21,377,1284800,2188,1138,1050
1260,21,377,1284900,134,65,69
1261,21,377,1285000,59,25,34
1262,21,377,1285100,2508,1286,1222
1263,21,377,1285200,100,49,51
1264,21,377,1285300,308,152,156
1265,21,377,1285400,741,394,347
1266,21,377,1285500,0,0,0
1267,21,377,1285600,0,0,0
1268,21,377,1285700,0,0,0
1269,21,377,1285800,0,0,0
1270,21,377,1285900,684,357,327
1271,21,377,1286000,0,0,0
1272,21,377,1286100,143,76,67
1273,21,377,1286200,50,24,26
1274,21,377,1286300,0,0,0
1275,21,377,1286400,438,228,210
1276,21,377,1286500,2733,1438,1295
1277,21,377,1286600,50,32,18
1278,21,377,1286700,1027,511,516
1279,21,377,1286800,51,28,23
1280,21,377,1286900,197,102,95
1281,21,377,1287000,375,199,176
1282,21,377,1287100,343,188,155
1283,21,377,1287200,5258,2709,2549
1284,21,377,1287300,227,114,113
1285,21,377,1287400,874,449,425
1286,21,377,1287500,494,247,247
1287,21,377,1287600,5207,2668,2539
1288,21,377,1287700,2982,1542,1440
1289,21,377,1287800,4557,2357,2200
1290,21,377,1287900,0,0,0
1291,21,377,1288000,0,0,0
1292,21,377,1288100,250,111,139
1293,21,377,1288200,927,491,436
1294,21,377,1288300,0,0,0
1295,21,377,1288400,143,76,67
1296,21,377,1288500,0,0,0
1297,21,377,1288600,393,194,199
1298,21,377,1288700,86,46,40
1299,21,377,1288800,2305,1204,1101
1300,21,377,1288900,0,0,0
1301,21,377,1289000,1143,593,550
1302,21,377,1289100,2638,1345,1293
1303,21,377,1289200,375,190,185
1304,21,377,1289300,844,406,438
1305,21,377,1289400,1182,571,611
1306,21,377,1289500,1276,634,642
1307,21,377,1289600,642,318,324
1308,21,377,1289700,992,505,487
1309,21,377,1289800,841,470,371
1310,21,377,1289900,1982,1025,957
1311,21,377,1290000,1044,541,503
1312,21,377,1290100,2104,1119,985
1313,21,377,1290200,1197,630,567
1314,21,377,1290300,844,416,428
1315,21,377,1290400,681,343,338
1316,21,377,1290500,1126,600,526
1317,21,377,1290600,1285,647,638
1318,21,377,1290700,1816,934,882
1319,21,377,1290800,1400,722,678
1320,21,377,1290900,923,470,453
1321,21,377,1291000,617,295,322
1322,21,377,1291100,251,130,121
1323,21,377,1291200,571,299,272
1324,21,377,1291300,228,110,118
1325,21,377,1291400,312,163,149
1326,21,377,1291500,1882,959,923
1327,21,377,1291600,19,11,8
1328,21,377,1291700,0,0,0
1329,21,377,1291800,576,303,273
1330,21,377,1291900,101,57,44
1331,21,377,1292000,282,139,143
1332,21,377,1292100,930,464,466
1333,21,377,1292200,327,174,153
1334,21,377,1292300,401,211,190
1335,21,377,1292400,0,0,0
1336,21,377,1292500,279,148,131
1337,21,377,1292600,1244,633,611
1338,21,377,1292700,1698,868,830
1339,21,377,1292800,289,125,164
1340,21,377,1292900,275,140,135
1341,21,377,1293000,448,227,221
1342,21,377,1293100,123,66,57
1343,21,377,1293200,628,332,296
1344,21,377,1293300,715,353,362
1345,21,377,1293400,85,40,45
1346,21,377,1293500,341,174,167
1347,21,377,1293600,263,126,137
1348,21,377,1293700,598,283,315
1349,21,377,1293800,37,19,18
1350,21,377,1293900,2674,1385,1289
1351,21,377,1294000,165,83,82
1352,21,377,1294100,429,209,220
1353,21,377,1294200,905,473,432
1354,21,377,1294300,491,255,236
1355,21,377,1294400,588,277,311
1356,21,377,1294500,169,86,83
1357,21,377,1294600,0,0,0
1358,21,377,1294700,2024,1017,1007
1359,21,377,1294800,280,132,148
1360,21,377,1294900,0,0,0
1361,21,377,1295000,0,0,0
1362,21,377,1295100,838,421,417
1363,21,377,1295200,0,0,0
1364,21,377,1295300,660,390,270
1365,21,377,1295400,0,0,0
1366,21,377,1295500,0,0,0
1367,21,377,1295600,0,0,0
1368,21,377,1295700,911,482,429
1369,21,377,1295800,957,508,449
1370,21,377,1295900,803,415,388
1371,21,377,1296000,323,167,156
1372,21,377,1296100,826,430,396
1373,21,377,1296200,1180,618,562
1374,21,377,1296300,94,42,52
1375,21,377,1296400,0,0,0
1376,21,377,1296500,702,364,338
1377,21,377,1296600,4914,2501,2413
1378,21,377,1296700,1758,937,821
1379,21,377,1296800,528,278,250
1380,21,377,1296900,176,92,84
1381,21,377,1297000,77,36,41
1382,21,377,1297100,368,202,166
1383,21,377,1297200,1249,668,581
1384,21,377,1297300,583,304,279
1385,21,377,1297400,1079,550,529
1386,21,377,1297500,210,106,104
1387,21,377,1297600,518,261,257
1388,21,377,1297700,318,154,164
1389,21,377,1297800,900,459,441
1390,21,377,1297900,172,85,87
1391,21,377,1298000,1545,808,737
1392,21,377,1298100,441,237,204
1393,21,377,1298200,456,241,215
1394,21,377,1298300,268,146,122
1395,21,377,1298400,0,0,0
1396,21,377,1298500,0,0,0
1397,21,377,1298600,0,0,0
1398,21,377,1298700,475,251,224
1399,21,377,1298800,576,323,253
1400,21,377,1298900,114,54,60
1401,21,377,1299000,312,163,149
1402,21,377,1299100,244,138,106
1403,21,377,1299200,544,266,278
1404,21,377,1299300,0,0,0
1405,21,377,1299400,110,66,44
1406,21,377,1299500,208,105,103
1407,21,377,1299600,0,0,0
1408,21,377,1299700,1232,657,575
1409,21,377,1299800,37,19,18
1410,21,377,1299900,28,14,14
1411,21,377,1300000,451,233,218
1412,21,377,1300100,924,466,458
1413,21,377,1300200,78,34,44
1414,21,377,1300300,583,313,270
1415,21,377,1300400,316,180,136
1416,21,377,1300500,849,439,410
1417,21,377,1300600,1018,529,489
1418,21,377,1300700,13179,6843,6336
1419,21,377,1300800,1601,834,767
1420,21,377,1300900,376,200,176
1421,21,377,1301000,173,81,92
1422,21,377,1301100,185,91,94
1423,21,377,1301200,1284,681,603
1424,21,377,1301300,194,87,107
1425,21,377,1301400,405,200,205
1426,21,377,1301500,349,176,173
1427,21,377,1301600,547,289,258
1428,21,377,1301700,0,0,0
1429,21,377,1301800,927,487,440
1430,21,377,1301900,262,140,122
1431,21,377,1302000,705,364,341
1432,21,377,1302100,122,59,63
1433,21,377,1302200,380,193,187
1434,21,377,1302300,1234,618,616
1435,21,377,1302400,264,125,139
1436,21,377,1302500,640,344,296
1437,21,377,1302600,384,201,183
1438,21,377,1302700,313,165,148
1439,21,377,1302800,1716,915,801
1440,21,377,1302900,95,57,38
1441,21,377,1303000,1213,656,557
1442,21,377,1303100,862,423,439
1443,21,377,1303200,386,220,166
1444,21,377,1303300,2214,1168,1046
1445,21,377,1303400,856,494,362
1446,21,377,1303500,1257,620,637
1447,21,377,1303600,1110,603,507
1448,21,377,1303700,681,355,326
1449,21,377,1303800,1204,658,546
1450,21,377,1303900,1967,1020,947
1451,21,377,1304000,1776,931,845
1452,21,377,1304100,2165,1098,1067
1453,21,377,1304200,448,237,211
1454,21,377,1304300,0,0,0
1455,21,377,1304400,2061,1026,1035
1456,21,377,1304500,0,0,0
1457,21,377,1304600,32,16,16
1458,21,377,1304700,3620,1890,1730
1459,21,377,1304800,1778,999,779
1460,21,377,1304900,171,83,88
1461,21,377,1305000,342,174,168
1462,21,377,1305100,0,0,0
1463,21,377,1305200,1071,557,514
1464,21,377,1305300,495,261,234
1465,21,377,1305400,0,0,0
1466,21,377,1305500,126,67,59
1467,21,377,1305600,289,157,132
1468,21,377,1305700,1319,687,632
1469,21,377,1305800,535,283,252
1470,21,377,1305900,0,0,0
1471,21,377,1306000,1101,571,530
1472,21,377,1306100,484,256,228
1473,21,377,1306200,804,410,394
1474,21,377,1306300,1046,521,525
1475,21,377,1306400,414,206,208
1476,21,377,1306500,236,117,119
1477,21,377,1306600,307,150,157
1478,21,377,1306700,67,27,40
1479,21,377,1306800,0,0,0
1480,21,377,1306900,1165,620,545
1481,21,377,1307000,446,242,204
1482,21,377,1307100,326,171,155
1483,21,377,1307200,13,9,4
1484,21,377,1307300,0,0,0
1485,21,377,1307400,0,0,0
1486,21,377,1307500,930,483,447
1487,21,377,1307600,633,307,326
1488,21,377,1307700,627,326,301
1489,21,377,1307800,848,450,398
1490,21,377,1307900,709,363,346
1491,21,377,1308000,582,309,273
1492,21,377,1308100,681,367,314
1493,21,377,1308200,1085,550,535
1494,21,377,1308300,450,212,238
1495,21,377,1308400,608,297,311
1496,21,377,1308500,260,117,143
1497,21,377,1308600,232,119,113
1498,21,377,1308700,182,99,83
1499,21,377,1308800,66,38,28
1500,21,377,1308900,1007,527,480
1501,21,377,1309000,407,201,206
1502,21,377,1309100,705,372,333
1503,21,377,1309200,27,16,11
1504,21,377,1309300,241,123,118
1505,21,377,1309400,29,16,13
1506,21,377,1309500,58,32,26
1507,21,377,1309600,2630,1342,1288
1508,21,377,1309700,2186,1083,1103
1509,21,377,1309800,924,488,436
1510,21,377,1309900,1276,680,596
1511,21,377,1310000,0,0,0
1512,21,377,1310100,378,202,176
1513,21,377,1310200,677,352,325
1514,21,377,1310300,485,245,240
1515,21,377,1310400,680,330,350
1516,21,377,1310500,414,199,215
1517,21,377,1310600,1706,852,854
1518,21,377,1310700,341,174,167
1519,21,377,1310800,348,181,167
1520,21,377,1310900,183,90,93
1521,21,377,1311000,1061,574,487
1522,21,377,1311100,1133,574,559
1523,21,377,1311200,741,376,365
1524,21,377,1311300,603,300,303
1525,21,377,1311400,0,0,0
1526,21,377,1311500,1034,504,530
1527,21,377,1311600,483,251,232
1528,21,377,1311700,973,509,464
1529,21,377,1311800,2479,1278,1201
1530,21,377,1311900,18,5,13
1531,21,377,1312000,6,5,1
1532,21,377,1312100,3869,1971,1898
1533,21,377,1312200,50,29,21
1534,21,377,1312300,116,58,58
1535,21,377,1312400,364,188,176
1536,21,377,1312500,336,179,157
1537,21,377,1312600,410,215,195
1538,21,377,1312700,1107,585,522
1539,21,377,1312800,5,3,2
1540,21,377,1312900,1076,553,523
1541,21,377,1313000,143,74,69
1542,21,377,1313100,1144,572,572
1543,21,377,1313200,856,425,431
1544,21,377,1313300,3347,1724,1623
1545,21,377,1313400,207,113,94
1546,21,377,1313500,470,245,225
1547,21,377,1313600,601,308,293
1548,21,377,1313700,92,37,55
1549,21,377,1313800,78,38,40
1550,21,377,1313900,0,0,0
1551,21,377,1314000,384,176,208
1552,21,377,1314100,0,0,0
1553,21,377,1314200,5373,2818,2555
1554,21,377,1314300,4068,2046,2022
1555,21,377,1314400,1183,607,576
1556,21,377,1314500,3570,1842,1728
1557,21,377,1314600,927,467,460
1558,21,377,1314700,405,189,216
1559,21,377,1314800,2733,1423,1310
1560,21,377,1314900,602,310,292
1561,21,377,1315000,1440,733,707
1562,21,377,1315100,680,353,327
1563,21,377,1315200,3478,1796,1682
1564,21,377,1315300,1161,625,536
1565,21,377,1315400,994,518,476
1566,21,377,1315500,665,351,314
1567,21,377,1315600,109,57,52
1568,21,377,1315700,2346,1198,1148
1569,21,377,1315800,0,0,0
1570,21,377,1315900,1760,902,858
1571,21,377,1316000,0,0,0
1572,21,377,1316100,123,71,52
1573,21,377,1316200,406,210,196
1574,21,377,1316300,3984,2023,1961
1575,21,377,1316400,599,321,278
1576,21,377,1316500,1287,654,633
1577,21,377,1316600,0,0,0
1578,21,377,1316700,4502,2264,2238
1579,21,377,1316800,3513,1835,1678
1580,21,377,1316900,34,16,18
1581,21,377,1317000,405,206,199
1582,21,377,1317100,3889,1965,1924
1583,21,377,1317200,898,455,443
1584,21,377,1317300,448,227,221
1585,21,377,1317400,30,14,16
1586,21,377,1317500,1027,512,515
1587,21,377,1317600,892,456,436
1588,21,377,1317700,386,206,180
1589,21,377,1317800,423,218,205
1590,21,377,1317900,848,426,422
1591,21,377,1318000,154,90,64
1592,21,377,1318100,12081,6677,5404
1593,21,377,1318200,3702,1948,1754
1594,21,377,1318300,7417,3846,3571
1595,21,377,1318400,114,58,56
1596,21,377,1318500,434,212,222
1597,21,377,1318600,102,55,47
1598,21,377,1318700,496,264,232
1599,21,377,1318800,795,392,403
1600,21,377,1318900,440,225,215
1601,21,377,1319000,209,103,106
1602,21,377,1319100,122,59,63
1603,21,377,1319200,906,464,442
1604,21,377,1319300,184,93,91
1605,21,377,1319400,5840,3062,2778
1606,21,377,1319500,544,283,261
1607,21,377,1319600,9775,4955,4820
1608,21,377,1319700,1043,535,508
1609,21,377,1319800,511,270,241
1610,21,377,1319900,2998,1539,1459
1611,21,377,1320000,2,1,1
1612,21,377,1320100,1473,755,718
1613,21,377,1320200,423,228,195
1614,21,377,1320300,925,476,449
1615,21,377,1320400,781,430,351
1616,21,377,1320500,172,87,85
1617,21,377,1320600,555,289,266
1618,21,377,1320700,0,0,0
1619,21,377,1320800,495,260,235
1620,21,377,1320900,253,136,117
1621,21,377,1321000,0,0,0
1622,21,377,1321100,0,0,0
1623,21,377,1321200,968,479,489
1624,21,377,1321300,0,0,0
1625,21,377,1321400,174,85,89
1626,21,377,1321500,1007,518,489
1627,21,377,1321600,287,140,147
1628,21,377,1321700,184,86,98
1629,21,377,1321800,0,0,0
1630,21,377,1321900,634,336,298
1631,21,377,1322000,1527,794,733
1632,21,377,1322100,483,233,250
1633,21,377,1322200,429,233,196
1634,21,377,1322300,677,349,328
1635,21,377,1322400,167,81,86
1636,21,377,1322500,152,74,78
1637,21,377,1322600,321,158,163
1638,21,377,1322700,575,313,262
1639,21,377,1322800,1156,590,566
1640,21,377,1322900,233,127,106
1641,21,377,1323000,699,342,357
1642,21,377,1323100,0,0,0
1643,21,377,1323200,38,20,18
1644,21,377,1323300,778,411,367
1645,21,377,1323400,150,73,77
1646,21,377,1323500,827,413,414
1647,21,377,1323600,940,484,456
1648,21,377,1323700,0,0,0
1649,21,377,1323800,0,0,0
1650,21,377,1323900,0,0,0
1651,21,377,1324000,0,0,0
1652,21,377,1324100,282,138,144
1653,21,377,1324200,1974,1029,945
1654,21,377,1324300,1996,1017,979
1655,21,377,1324400,0,0,0
1656,21,377,1324500,4,2,2
1657,21,377,1324600,0,0,0
1658,21,377,1324700,697,359,338
1659,21,377,1324800,0,0,0
1660,21,377,1324900,295,162,133
1661,21,377,1325000,842,421,421
1662,21,377,1325100,0,0,0
1663,21,377,1325200,317,157,160
1664,21,377,1325300,274,143,131
1665,21,377,1325400,312,158,154
1666,21,377,1325500,538,279,259
1667,21,377,1325600,0,0,0
1668,21,377,1325700,0,0,0
1669,21,377,1325800,0,0,0
1670,21,377,1325900,1102,537,565
1671,21,377,1326000,183,99,84
1672,21,377,1326100,66,33,33
1673,21,377,1326200,1292,649,643
1674,21,377,1326300,708,392,316
1675,21,377,1326400,562,269,293
1676,21,377,1326500,0,0,0
1677,21,377,1326600,1050,558,492
1678,21,377,1326700,439,212,227
1679,21,377,1326800,696,369,327
1680,21,377,1326900,672,368,304
1681,21,377,1327000,862,447,415
1682,21,377,1327100,1430,722,708
1683,21,377,1327200,644,315,329
1684,21,377,1327300,24,13,11
1685,21,377,1327400,727,380,347
1686,21,377,1327500,665,349,316
1687,21,377,1327600,55,33,22
1688,21,377,1327700,1649,868,781
1689,21,377,1327800,381,210,171
1690,21,377,1327900,539,282,257
1691,21,377,1328000,0,0,0
1692,21,377,1328100,0,0,0
1693,21,377,1328200,0,0,0
1694,21,377,1328300,0,0,0
1695,21,377,1328400,1363,710,653
1696,21,377,1328500,1402,715,687
1697,21,377,1328600,1191,628,563
1698,21,377,1328700,1185,640,545
1699,21,377,1328800,571,285,286
1700,21,377,1328900,59,29,30
1701,21,377,1329000,0,0,0
1702,21,377,1329100,791,432,359
1703,21,377,1329200,0,0,0
1704,21,377,1329300,0,0,0
1705,21,377,1329400,0,0,0
1706,21,377,1329500,95,52,43
1707,21,377,1329600,0,0,0
1708,21,377,1329700,0,0,0
1709,21,377,1329800,0,0,0
1710,21,377,1329900,2295,1189,1106
1711,21,377,1330000,0,0,0
1712,21,377,1330100,0,0,0
1713,21,377,1330200,139,69,70
1714,21,377,1330300,135,69,66
1715,21,377,1330400,419,215,204
1716,21,377,1330500,236,127,109
1717,21,377,1330600,1063,535,528
1718,21,377,1330700,459,237,222
1719,21,377,1330800,3351,1697,1654
1720,21,377,1330900,2415,1244,1171
1721,21,377,1331000,0,0,0
1722,21,377,1331100,1708,805,903
1723,21,377,1331200,343,176,167
1724,21,377,1331300,725,361,364
1725,21,377,1331400,0,0,0
1726,21,377,1331500,279,132,147
1727,21,377,1331600,109,46,63
1728,21,377,1331700,150,71,79
1729,21,377,1331800,140,73,67
1730,21,377,1331900,25,11,14
1731,21,377,1332000,136,68,68
1732,21,377,1332100,0,0,0
1733,21,377,1332200,246,128,118
1734,21,377,1332300,749,352,397
1735,21,377,1332400,139,74,65
1736,21,377,1332500,1544,745,799
1737,21,377,1332600,1454,731,723
1738,21,377,1332700,227,121,106
1739,21,377,1332800,763,404,359
1740,21,377,1332900,0,0,0
1741,21,377,1333000,866,431,435
1742,21,377,1333100,984,501,483
1743,21,377,1333200,2531,1304,1227
1744,21,377,1333300,495,243,252
1745,21,377,1333400,1552,802,750
1746,21,377,1333500,413,234,179
1747,21,377,1333600,368,199,169
1748,21,377,1333700,1983,998,985
1749,21,377,1333800,963,499,464
1750,21,377,1333900,505,268,237
1751,21,377,1334000,0,0,0
1752,21,377,1334100,896,458,438
1753,21,377,1334200,835,441,394
1754,21,377,1334300,827,439,388
1755,21,377,1334400,473,232,241
1756,21,377,1334500,342,159,183
1757,21,377,1334600,896,456,440
1758,21,377,1334700,86,43,43
1759,21,377,1334800,0,0,0
1760,21,377,1334900,0,0,0
1761,21,377,1335000,450,223,227
1762,21,377,1335100,131,71,60
1763,21,377,1335200,51,24,27
1764,21,377,1335300,595,310,285
1765,21,377,1335400,0,0,0
1766,21,377,1335500,0,0,0
1767,21,377,1335600,189,102,87
1768,21,377,1335700,2559,1357,1202
1769,21,377,1335800,1402,734,668
1770,21,377,1335900,0,0,0
1771,21,377,1336000,869,433,436
1772,21,377,1336100,862,477,385
1773,21,377,1336200,1858,969,889
1774,21,377,1336300,1816,913,903
1775,21,377,1336400,439,233,206
1776,21,377,1336500,915,458,457
1777,21,377,1336600,0,0,0
1778,21,377,1336700,0,0,0
1779,21,377,1336800,1992,1019,973
1780,21,377,1336900,1608,802,806
1781,21,377,1337000,1917,941,976
1782,21,377,1337100,1536,778,758
1783,21,377,1337200,514,272,242
1784,21,377,1337300,833,441,392
1785,21,377,1337400,111,55,56
1786,21,377,1337500,393,199,194
1787,21,377,1337600,111,52,59
1788,21,377,1337700,266,136,130
1789,21,377,1337800,432,218,214
1790,21,377,1337900,542,283,259
1791,21,377,1338000,599,309,290
1792,21,377,1338100,349,179,170
1793,21,377,1338200,90,45,45
1794,21,377,1338300,152,81,71
1795,21,377,1338400,1892,984,908
1796,21,377,1338500,605,299,306
1797,21,377,1338600,921,494,427
1798,21,377,1338700,510,263,247
1799,21,377,1338800,244,130,114
1800,21,377,1338900,1152,555,597
1801,21,377,1339000,373,200,173
1802,21,377,1339100,585,305,280
1803,21,377,1339200,0,0,0
1804,21,377,1339300,200,99,101
1805,21,377,1339400,571,282,289
1806,21,377,1339500,210,108,102
1807,21,377,1339600,233,119,114
1808,21,377,1339700,430,218,212
1809,21,377,1339800,188,85,103
1810,21,377,1339900,0,0,0
1811,21,377,1340000,715,377,338
1812,21,377,1340100,4629,2296,2333
1813,21,377,1340200,1792,911,881
1814,21,377,1340300,2044,1079,965
1815,21,377,1340400,2036,995,1041
1816,21,377,1340500,1717,894,823
1817,21,377,1340600,505,263,242
1818,21,377,1340700,1350,700,650
1819,21,377,1340800,60,27,33
1820,21,377,1340900,1494,809,685
1821,21,377,1341000,582,317,265
1822,21,377,1341100,1236,633,603
1823,21,377,1341200,1031,533,498
1824,21,377,1341300,206,105,101
1825,21,377,1341400,389,192,197
1826,21,377,1341500,184,97,87
1827,21,377,1341600,2644,1301,1343
1828,21,377,1341700,2112,1096,1016
1829,21,377,1341800,1069,537,532
1830,21,377,1341900,762,399,363
1831,21,377,1342000,5695,2880,2815
1832,21,377,1342100,4119,2076,2043
1833,21,377,1342200,176,91,85
1834,21,377,1342300,74,37,37
1835,21,377,1342400,2335,1179,1156
1836,21,377,1342500,109,50,59
1837,21,377,1342600,394,216,178
1838,21,377,1342700,977,512,465
1839,21,377,1342800,69,37,32
1840,21,377,1342900,1177,570,607
1841,21,377,1343000,2895,1491,1404
1842,21,377,1343100,0,0,0
1843,21,377,1343200,1152,575,577
1844,21,377,1343300,1008,358,650
1845,21,377,1343400,1935,915,1020
1846,21,377,1343500,4039,1988,2051
1847,21,377,1343600,452,218,234
1848,21,377,1343700,54,21,33
1849,21,377,1343800,406,206,200
1850,21,377,1343900,11,3,8
1851,21,377,1344000,280,146,134
1852,21,377,1344100,651,330,321
1853,21,377,1344200,398,209,189
1854,21,377,1344300,517,243,274
1855,21,377,1344400,208,101,107
1856,21,377,1344500,660,343,317
1857,21,377,1344600,665,350,315
1858,21,377,1344700,81,42,39
1859,21,377,1344800,517,246,271
1860,21,377,1344900,825,417,408
1861,21,377,1345000,121,69,52
1862,21,377,1345100,1266,648,618
1863,21,377,1345200,216,111,105
1864,21,377,1345300,286,134,152
1865,21,377,1345400,144,75,69
1866,21,377,1345500,262,143,119
1867,21,377,1345600,173,91,82
1868,21,377,1345700,440,234,206
1869,21,377,1345800,182,99,83
1870,21,377,1345900,32,14,18
1871,21,377,1346000,310,164,146
1872,21,377,1346100,517,270,247
1873,21,377,1346200,294,148,146
1874,21,377,1346300,466,251,215
1875,21,377,1346400,424,228,196
1876,21,377,1346500,1778,941,837
1877,21,377,1346600,857,464,393
1878,21,377,1346700,408,210,198
1879,21,377,1346800,639,319,320
1880,21,377,1346900,285,143,142
1881,21,377,1347000,218,117,101
1882,21,377,1347100,430,201,229
1883,21,377,1347200,746,404,342
1884,21,377,1347300,292,158,134
1885,21,377,1347400,646,318,328
1886,21,377,1347500,2461,1248,1213
1887,21,377,1347600,611,296,315
1888,21,377,1347700,208,109,99
1889,21,377,1347800,595,285,310
1890,21,377,1347900,0,0,0
1891,21,377,1348000,752,370,382
1892,21,377,1348100,1021,512,509
1893,21,377,1348200,381,188,193
1894,21,377,1348300,128,51,77
1895,21,377,1348400,1809,876,933
1896,21,377,1348500,900,492,408
1897,21,377,1348600,164,73,91
1898,21,377,1348700,238,123,115
1899,21,377,1348800,212,101,111
1900,21,377,1348900,386,203,183
1901,21,377,1349000,910,466,444
1902,21,377,1349100,181,75,106
1903,21,377,1349200,256,122,134
1904,21,377,1349300,0,0,0
1905,21,377,1349400,539,280,259
1906,21,377,1349500,274,144,130
1907,21,377,1349600,349,173,176
1908,21,377,1349700,450,220,230
1909,21,377,1349800,592,294,298
1910,21,377,1349900,1083,546,537
1911,21,377,1350000,447,225,222
1912,21,377,1350100,742,373,369
1913,21,377,1350200,50,27,23
1914,21,377,1350300,74,37,37
1915,21,377,1350400,563,308,255
1916,21,377,1350500,638,319,319
1917,21,377,1350600,602,312,290
1918,21,377,1350700,611,303,308
1919,21,377,1350800,2070,1029,1041
1920,21,377,1350900,190,103,87
1921,21,377,1351000,541,278,263
1922,21,377,1351100,688,361,327
1923,21,377,1351200,1494,768,726
1924,21,377,1351300,2097,1079,1018
1925,21,377,1351400,1080,519,561
1926,21,377,1351500,1675,883,792
1927,21,377,1351600,829,439,390
1928,21,377,1351700,758,394,364
1929,21,377,1351800,1133,553,580
1930,21,377,1351900,439,199,240
1931,21,377,1352000,611,313,298
1932,21,377,1352100,135,69,66
1933,21,377,1352200,210,113,97
1934,21,377,1352300,29,12,17
1935,21,377,1352400,0,0,0
1936,21,377,1352500,666,309,357
1937,21,377,1352600,677,357,320
1938,21,377,1352700,1410,724,686
1939,21,377,1352800,5372,2697,2675
1940,21,377,1352900,513,266,247
1941,21,377,1353000,1715,868,847
1942,21,377,1353100,889,431,458
1943,21,377,1353200,752,390,362
1944,21,377,1353300,483,247,236
1945,21,377,1353400,1865,964,901
1946,21,377,1353500,1841,959,882
1947,21,377,1353600,0,0,0
1948,21,377,1353700,530,255,275
1949,21,377,1353800,1328,671,657
1950,21,377,1353900,848,419,429
1951,21,377,1354000,85,43,42
1952,21,377,1354100,152,81,71
1953,21,377,1354200,146,63,83
1954,21,377,1354300,0,0,0
1955,21,377,1354400,0,0,0
1956,21,377,1354500,210,105,105
1957,21,377,1354600,77,34,43
1958,21,377,1354700,956,477,479
1959,21,377,1354800,131,58,73
1960,21,377,1354900,3698,1874,1824
1961,21,377,1355000,675,341,334
1962,21,377,1355100,0,0,0
1963,21,377,1355200,3603,1877,1726
1964,21,377,1355300,1226,639,587
1965,21,377,1355400,49,22,27
1966,21,377,1355500,158,76,82
1967,21,377,1355600,272,147,125
1968,21,377,1355700,19,9,10
1969,21,377,1355800,92,47,45
1970,21,377,1355900,181,102,79
1971,21,377,1356000,450,226,224
1972,21,377,1356100,22,5,17
1973,21,377,1356200,158,87,71
1974,21,377,1356300,0,0,0
1975,21,377,1356400,9,4,5
1976,21,377,1356500,261,135,126
1977,21,377,1356600,501,268,233
1978,21,377,1356700,0,0,0
1979,21,377,1356800,0,0,0
1980,21,377,1356900,2070,1047,1023
1981,21,377,1357000,355,183,172
1982,21,377,1357100,1303,675,628
1983,21,377,1357200,478,247,231
1984,21,377,1357300,1552,808,744
1985,21,377,1357400,1874,969,905
1986,21,377,1357500,638,341,297
1987,21,377,1357600,439,226,213
1988,21,377,1357700,422,235,187
1989,21,377,1357800,2086,1071,1015
1990,21,377,1357900,537,277,260
1991,21,377,1358000,1474,772,702
1992,21,377,1358100,4490,2272,2218
1993,21,377,1358200,285,146,139
1994,21,377,1358300,0,0,0
1995,21,377,1358400,2169,1108,1061
1996,21,377,1358500,270,127,143
1997,21,377,1358600,343,164,179
1998,21,377,1358700,1697,808,889
1999,21,377,1358800,441,226,215
2000,21,377,1358900,1147,579,568
2001,21,377,1359000,2166,1133,1033
2002,21,377,1359100,2780,1440,1340
2003,21,377,1359200,2185,1101,1084
2004,21,377,1359300,36,18,18
2005,21,377,1359400,1325,663,662
2006,21,377,1359500,378,192,186
2007,21,377,1359600,1125,541,584
2008,21,377,1359700,224,108,116
2009,21,377,1359800,772,407,365
2010,21,377,1359900,172,87,85
2011,21,377,1360000,1083,567,516
2012,21,377,1360100,475,235,240
2013,21,377,1360200,4,2,2
2014,21,377,1360300,1002,476,526
2015,21,377,1360400,138,74,64
2016,21,377,1360500,268,117,151
2017,21,377,1360600,2494,1161,1333
2018,21,377,1360700,388,157,231
2019,21,377,1360800,193,103,90
2020,21,377,1360900,174,78,96
2021,21,377,1361000,202,95,107
2022,21,377,1361100,270,127,143
2023,21,377,1361200,568,280,288
2024,21,377,1361300,217,111,106
2025,21,377,1361400,1990,972,1018
2026,21,377,1361500,2537,1297,1240
2027,21,377,1361600,1224,612,612
2028,21,377,1361700,355,166,189
2029,21,377,1361800,0,0,0
2030,21,377,1361900,1600,751,849
2031,21,377,1362000,590,264,326
2032,21,377,1362100,393,209,184
2033,21,377,1362200,0,0,0
2034,21,377,1362300,501,252,249
2035,21,377,1362400,0,0,0
2036,21,377,1362500,448,226,222
2037,21,377,1362600,192,86,106
2038,21,377,1362700,994,452,542
2039,21,377,1362800,237,119,118
2040,21,377,1362900,1528,754,774
2041,21,377,1363000,413,212,201
2042,21,377,1363100,325,158,167
2043,21,377,1363200,455,219,236
2044,21,377,1363300,105,45,60
2045,21,377,1363400,268,148,120
2046,21,377,1363500,122,52,70
2047,21,377,1363600,289,131,158
2048,21,377,1363700,210,102,108
2049,21,377,1363800,791,402,389
2050,21,377,1363900,135,69,66
2051,21,377,1364000,291,136,155
2052,21,377,1364100,754,390,364
2053,21,377,1364200,1600,791,809
2054,21,377,1364300,318,147,171
2055,21,377,1364400,1553,760,793
2056,21,377,1364500,1098,526,572
2057,21,377,1364600,557,270,287
2058,21,377,1364700,657,333,324
2059,21,377,1364800,183,92,91
2060,21,377,1364900,723,340,383
2061,21,377,1365000,163,84,79
2062,21,377,1365100,880,402,478
2063,21,377,1365200,229,93,136
2064,21,377,1365300,75,28,47
2065,21,377,1365400,1047,476,571
2066,21,377,1365500,396,199,197
2067,21,377,1365600,1438,693,745
2068,21,377,1365700,426,215,211
2069,21,377,1365800,36,18,18
2070,21,377,1365900,381,203,178
2071,21,377,1366000,73,40,33
2072,21,377,1366100,574,300,274
2073,21,377,1366200,141,66,75
2074,21,377,1366300,215,102,113
2075,21,377,1366400,68,30,38
2076,21,377,1366500,209,81,128
2077,21,377,1366600,173,83,90
2078,21,377,1366700,421,201,220
2079,21,377,1366800,291,148,143
2080,21,377,1366900,764,343,421
2081,21,377,1367000,711,349,362
2082,21,377,1367100,16,9,7
2083,21,377,1367200,0,0,0
2084,21,377,1367300,2642,1358,1284
2085,21,377,1367400,316,157,159
2086,21,377,1367500,380,201,179
2087,21,377,1367600,2281,1209,1072
2088,21,377,1367700,2103,1107,996
2089,21,377,1367800,1392,758,634
2090,21,377,1367900,505,250,255
2091,21,377,1368000,286,141,145
2092,21,377,1368100,118,67,51
2093,21,377,1368200,736,348,388
2094,21,377,1368300,1392,707,685
2095,21,377,1368400,1814,910,904
2096,21,377,1368500,1753,948,805
2097,21,377,1368600,2355,1191,1164
2098,21,377,1368700,940,492,448
2099,21,377,1368800,3645,1853,1792
2100,21,377,1368900,349,179,170
2101,21,377,1369000,949,495,454
2102,21,377,1369100,242,130,112
2103,21,377,1369200,3074,1564,1510
2104,21,377,1369300,2267,1196,1071
2105,21,377,1369400,884,442,442
2106,21,377,1369500,242,132,110
2107,21,377,1369600,262,125,137
2108,21,377,1369700,666,340,326
2109,21,377,1369800,140,67,73
2110,21,377,1369900,83,41,42
2111,21,377,1370000,148,84,64
2112,21,377,1370100,5265,2777,2488
2113,21,377,1370200,134,67,67
2114,21,377,1370300,1074,541,533
2115,21,377,1370400,1062,563,499
2116,21,377,1370500,351,179,172
2117,21,377,1370600,376,197,179
2118,21,377,1370700,696,361,335
2119,21,377,1370800,211,113,98
2120,21,377,1370900,553,280,273
2121,21,377,1371000,349,179,170
2122,21,377,1371100,535,268,267
2123,21,377,1371200,278,143,135
2124,21,377,1371300,84,46,38
2125,21,377,1371400,1578,820,758
2126,21,377,1371500,551,255,296
2127,21,377,1371600,2107,1080,1027
2128,21,377,1371700,1612,759,853
2129,21,377,1371800,127,59,68
2130,21,377,1371900,522,228,294
2131,21,377,1372000,301,148,153
2132,21,377,1372100,389,193,196
2133,21,377,1372200,520,274,246
2134,21,377,1372300,2060,1030,1030
2135,21,377,1372400,300,148,152
2136,21,377,1372500,585,282,303
2137,21,377,1372600,166,83,83
2138,21,377,1372700,192,99,93
2139,21,377,1372800,2643,1333,1310
2140,21,377,1372900,300,152,148
2141,21,377,1373000,0,0,0
2142,21,377,1373100,966,502,464
2143,21,377,1373200,232,114,118
2144,21,377,1373300,2943,1507,1436
2145,21,377,1373400,74,40,34
2146,21,377,1373500,1426,726,700
2147,21,377,1373600,753,348,405
2148,21,377,1373700,147,81,66
2149,21,377,1373800,105,54,51
2150,21,377,1373900,292,156,136
2151,21,377,1374000,0,0,0
2152,21,377,1374100,898,411,487
2153,21,377,1374200,348,172,176
2154,21,377,1374300,696,377,319
2155,21,377,1374400,366,171,195
2156,21,377,1374500,291,148,143
2157,21,377,1374600,753,370,383
2158,21,377,1374700,0,0,0
2159,21,377,1374800,0,0,0
2160,21,377,1374900,114,58,56
2161,21,377,1375000,216,106,110
2162,21,377,1375100,592,292,300
2163,21,377,1375200,0,0,0
2164,21,377,1375300,216,99,117
2165,21,377,1375400,183,83,100
2166,21,377,1375500,1094,522,572
2167,21,377,1375600,0,0,0
2168,21,377,1375700,0,0,0
2169,21,377,1375800,502,244,258
2170,21,377,1375900,4039,2017,2022
2171,21,377,1376000,966,476,490
2172,21,377,1376100,1439,726,713
2173,21,377,1376200,1380,707,673
2174,21,377,1376300,309,152,157
2175,21,377,1376400,373,202,171
2176,21,377,1376500,0,0,0
2177,21,377,1376600,1018,496,522
2178,21,377,1376700,1384,710,674
2179,21,377,1376800,363,188,175
2180,21,377,1376900,608,318,290
2181,21,377,1377000,1239,655,584
2182,21,377,1377100,652,336,316
2183,21,377,1377200,342,166,176
2184,21,377,1377300,793,410,383
2185,21,377,1377400,736,385,351
2186,21,377,1377500,398,217,181
2187,21,377,1377600,1151,574,577
2188,21,377,1377700,312,159,153
2189,21,377,1377800,2409,1243,1166
2190,21,377,1377900,1511,784,727
2191,21,377,1378000,1029,524,505
2192,21,377,1378100,456,220,236
2193,21,377,1378200,896,457,439
2194,21,377,1378300,0,0,0
2195,21,377,1378400,982,487,495
2196,21,377,1378500,0,0,0
2197,21,377,1378600,422,217,205
2198,21,377,1378700,21,9,12
2199,21,377,1378800,620,297,323
2200,21,377,1378900,736,380,356
2201,21,377,1379000,483,245,238
2202,21,377,1379100,3666,1845,1821
2203,21,377,1379200,657,334,323
2204,21,377,1379300,118,54,64
2205,21,377,1379400,1082,533,549
2206,21,377,1379500,527,275,252
2207,21,377,1379600,844,442,402
2208,21,377,1379700,139,71,68
2209,21,377,1379800,0,0,0
2210,21,377,1379900,716,370,346
2211,21,377,1380000,0,0,0
2212,21,377,1380100,3249,1635,1614
2213,21,377,1380200,521,261,260
2214,21,377,1380300,1877,891,986
2215,21,377,1380400,1150,608,542
2216,21,377,1380500,1554,809,745
2217,21,377,1380600,2091,1062,1029
2218,21,377,1380700,683,333,350
2219,21,377,1380800,1200,557,643
2220,21,377,1380900,442,232,210
2221,21,377,1381000,1944,968,976
2222,21,377,1381100,341,172,169
2223,21,377,1381200,568,301,267
2224,21,377,1381300,283,143,140
2225,21,377,1381400,348,181,167
2226,21,377,1381500,1248,642,606
2227,21,377,1381600,530,247,283
2228,21,377,1381700,319,159,160
2229,21,377,1381800,733,367,366
2230,21,377,1381900,2330,1156,1174
2231,21,377,1382000,800,394,406
2232,21,377,1382100,0,0,0
2233,21,377,1382200,333,167,166
2234,21,377,1382300,949,500,449
2235,21,377,1382400,692,342,350
2236,21,377,1382500,702,348,354
2237,21,377,1382600,745,388,357
2238,21,377,1382700,223,108,115
2239,21,377,1382800,877,439,438
2240,21,377,1382900,744,384,360
2241,21,377,1383000,2375,1215,1160
2242,21,377,1383100,0,0,0
2243,21,377,1383200,1491,746,745
2244,21,377,1383300,393,200,193
2245,21,377,1383400,0,0,0
2246,21,377,1383500,664,342,322
2247,21,377,1383600,0,0,0
2248,21,377,1383700,447,220,227
2249,21,377,1383800,609,308,301
2250,21,377,1383900,110,51,59
2251,21,377,1384000,219,113,106
2252,21,377,1384100,363,167,196
2253,21,377,1384200,2185,1135,1050
2254,21,377,1384300,559,274,285
2255,21,377,1384400,334,162,172
2256,21,377,1384500,485,235,250
2257,21,377,1384600,1057,558,499
2258,21,377,1384700,343,182,161
2259,21,377,1384800,563,304,259
2260,21,377,1384900,338,159,179
2261,21,377,1385000,538,287,251
2262,21,377,1385100,2310,1191,1119
2263,21,377,1385200,323,159,164
2264,21,377,1385300,690,352,338
2265,21,377,1385400,752,422,330
2266,21,377,1385500,550,338,212
2267,21,377,1385600,0,0,0
2268,21,377,1385700,706,384,322
2269,21,377,1385800,108,59,49
2270,21,377,1385900,406,229,177
2271,21,377,1386000,1188,675,513
2272,21,377,1386100,312,175,137
2273,21,377,1386200,375,208,167
2274,21,377,1386300,1714,922,792
2275,21,377,1386400,1369,711,658
2276,21,377,1386500,410,238,172
2277,21,377,1386600,688,352,336
2278,21,377,1386700,846,470,376
2279,21,377,1386800,768,431,337
2280,21,377,1386900,643,367,276
2281,21,377,1387000,152,105,47
2282,21,377,1387100,291,182,109
2283,21,377,1387200,1570,833,737
2284,21,377,1387300,531,282,249
2285,21,377,1387400,655,341,314
2286,21,377,1387500,136,76,60
2287,21,377,1387600,385,192,193
2288,21,377,1387700,446,227,219
2289,21,377,1387800,580,308,272
2290,21,377,1387900,2362,1183,1179
2291,21,377,1388000,654,315,339
2292,21,377,1388100,330,150,180
2293,21,377,1388200,1413,751,662
2294,21,377,1388300,1596,805,791
2295,21,377,1388400,594,305,289
2296,21,377,1388500,1230,636,594
2297,21,377,1388600,877,429,448
2298,21,377,1388700,0,0,0
2299,21,377,1388800,1936,1011,925
2300,21,377,1388900,651,332,319
2301,21,377,1389000,1466,761,705
2302,21,377,1389100,75,41,34
2303,21,377,1389200,217,114,103
2304,21,377,1389300,192,101,91
2305,21,377,1389400,877,422,455
2306,21,377,1389500,1021,511,510
2307,21,377,1389600,821,426,395
2308,21,377,1389700,512,247,265
2309,21,377,1389800,669,359,310
2310,21,377,1389900,3905,2028,1877
2311,21,377,1390000,390,207,183
2312,21,377,1390100,1123,537,586
2313,21,377,1390200,292,139,153
2314,21,377,1390300,0,0,0
2315,21,377,1390400,0,0,0
2316,21,377,1390500,0,0,0
2317,21,377,1390600,485,254,231
2318,21,377,1390700,994,513,481
2319,21,377,1390800,2638,1346,1292
2320,21,377,1390900,0,0,0
2321,21,377,1391000,719,378,341
2322,21,377,1391100,470,233,237
2323,21,377,1391200,736,377,359
2324,21,377,1391300,426,198,228
2325,21,377,1391400,366,197,169
2326,21,377,1391500,844,406,438
2327,21,377,1391600,1302,663,639
2328,21,377,1391700,1262,638,624
2329,21,377,1391800,0,0,0
2330,21,377,1391900,3,2,1
2331,21,377,1392000,33,16,17
2332,21,377,1392100,0,0,0
2333,21,377,1392200,449,216,233
2334,21,377,1392300,2180,1108,1072
2335,21,377,1392400,1566,829,737
2336,21,377,1392500,869,417,452
2337,21,377,1392600,83,45,38
2338,21,377,1392700,2129,1091,1038
2339,21,377,1392800,91,49,42
2340,21,377,1392900,4839,2463,2376
2341,21,377,1393000,772,376,396
2342,21,377,1393100,1375,717,658
2343,21,377,1393200,579,312,267
2344,21,377,1393300,0,0,0
2345,21,377,1393400,52,29,23
2346,21,377,1393500,174,94,80
2347,21,377,1393600,2406,1254,1152
2348,21,377,1393700,3541,1850,1691
2349,21,377,1393800,1952,1029,923
2350,21,377,1393900,640,342,298
2351,21,377,1394000,9109,4742,4367
2352,21,377,1394100,838,439,399
2353,21,377,1394200,192,94,98
2354,21,377,1394300,349,176,173
2355,21,377,1394400,2608,1308,1300
2356,21,377,1394500,535,262,273
2357,21,377,1394600,852,449,403
2358,21,377,1394700,1254,656,598
2359,21,377,1394800,786,401,385
2360,21,377,1394900,1253,663,590
2361,21,377,1395000,125,65,60
2362,21,377,1395100,3288,1656,1632
2363,21,377,1395200,385,210,175
2364,21,377,1395300,2218,1117,1101
2365,21,377,1395400,1173,616,557
2366,21,377,1395500,918,479,439
2367,21,377,1395600,209,102,107
2368,21,377,1395700,376,210,166
2369,21,377,1395800,668,348,320
2370,21,377,1395900,1213,617,596
2371,21,377,1396000,1136,576,560
2372,21,377,1396100,584,309,275
2373,21,377,1396200,843,434,409
2374,21,377,1396300,2886,1477,1409
2375,21,377,1396400,707,366,341
2376,21,377,1396500,2693,1357,1336
2377,21,377,1396600,382,179,203
2378,21,377,1396700,1007,509,498
2379,21,377,1396800,575,278,297
2380,21,377,1396900,1588,796,792
2381,21,377,1397000,1577,820,757
2382,21,377,1397100,2026,973,1053
2383,21,377,1397200,143,73,70
2384,21,377,1397300,512,247,265
2385,21,377,1397400,571,300,271
2386,21,377,1397500,1251,617,634
2387,21,377,1397600,521,263,258
2388,21,377,1397700,933,470,463
2389,21,377,1397800,439,220,219
2390,21,377,1397900,144,75,69
2391,21,377,1398000,336,183,153
2392,21,377,1398100,138,74,64
2393,21,377,1398200,333,166,167
2394,21,377,1398300,173,84,89
2395,21,377,1398400,1278,615,663
2396,21,377,1398500,1366,677,689
2397,21,377,1398600,508,266,242
2398,21,377,1398700,227,110,117
2399,21,377,1398800,385,191,194
2400,21,377,1398900,301,165,136
2401,21,377,1399000,2666,1334,1332
2402,21,377,1399100,350,182,168
2403,21,377,1399200,2359,1192,1167
2404,21,377,1399300,5624,2899,2725
2405,21,377,1399400,95,45,50
2406,21,377,1399500,159,76,83
2407,21,377,1399600,558,282,276
2408,21,377,1399700,1571,826,745
2409,21,377,1399800,5082,2587,2495
2410,21,377,1399900,5767,2955,2812
2411,21,377,1400000,106,60,46
2412,21,377,1400100,2174,1123,1051
2413,21,377,1400200,3676,1819,1857
2414,21,377,1400300,182,87,95
2415,21,377,1400400,2608,1334,1274
2416,21,377,1400500,1305,651,654
2417,21,377,1400600,1357,714,643
2418,21,377,1400700,1552,780,772
2419,21,377,1400800,279,146,133
2420,21,377,1400900,818,398,420
2421,21,377,1401000,206,92,114
2422,21,377,1401100,528,270,258
2423,21,377,1401200,73,40,33
2424,21,377,1401300,262,136,126
2425,21,377,1401400,67,38,29
2426,21,377,1401500,410,202,208
2427,21,377,1401600,318,154,164
2428,21,377,1401700,2484,1200,1284
2429,21,377,1401800,531,279,252
2430,21,377,1401900,415,182,233
2431,21,377,1402000,1026,530,496
2432,21,377,1402100,724,367,357
2433,21,377,1402200,1388,682,706
2434,21,377,1402300,1511,750,761
2435,21,377,1402400,867,442,425
2436,21,377,1402500,0,0,0
2437,21,377,1402600,369,183,186
2438,21,377,1402700,359,166,193
2439,21,377,1402800,1105,568,537
2440,21,377,1402900,251,134,117
2441,21,377,1403000,526,271,255
2442,21,377,1403100,1726,862,864
2443,21,377,1403200,247,103,144
2444,21,377,1403300,357,175,182
2445,21,377,1403400,837,431,406
2446,21,377,1403500,234,116,118
2447,21,377,1403600,91,41,50
2448,21,377,1403700,274,131,143
2449,21,377,1403800,423,236,187
2450,21,377,1403900,583,310,273
2451,21,377,1404000,0,0,0
2452,21,377,1404100,483,250,233
2453,21,377,1404200,146,67,79
2454,21,377,1404300,741,372,369
2455,21,377,1404400,0,0,0
2456,21,377,1404500,355,176,179
2457,21,377,1404600,252,126,126
2458,21,377,1404700,477,252,225
2459,21,377,1404800,3,2,1
2460,21,377,1404900,32,21,11
2461,21,377,1405000,1477,690,787
2462,21,377,1405100,38,14,24
2463,21,377,1405200,0,0,0
2464,21,377,1405300,1278,646,632
2465,21,377,1405400,0,0,0
2466,21,377,1405500,466,234,232
2467,21,377,1405600,254,144,110
2468,21,377,1405700,2396,1134,1262
2469,21,377,1405800,1535,791,744
2470,21,377,1405900,2168,1096,1072
2471,21,377,1406000,203,108,95
2472,21,377,1406100,381,190,191
2473,21,377,1406200,483,260,223
2474,21,377,1406300,358,171,187
2475,21,377,1406400,716,357,359
2476,21,377,1406500,394,206,188
2477,21,377,1406600,78,28,50
2478,21,377,1406700,1296,647,649
2479,21,377,1406800,157,71,86
2480,21,377,1406900,579,294,285
2481,21,377,1407000,38,20,18
2482,21,377,1407100,1543,763,780
2483,21,377,1407200,300,159,141
2484,21,377,1407300,1313,635,678
2485,21,377,1407400,508,259,249
2486,21,377,1407500,74,38,36
2487,21,377,1407600,367,185,182
2488,21,377,1407700,0,0,0
2489,21,377,1407800,218,102,116
2490,21,377,1407900,283,155,128
2491,21,377,1408000,366,189,177
2492,21,377,1408100,658,332,326
2493,21,377,1408200,889,487,402
2494,21,377,1408300,54,25,29
2495,21,377,1408400,610,304,306
2496,21,377,1408500,460,242,218
2497,21,377,1408600,615,310,305
2498,21,377,1408700,1659,848,811
2499,21,377,1408800,611,283,328
2500,21,377,1408900,549,283,266
2501,21,377,1409000,800,433,367
2502,21,377,1409100,762,385,377
2503,21,377,1409200,199,97,102
2504,21,377,1409300,117,60,57
2505,21,377,1409400,342,173,169
2506,21,377,1409500,671,327,344
2507,21,377,1409600,1660,832,828
2508,21,377,1409700,139,69,70
2509,21,377,1409800,18,10,8
2510,21,377,1409900,1078,536,542
2511,21,377,1410000,796,405,391
2512,21,377,1410100,188,92,96
2513,21,377,1410200,63,25,38
2514,21,377,1410300,1035,551,484
2515,21,377,1410400,199,101,98
2516,21,377,1410500,323,158,165
2517,21,377,1410600,0,0,0
2518,21,377,1410700,28,18,10
2519,21,377,1410800,280,140,140
2520,21,377,1410900,148,74,74
2521,21,377,1411000,309,159,150
2522,21,377,1411100,482,235,247
2523,21,377,1411200,364,193,171
2524,21,377,1411300,585,301,284
2525,21,377,1411400,109,55,54
2526,21,377,1411500,6,4,2
2527,21,377,1411600,728,377,351
2528,21,377,1411700,2161,1075,1086
2529,21,377,1411800,921,475,446
2530,21,377,1411900,883,435,448
2531,21,377,1412000,518,274,244
2532,21,377,1412100,397,198,199
2533,21,377,1412200,277,144,133
2534,21,377,1412300,236,108,128
2535,21,377,1412400,1126,537,589
2536,21,377,1412500,1851,893,958
2537,21,377,1412600,208,100,108
2538,21,377,1412700,1981,1030,951
2539,21,377,1412800,3742,1888,1854
2540,21,377,1412900,0,0,0
2541,21,377,1413000,1497,764,733
2542,21,377,1413100,103,50,53
2543,21,377,1413200,135,63,72
2544,21,377,1413300,58,32,26
2545,21,377,1413400,508,259,249
2546,21,377,1413500,251,134,117
2547,21,377,1413600,146,65,81
2548,21,377,1413700,458,226,232
2549,21,377,1413800,377,189,188
2550,21,377,1413900,1232,602,630
2551,21,377,1414000,563,287,276
2552,21,377,1414100,255,125,130
2553,21,377,1414200,975,499,476
2554,21,377,1414300,1003,509,494
2555,21,377,1414400,434,216,218
2556,21,377,1414500,707,370,337
2557,21,377,1414600,166,75,91
2558,21,377,1414700,1113,538,575
2559,21,377,1414800,217,118,99
2560,21,377,1414900,184,97,87
2561,21,377,1415000,791,408,383
2562,21,377,1415100,312,144,168
2563,21,377,1415200,305,138,167
2564,21,377,1415300,1855,860,995
2565,21,377,1415400,149,71,78
2566,21,377,1415500,388,190,198
2567,21,377,1415600,0,0,0
2568,21,377,1415700,0,0,0
2569,21,377,1415800,1554,764,790
2570,21,377,1415900,568,280,288
2571,21,377,1416000,821,384,437
2572,21,377,1416100,517,280,237
2573,21,377,1416200,684,377,307
2574,21,377,1416300,452,216,236
2575,21,377,1416400,628,308,320
2576,21,377,1416500,742,361,381
2577,21,377,1416600,119,59,60
2578,21,377,1416700,34,19,15
2579,21,377,1416800,476,233,243
2580,21,377,1416900,405,188,217
2581,21,377,1417000,138,77,61
2582,21,377,1417100,144,68,76
2583,21,377,1417200,270,121,149
2584,21,377,1417300,212,97,115
2585,21,377,1417400,344,163,181
2586,21,377,1417500,677,312,365
2587,21,377,1417600,415,233,182
2588,21,377,1417700,310,162,148
2589,21,377,1417800,1793,869,924
2590,21,377,1417900,176,95,81
2591,21,377,1418000,82,43,39
2592,21,377,1418100,0,0,0
2593,21,377,1418200,1354,682,672
2594,21,377,1418300,1182,579,603
2595,21,377,1418400,147,75,72
2596,21,377,1418500,566,282,284
2597,21,377,1418600,50,30,20
2598,21,377,1418700,288,139,149
2599,21,377,1418800,138,71,67
2600,21,377,1418900,439,212,227
2601,21,377,1419000,401,210,191
2602,21,377,1419100,701,359,342
2603,21,377,1419200,583,269,314
2604,21,377,1419300,808,397,411
2605,21,377,1419400,1011,509,502
2606,21,377,1419500,742,394,348
2607,21,377,1419600,751,369,382
2608,21,377,1419700,1516,742,774
2609,21,377,1419800,191,106,85
2610,21,377,1419900,378,206,172
2611,21,377,1420000,1088,527,561
2612,21,377,1420100,891,441,450
2613,21,377,1420200,582,307,275
2614,21,377,1420300,111,52,59
2615,21,377,1420400,870,431,439
2616,21,377,1420500,1276,609,667
2617,21,377,1420600,684,325,359
2618,21,377,1420700,291,175,116
2619,21,377,1420800,0,0,0
2620,21,377,1420900,2434,1194,1240
2621,21,377,1421000,307,143,164
2622,21,377,1421100,179,83,96
2623,21,377,1421200,643,327,316
2624,21,377,1421300,130,63,67
2625,21,377,1421400,201,105,96
2626,21,377,1421500,109,60,49
2627,21,377,1421600,378,180,198
2628,21,377,1421700,909,486,423
2629,21,377,1421800,1134,582,552
2630,21,377,1421900,3352,1645,1707
2631,21,377,1422000,431,207,224
2632,21,377,1422100,421,197,224
2633,21,377,1422200,499,255,244
2634,21,377,1422300,264,136,128
2635,21,377,1422400,3012,1584,1428
2636,21,377,1422500,0,0,0
2637,21,377,1422600,182,97,85
2638,21,377,1422700,405,194,211
2639,21,377,1422800,443,219,224
2640,21,377,1422900,280,146,134
2641,21,377,1423000,256,131,125
2642,21,377,1423100,723,381,342
2643,21,377,1423200,175,93,82
2644,21,377,1423300,394,207,187
2645,21,377,1423400,224,108,116
2646,21,377,1423500,824,410,414
2647,21,377,1423600,228,114,114
2648,21,377,1423700,0,0,0
2649,21,377,1423800,286,136,150
2650,21,377,1423900,84,41,43
2651,21,377,1424000,108,50,58
2652,21,377,1424100,816,396,420
2653,21,377,1424200,309,156,153
2654,21,377,1424300,255,130,125
2655,21,377,1424400,408,207,201
2656,21,377,1424500,254,126,128
2657,21,377,1424600,1253,652,601
2658,21,377,1424700,91,45,46
2659,21,377,1424800,889,448,441
2660,21,377,1424900,582,288,294
2661,21,377,1425000,1253,595,658
2662,21,377,1425100,458,226,232
2663,21,377,1425200,185,93,92
2664,21,377,1425300,0,0,0
2665,21,377,1425400,282,141,141
2666,21,377,1425500,297,158,139
2667,21,377,1425600,0,0,0
2668,21,377,1425700,245,121,124
2669,21,377,1425800,179,97,82
2670,21,377,1425900,700,327,373
2671,21,377,1426000,211,110,101
2672,21,377,1426100,253,123,130
2673,21,377,1426200,83,45,38
2674,21,377,1426300,582,305,277
2675,21,377,1426400,174,94,80
2676,21,377,1426500,110,57,53
2677,21,377,1426600,1126,545,581
2678,21,377,1426700,566,294,272
2679,21,377,1426800,229,105,124
2680,21,377,1426900,361,182,179
2681,21,377,1427000,10,5,5
2682,21,377,1427100,34,18,16
2683,21,377,1427200,630,325,305
2684,21,377,1427300,336,147,189
2685,21,377,1427400,336,169,167
2686,21,377,1427500,517,253,264
2687,21,377,1427600,838,425,413
2688,21,377,1427700,0,0,0
2689,21,377,1427800,565,279,286
2690,21,377,1427900,4858,2434,2424
2691,21,377,1428000,494,242,252
2692,21,377,1428100,401,181,220
2693,21,377,1428200,1011,484,527
2694,21,377,1428300,1713,835,878
2695,21,377,1428400,131,69,62
2696,21,377,1428500,465,246,219
2697,21,377,1428600,185,86,99
2698,21,377,1428700,0,0,0
2699,21,377,1428800,393,198,195
2700,21,377,1428900,282,148,134
2701,21,377,1429000,1515,743,772
2702,21,377,1429100,392,191,201
2703,21,377,1429200,1045,505,540
2704,21,377,1429300,392,189,203
2705,21,377,1429400,697,376,321
2706,21,377,1429500,111,55,56
2707,21,377,1429600,486,251,235
2708,21,377,1429700,0,0,0
2709,21,377,1429800,749,370,379
2710,21,377,1429900,0,0,0
2711,21,377,1430000,1673,818,855
2712,21,377,1430100,139,69,70
2713,21,377,1430200,546,280,266
2714,21,377,1430300,94,45,49
2715,21,377,1430400,950,479,471
2716,21,377,1430500,1499,749,750
2717,21,377,1430600,599,323,276
2718,21,377,1430700,726,344,382
2719,21,377,1430800,503,246,257
2720,21,377,1430900,1191,590,601
2721,21,377,1431000,1517,718,799
2722,21,377,1431100,325,171,154
2723,21,377,1431200,1090,546,544
2724,21,377,1431300,1286,635,651
2725,21,377,1431400,894,473,421
2726,21,377,1431500,350,182,168
2727,21,377,1431600,1498,787,711
2728,21,377,1431700,813,438,375
2729,21,377,1431800,575,300,275
2730,21,377,1431900,245,114,131
2731,21,377,1432000,138,84,54
2732,21,377,1432100,1294,689,605
2733,21,377,1432200,448,232,216
2734,21,377,1432300,1349,698,651
2735,21,377,1432400,260,127,133
2736,21,377,1432500,478,246,232
2737,21,377,1432600,65,30,35
2738,21,377,1432700,423,219,204
2739,21,377,1432800,216,103,113
2740,21,377,1432900,375,193,182
2741,21,377,1433000,154,75,79
2742,21,377,1433100,619,312,307
2743,21,377,1433200,0,0,0
2744,21,377,1433300,217,99,118
2745,21,377,1433400,92,47,45
2746,21,377,1433500,304,139,165
2747,21,377,1433600,2608,1299,1309
2748,21,377,1433700,1267,633,634
2749,21,377,1433800,2472,1188,1284
2750,21,377,1433900,1472,743,729
2751,21,377,1434000,492,253,239
2752,21,377,1434100,513,246,267
2753,21,377,1434200,544,289,255
2754,21,377,1434300,913,470,443
2755,21,377,1434400,2268,1151,1117
2756,21,377,1434500,1712,840,872
2757,21,377,1434600,369,197,172
2758,21,377,1434700,508,259,249
2759,21,377,1434800,288,134,154
2760,21,377,1434900,2232,1142,1090
2761,21,377,1435000,0,0,0
2762,21,377,1435100,877,460,417
2763,21,377,1435200,555,283,272
2764,21,377,1435300,1213,610,603
2765,21,377,1435400,245,128,117
2766,21,377,1435500,176,83,93
2767,21,377,1435600,268,128,140
2768,21,377,1435700,673,338,335
2769,21,377,1435800,29,18,11
2770,21,377,1435900,183,92,91
2771,21,377,1436000,0,0,0
2772,21,377,1436100,309,141,168
2773,21,377,1436200,821,423,398
2774,21,377,1436300,647,344,303
2775,21,377,1436400,677,313,364
2776,21,377,1436500,299,141,158
2777,21,377,1436600,323,162,161
2778,21,377,1436700,260,126,134
2779,21,377,1436800,384,193,191
2780,21,377,1436900,253,132,121
2781,21,377,1437000,885,423,462
2782,21,377,1437100,212,108,104
2783,21,377,1437200,126,63,63
2784,21,377,1437300,491,256,235
2785,21,377,1437400,325,167,158
2786,21,377,1437500,572,275,297
2787,21,377,1437600,3951,1942,2009
2788,21,377,1437700,464,227,237
2789,21,377,1437800,1485,725,760
2790,21,377,1437900,228,128,100
2791,21,377,1438000,0,0,0
2792,21,377,1438100,260,140,120
2793,21,377,1438200,998,477,521
2794,21,377,1438300,1085,558,527
2795,21,377,1438400,803,394,409
2796,21,377,1438500,282,148,134
2797,21,377,1438600,176,92,84
2798,21,377,1438700,327,167,160
2799,21,377,1438800,546,275,271
2800,21,377,1438900,571,295,276
2801,21,377,1439000,493,254,239
2802,21,377,1439100,898,457,441
2803,21,377,1439200,550,254,296
2804,21,377,1439300,90,43,47
2805,21,377,1439400,1545,809,736
2806,21,377,1439500,901,448,453
2807,21,377,1439600,2321,1165,1156
2808,21,377,1439700,933,510,423
2809,21,377,1439800,752,393,359
2810,21,377,1439900,338,180,158
2811,21,377,1440000,1243,582,661
2812,21,377,1440100,3510,1794,1716
2813,21,377,1440200,363,173,190
2814,21,377,1440300,327,169,158
2815,21,377,1440400,1013,518,495
2816,21,377,1440500,390,218,172
2817,21,377,1440600,99,46,53
2818,21,377,1440700,1779,901,878
2819,21,377,1440800,426,220,206
2820,21,377,1440900,417,223,194
2821,21,377,1441000,579,280,299
2822,21,377,1441100,316,163,153
2823,21,377,1441200,2127,1070,1057
2824,21,377,1441300,0,0,0
2825,21,377,1441400,457,251,206
2826,21,377,1441500,10,5,5
2827,21,377,1441600,505,263,242
2828,21,377,1441700,554,295,259
2829,21,377,1441800,946,452,494
2830,21,377,1441900,253,130,123
2831,21,377,1442000,690,338,352
2832,21,377,1442100,580,299,281
2833,21,377,1442200,378,189,189
2834,21,377,1442300,152,78,74
2835,21,377,1442400,467,229,238
2836,21,377,1442500,1057,537,520
2837,21,377,1442600,2034,1038,996
2838,21,377,1442700,1278,666,612
2839,21,377,1442800,1476,764,712
2840,21,377,1442900,212,103,109
2841,21,377,1443000,2943,1501,1442
2842,21,377,1443100,438,235,203
2843,21,377,1443200,977,501,476
2844,21,377,1443300,605,297,308
2845,21,377,1443400,2234,1130,1104
2846,21,377,1443500,968,475,493
2847,21,377,1443600,144,82,62
2848,21,377,1443700,103,55,48
2849,21,377,1443800,308,155,153
2850,21,377,1443900,250,119,131
2851,21,377,1444000,1740,875,865
2852,21,377,1444100,132,66,66
2853,21,377,1444200,2399,1209,1190
2854,21,377,1444300,1288,628,660
2855,21,377,1444400,398,206,192
2856,21,377,1444500,0,0,0
2857,21,377,1444600,250,128,122
2858,21,377,1444700,429,217,212
2859,21,377,1444800,0,0,0
2860,21,377,1444900,42,20,22
2861,21,377,1445000,0,0,0
2862,21,377,1445100,898,491,407
2863,21,377,1445200,992,483,509
2864,21,377,1445300,0,0,0
2865,21,377,1445400,0,0,0
2866,21,377,1445500,313,166,147
2867,21,377,1445600,1604,821,783
2868,21,377,1445700,0,0,0
2869,21,377,1445800,0,0,0
2870,21,377,1445900,381,188,193
2871,21,377,1446000,176,95,81
2872,21,377,1446100,715,351,364
2873,21,377,1446200,1438,719,719
2874,21,377,1446300,57,30,27
2875,21,377,1446400,1735,884,851
2876,21,377,1446500,546,287,259
2877,21,377,1446600,111,54,57
2878,21,377,1446700,219,110,109
2879,21,377,1446800,241,135,106
2880,21,377,1446900,174,71,103
2881,21,377,1447000,19,6,13
2882,21,377,1447100,227,111,116
2883,21,377,1447200,526,268,258
2884,21,377,1447300,152,81,71
2885,21,377,1447400,825,411,414
2886,21,377,1447500,984,485,499
2887,21,377,1447600,813,390,423
2888,21,377,1447700,1127,577,550
2889,21,377,1447800,2569,1245,1324
2890,21,377,1447900,948,446,502
2891,21,377,1448000,1417,733,684
2892,21,377,1448100,1546,777,769
2893,21,377,1448200,175,84,91
2894,21,377,1448300,434,207,227
2895,21,377,1448400,100,41,59
2896,21,377,1448500,381,172,209
2897,21,377,1448600,158,84,74
2898,21,377,1448700,300,155,145
2899,21,377,1448800,654,308,346
2900,21,377,1448900,668,319,349
2901,21,377,1449000,570,286,284
2902,21,377,1449100,376,190,186
2903,21,377,1449200,238,110,128
2904,21,377,1449300,367,183,184
2905,21,377,1449400,275,144,131
2906,21,377,1449500,270,139,131
2907,21,377,1449600,373,211,162
2908,21,377,1449700,680,341,339
2909,21,377,1449800,460,198,262
2910,21,377,1449900,0,0,0
2911,21,377,1450000,1289,631,658
2912,21,377,1450100,4716,2443,2273
2913,21,377,1450200,1293,674,619
2914,21,377,1450300,364,182,182
2915,21,377,1450400,364,184,180
2916,21,377,1450500,1526,805,721
2917,21,377,1450600,236,117,119
2918,21,377,1450700,277,141,136
2919,21,377,1450800,1221,618,603
2920,21,377,1450900,1031,555,476
2921,21,377,1451000,1231,634,597
2922,21,377,1451100,335,171,164
2923,21,377,1451200,2465,1284,1181
2924,21,377,1451300,740,361,379
2925,21,377,1451400,439,215,224
2926,21,377,1451500,1018,529,489
2927,21,377,1451600,150,69,81
2928,21,377,1451700,692,336,356
2929,21,377,1451800,303,149,154
2930,21,377,1451900,287,136,151
2931,21,377,1452000,114,55,59
2932,21,377,1452100,618,303,315
2933,21,377,1452200,376,188,188
2934,21,377,1452300,1693,862,831
2935,21,377,1452400,0,0,0
2936,21,377,1452500,1402,699,703
2937,21,377,1452600,524,259,265
2938,21,377,1452700,1712,884,828
2939,21,377,1452800,778,406,372
2940,21,377,1452900,1201,595,606
2941,21,377,1453000,3154,1636,1518
2942,21,377,1453100,701,376,325
2943,21,377,1453200,973,503,470
2944,21,377,1453300,901,464,437
2945,21,377,1453400,888,473,415
2946,21,377,1453500,1528,791,737
2947,21,377,1453600,2124,1096,1028
2948,21,377,1453700,188,94,94
2949,21,377,1453800,758,385,373
2950,21,377,1453900,478,237,241
2951,21,377,1454000,3692,1892,1800
