,Statecode,Districtcode,VillageCode,Population,Males,Females
0,21,10,1585200,12,7,5
1,21,10,1585300,529,260,269
2,21,10,1585400,1248,611,637
3,21,10,1585500,1125,569,556
4,21,10,1585600,901,414,487
5,21,10,1585700,0,0,0
6,21,10,1585800,205,97,108
7,21,10,1585900,349,170,179
8,21,10,1586000,1654,726,928
9,21,10,1586100,969,422,547
10,21,10,1586200,741,387,354
11,21,10,1586300,790,418,372
12,21,10,1586400,433,211,222
13,21,10,1586500,1851,981,870
14,21,10,1586600,354,167,187
15,21,10,1586700,1794,861,933
16,21,10,1586800,2048,957,1091
17,21,10,1586900,559,283,276
18,21,10,1587000,492,204,288
19,21,10,1587100,674,296,378
20,21,10,1587200,618,289,329
21,21,10,1587300,903,417,486
22,21,10,1587400,390,175,215
23,21,10,1587500,994,460,534
24,21,10,1587600,853,398,455
25,21,10,1587700,819,375,444
26,21,10,1587800,538,251,287
27,21,10,1587900,601,301,300
28,21,10,1588000,294,143,151
29,21,10,1588100,138,80,58
30,21,10,1588200,462,224,238
31,21,10,1588300,408,195,213
32,21,10,1588400,1722,843,879
33,21,10,1588500,334,162,172
34,21,10,1588600,966,475,491
35,21,10,1588700,694,348,346
36,21,10,1588800,691,307,384
37,21,10,1588900,1758,874,884
38,21,10,1589000,1092,477,615
39,21,10,1589100,0,0,0
40,21,10,1589200,0,0,0
41,21,10,1589300,851,453,398
42,21,10,1589400,1057,518,539
43,21,10,1589500,1619,778,841
44,21,10,1589600,1429,710,719
45,21,10,1589700,650,272,378
46,21,10,1589800,2401,1108,1293
47,21,10,1589900,1843,853,990
48,21,10,1590000,893,403,490
49,21,10,1590100,1707,797,910
50,21,10,1590200,2191,983,1208
51,21,10,1590300,789,348,441
52,21,10,1590400,2288,1104,1184
53,21,10,1590500,529,279,250
54,21,10,1590600,2884,1424,1460
55,21,10,1590700,1677,764,913
56,21,10,1590800,5441,2556,2885
57,21,10,1590900,4575,2150,2425
58,21,10,1591000,2784,1260,1524
59,21,10,1591100,798,356,442
60,21,10,1591200,1781,850,931
61,21,10,1591300,0,0,0
62,21,10,1591400,485,218,267
63,21,10,1591500,2468,1123,1345
64,21,10,1591600,2166,1036,1130
65,21,10,1591700,3079,1456,1623
66,21,10,1591800,281,127,154
67,21,10,1591900,450,210,240
68,21,10,1592000,3062,1504,1558
69,21,10,1592100,1857,858,999
70,21,10,1592200,366,173,193
71,21,10,1592300,205,101,104
72,21,10,1592400,179,92,87
73,21,10,1592500,610,296,314
74,21,10,1592600,326,163,163
75,21,10,1592700,1976,937,1039
76,21,10,1592800,893,422,471
77,21,10,1592900,473,246,227
78,21,10,1593000,507,242,265
79,21,10,1593100,408,199,209
80,21,10,1593200,359,173,186
81,21,10,1593300,1275,593,682
82,21,10,1593400,243,110,133
83,21,10,1593500,283,139,144
84,21,10,1593600,1356,617,739
85,21,10,1593700,660,327,333
86,21,10,1593800,388,199,189
87,21,10,1593900,846,410,436
88,21,10,1594000,541,266,275
89,21,10,1594100,0,0,0
90,21,10,1594200,617,285,332
91,21,10,1594300,681,337,344
92,21,10,1594400,617,301,316
93,21,10,1594500,1253,612,641
94,21,10,1594600,0,0,0
95,21,10,1594700,0,0,0
96,21,10,1594800,0,0,0
97,21,10,1594900,0,0,0
98,21,10,1595000,444,209,235
99,21,10,1595100,1042,497,545
100,21,10,1595200,615,294,321
101,21,10,1595300,334,173,161
102,21,10,1595400,110,48,62
103,21,10,1595500,951,457,494
104,21,10,1595600,472,224,248
105,21,10,1595700,426,203,223
106,21,10,1595800,577,270,307
107,21,10,1595900,547,261,286
108,21,10,1596000,958,454,504
109,21,10,1596100,1578,766,812
110,21,10,1596200,696,345,351
111,21,10,1596300,868,396,472
112,21,10,1596400,549,255,294
113,21,10,1596500,1235,591,644
114,21,10,1596600,4024,1898,2126
115,21,10,1596700,324,150,174
116,21,10,1596800,2180,945,1235
117,21,10,1596900,227,108,119
118,21,10,1597000,2571,1244,1327
119,21,10,1597100,1699,798,901
120,21,10,1597200,1759,769,990
121,21,10,1597300,683,308,375
122,21,10,1597400,180,81,99
123,21,10,1597500,595,284,311
124,21,10,1597600,827,407,420
125,21,10,1597700,2015,971,1044
126,21,10,1597800,2668,1283,1385
127,21,10,1597900,560,262,298
128,21,10,1598000,2093,965,1128
129,21,10,1598100,1023,464,559
130,21,10,1598200,368,171,197
131,21,10,1598300,1253,570,683
132,21,10,1598400,841,404,437
133,21,10,1598500,605,281,324
134,21,10,1598600,1358,646,712
135,21,10,1598700,400,202,198
136,21,10,1598800,504,231,273
137,21,10,1598900,329,159,170
138,21,10,1599000,545,261,284
139,21,10,1599100,1779,843,936
140,21,10,1599200,899,404,495
141,21,10,1599300,0,0,0
142,21,10,1599400,0,0,0
143,21,10,1599500,293,140,153
144,21,10,1599600,580,283,297
145,21,10,1599700,650,306,344
146,21,10,1599800,359,173,186
147,21,10,1599900,409,200,209
148,21,10,1600000,747,365,382
149,21,10,1600100,425,216,209
150,21,10,1600200,315,138,177
151,21,10,1600300,509,235,274
152,21,10,1600400,884,418,466
153,21,10,1600500,0,0,0
154,21,10,1600600,752,349,403
155,21,10,1600700,613,290,323
156,21,10,1600800,499,243,256
157,21,10,1600900,540,277,263
158,21,10,1601000,958,456,502
159,21,10,1601100,530,250,280
160,21,10,1601200,1238,600,638
161,21,10,1601300,627,314,313
162,21,10,1601400,777,384,393
163,21,10,1601500,656,318,338
164,21,10,1601600,387,188,199
165,21,10,1601700,473,237,236
166,21,10,1601800,1316,661,655
167,21,10,1601900,852,422,430
168,21,10,1602000,5550,2508,3042
169,21,10,1602100,4113,1975,2138
170,21,10,1602200,4936,2223,2713
171,21,10,1602300,4009,1920,2089
172,21,10,1602400,923,438,485
173,21,10,1602500,932,428,504
174,21,10,1602600,796,386,410
175,21,10,1602700,0,0,0
176,21,10,1602800,2661,1312,1349
177,21,10,1602900,504,239,265
178,21,10,1603000,514,267,247
179,21,10,1603100,110,59,51
180,21,10,1603200,153,74,79
181,21,10,1603300,1317,657,660
182,21,10,1603400,1086,535,551
183,21,10,1603500,1271,622,649
184,21,10,1603600,650,326,324
185,21,10,1603700,1155,559,596
186,21,10,1603800,391,173,218
187,21,10,1603900,582,245,337
188,21,10,1604000,1043,460,583
189,21,10,1604100,340,162,178
190,21,10,1604200,3082,1421,1661
191,21,10,1604300,3534,1610,1924
192,21,10,1604400,2301,1117,1184
193,21,10,1604500,0,0,0
194,21,10,1604600,1290,603,687
195,21,10,1604700,3459,1643,1816
196,21,10,1604800,1341,672,669
197,21,10,1604900,24,13,11
198,21,10,1605000,816,362,454
199,21,10,1605100,1260,581,679
200,21,10,1605200,1360,605,755
201,21,10,1605300,1346,672,674
202,21,10,1605400,1224,602,622
203,21,10,1605500,0,0,0
204,21,10,1605600,2208,1123,1085
205,21,10,1605700,2369,1199,1170
206,21,10,1605800,1157,558,599
207,21,10,1605900,1121,532,589
208,21,10,1606000,806,392,414
209,21,10,1606100,2607,1265,1342
210,21,10,1606200,2078,1012,1066
211,21,10,1606300,1074,541,533
212,21,10,1606400,2055,1065,990
213,21,10,1606500,2172,1087,1085
214,21,10,1606600,1366,646,720
215,21,10,1606700,1424,737,687
216,21,10,1606800,1638,842,796
217,21,10,1606900,2334,1207,1127
218,21,10,1607000,3164,1513,1651
219,21,10,1607100,1277,614,663
220,21,10,1607200,606,307,299
221,21,10,1607300,666,335,331
222,21,10,1607400,2918,1351,1567
223,21,10,1607500,1085,530,555
224,21,10,1607600,1556,685,871
225,21,10,1607700,1476,712,764
226,21,10,1607800,764,354,410
227,21,10,1607900,1414,647,767
228,21,10,1608000,214,100,114
229,21,10,1608100,1651,832,819
230,21,10,1608200,973,449,524
231,21,10,1608300,0,0,0
232,21,10,1608400,2205,1007,1198
233,21,10,1608500,990,438,552
234,21,10,1608600,1482,690,792
235,21,10,1608700,756,338,418
236,21,10,1608800,443,197,246
237,21,10,1608900,942,443,499
238,21,10,1609000,3039,1460,1579
239,21,10,1609100,1642,809,833
240,21,10,1609200,2497,1117,1380
241,21,10,1609300,2103,956,1147
242,21,10,1609400,3480,1646,1834
243,21,10,1609500,818,375,443
244,21,10,1609600,810,392,418
245,21,10,1609700,1337,668,669
246,21,10,1609800,393,181,212
247,21,10,1609900,2064,981,1083
248,21,10,1610000,3958,1938,2020
249,21,10,1610100,862,432,430
250,21,10,1610200,196,90,106
251,21,10,1610300,1712,842,870
252,21,10,1610400,1537,776,761
253,21,10,1610500,1210,568,642
254,21,10,1610600,3797,1783,2014
255,21,10,1610700,804,371,433
256,21,10,1610800,1088,511,577
257,21,10,1610900,519,249,270
258,21,10,1611000,1246,572,674
259,21,10,1611100,348,153,195
260,21,10,1611200,342,155,187
261,21,10,1611300,0,0,0
262,21,10,1611400,965,442,523
263,21,10,1611500,1398,681,717
264,21,10,1611600,501,254,247
265,21,10,1611700,540,235,305
266,21,10,1611800,669,339,330
267,21,10,1611900,737,366,371
268,21,10,1612000,637,323,314
269,21,10,1612100,233,106,127
270,21,10,1612200,595,270,325
271,21,10,1612300,356,171,185
272,21,10,1612400,1420,659,761
273,21,10,1612500,1142,526,616
274,21,10,1612600,637,299,338
275,21,10,1612700,128,58,70
276,21,10,1612800,462,215,247
277,21,10,1612900,352,162,190
278,21,10,1613000,86,32,54
279,21,10,1613100,529,254,275
280,21,10,1613200,371,170,201
281,21,10,1613300,1036,501,535
282,21,10,1613400,706,338,368
283,21,10,1613500,1049,501,548
284,21,10,1613600,0,0,0
285,21,10,1613700,3720,1811,1909
286,21,10,1613800,109,52,57
287,21,10,1613900,122,55,67
288,21,10,1614000,158,67,91
289,21,10,1614100,1026,507,519
290,21,10,1614200,366,147,219
291,21,10,1614300,709,322,387
292,21,10,1614400,328,178,150
293,21,10,1614500,250,128,122
294,21,10,1614600,980,494,486
295,21,10,1614700,0,0,0
296,21,10,1614800,0,0,0
297,21,10,1614900,0,0,0
298,21,10,1615000,1058,536,522
299,21,10,1615100,1361,673,688
300,21,10,1615200,1639,789,850
301,21,10,1615300,2684,1228,1456
302,21,10,1615400,428,188,240
303,21,10,1615500,4747,2219,2528
304,21,10,1615600,5413,2684,2729
305,21,10,1615700,1727,755,972
306,21,10,1615800,871,464,407
307,21,10,1615900,1518,717,801
308,21,10,1616000,5046,2361,2685
309,21,10,1616100,3336,1484,1852
310,21,10,1616200,3525,1637,1888
311,21,10,1616300,2425,1133,1292
312,21,10,1616400,1221,534,687
313,21,10,1616500,2399,1181,1218
314,21,10,1616600,1048,454,594
315,21,10,1616700,3952,1789,2163
316,21,10,1616800,933,394,539
317,21,10,1616900,1971,981,990
318,21,10,1617000,1680,807,873
319,21,10,1617100,832,399,433
320,21,10,1617200,1409,683,726
321,21,10,1617300,1091,547,544
322,21,10,1617400,1539,741,798
323,21,10,1617500,840,428,412
324,21,10,1617600,2911,1405,1506
325,21,10,1617700,457,223,234
326,21,10,1617800,1513,755,758
327,21,10,1617900,2717,1359,1358
328,21,10,1618000,3623,1757,1866
329,21,10,1618100,525,257,268
330,21,10,1618200,1355,651,704
331,21,10,1618300,511,235,276
332,21,10,1618400,2064,993,1071
333,21,10,1618500,731,359,372
334,21,10,1618600,3475,1734,1741
335,21,10,1618700,1759,881,878
336,21,10,1618800,1108,544,564
337,21,10,1618900,570,284,286
338,21,10,1619000,225,108,117
339,21,10,1619100,157,81,76
340,21,10,1619200,1144,560,584
341,21,10,1619300,961,460,501
342,21,10,1619400,1508,732,776
343,21,10,1619500,154,69,85
344,21,10,1619600,2589,1325,1264
345,21,10,1619700,1723,829,894
346,21,10,1619800,451,234,217
347,21,10,1619900,727,334,393
348,21,10,1620000,1351,661,690
349,21,10,1620100,2379,1138,1241
350,21,10,1620200,484,243,241
351,21,10,1620300,431,195,236
352,21,10,1620400,1489,716,773
353,21,10,1620500,773,388,385
354,21,10,1620600,130,61,69
355,21,10,1620700,2068,926,1142
356,21,10,1620800,945,453,492
357,21,10,1620900,2373,1169,1204
358,21,10,1621000,1172,581,591
359,21,10,1621100,3042,1496,1546
360,21,10,1621200,0,0,0
361,21,10,1621300,1366,639,727
362,21,10,1621400,0,0,0
363,21,10,1621500,3031,1486,1545
364,21,10,1621600,882,423,459
365,21,10,1621700,0,0,0
366,21,10,1621800,1808,910,898
367,21,10,1621900,481,236,245
368,21,10,1622000,3457,1696,1761
369,21,10,1622100,3880,1868,2012
370,21,10,1622200,5736,2828,2908
371,21,10,1622300,2872,1323,1549
372,21,10,1622400,2607,1309,1298
373,21,10,1622500,1541,759,782
374,21,10,1622600,1123,543,580
375,21,10,1622700,633,314,319
376,21,10,1622800,340,155,185
377,21,10,1622900,1545,775,770
378,21,10,1623000,193,81,112
379,21,10,1623100,2917,1424,1493
380,21,10,1623200,1709,819,890
381,21,10,1623300,525,261,264
382,21,10,1623400,1361,661,700
383,21,10,1623500,432,234,198
384,21,10,1623600,248,127,121
385,21,10,1623700,618,293,325
386,21,10,1623800,380,181,199
387,21,10,1623900,738,373,365
388,21,10,1624000,949,467,482
389,21,10,1624100,761,366,395
390,21,10,1624200,588,273,315
391,21,10,1624300,663,319,344
392,21,10,1624400,503,225,278
393,21,10,1624500,696,363,333
394,21,10,1624600,269,130,139
395,21,10,1624700,335,167,168
396,21,10,1624800,559,272,287
397,21,10,1624900,821,391,430
398,21,10,1625000,1684,839,845
399,21,10,1625100,1152,560,592
400,21,10,1625200,546,268,278
401,21,10,1625300,621,328,293
402,21,10,1625400,822,415,407
403,21,10,1625500,2367,1129,1238
404,21,10,1625600,413,223,190
405,21,10,1625700,1783,888,895
406,21,10,1625800,283,132,151
407,21,10,1625900,340,161,179
408,21,10,1626000,216,95,121
409,21,10,1626100,2023,954,1069
410,21,10,1626200,2380,1189,1191
411,21,10,1626300,1035,524,511
412,21,10,1626400,1356,690,666
413,21,10,1626500,784,393,391
414,21,10,1626600,1129,549,580
415,21,10,1626700,626,318,308
416,21,10,1626800,971,450,521
417,21,10,1626900,1075,537,538
418,21,10,1627000,477,232,245
419,21,10,1627100,1172,586,586
420,21,10,1627200,1813,911,902
421,21,10,1627300,666,301,365
422,21,10,1627400,1731,831,900
423,21,10,1627500,899,423,476
424,21,10,1627600,559,279,280
425,21,10,1627700,336,164,172
426,21,10,1627800,1231,595,636
427,21,10,1627900,787,360,427
428,21,10,1628000,0,0,0
429,21,10,1628100,1092,552,540
430,21,10,1628200,0,0,0
431,21,10,1628300,738,363,375
432,21,10,1628400,1775,811,964
433,21,10,1628500,554,254,300
434,21,10,1628600,1138,547,591
435,21,10,1628700,319,167,152
436,21,10,1628800,404,210,194
437,21,10,1628900,2096,1002,1094
438,21,10,1629000,300,129,171
439,21,10,1629100,413,196,217
440,21,10,1629200,1223,621,602
441,21,10,1629300,368,180,188
442,21,10,1629400,460,228,232
443,21,10,1629500,511,265,246
444,21,10,1629600,759,381,378
445,21,10,1629700,384,184,200
446,21,10,1629800,1519,786,733
447,21,10,1629900,660,305,355
448,21,10,1630000,1952,996,956
449,21,10,1630100,519,257,262
450,21,10,1630200,939,464,475
451,21,10,1630300,405,181,224
452,21,10,1630400,429,196,233
453,21,10,1630500,885,438,447
454,21,10,1630600,262,132,130
455,21,10,1630700,512,246,266
456,21,10,1630800,614,318,296
457,21,10,1630900,277,140,137
458,21,10,1631000,738,383,355
459,21,10,1631100,1018,485,533
460,21,10,1631200,1299,647,652
461,21,10,1631300,0,0,0
462,21,10,1631400,235,123,112
463,21,10,1631500,838,398,440
464,21,10,1631600,2819,1448,1371
465,21,10,1631700,3302,1659,1643
466,21,10,1631800,2503,1289,1214
467,21,10,1631900,2326,1180,1146
468,21,10,1632000,611,290,321
469,21,10,1632100,1222,605,617
470,21,10,1632200,5581,2803,2778
471,21,10,1632300,3475,1700,1775
472,21,10,1632400,2343,1145,1198
473,21,10,1632500,2914,1327,1587
474,21,10,1632600,3681,1809,1872
475,21,10,1632700,1157,554,603
476,21,10,1632800,254,130,124
477,21,10,1632900,490,250,240
478,21,10,1633000,2500,1223,1277
479,21,10,1633100,1658,841,817
480,21,10,1633200,161,84,77
481,21,10,1633300,511,268,243
482,21,10,1633400,106,54,52
483,21,10,1633500,1688,845,843
484,21,10,1633600,1199,588,611
485,21,10,1633700,0,0,0
486,21,10,1633800,1576,728,848
487,21,10,1633900,2000,977,1023
488,21,10,1634000,899,455,444
489,21,10,1634100,698,363,335
490,21,10,1634200,4755,2380,2375
491,21,10,1634300,270,131,139
492,21,10,1634400,400,211,189
493,21,10,1634500,1821,925,896
494,21,10,1634600,1283,623,660
495,21,10,1634700,1006,509,497
496,21,10,1634800,420,207,213
497,21,10,1634900,384,192,192
498,21,10,1635000,1493,790,703
499,21,10,1635100,873,422,451
500,21,10,1635200,1151,569,582
501,21,10,1635300,825,411,414
502,21,10,1635400,371,197,174
503,21,10,1635500,2843,1483,1360
504,21,10,1635600,507,267,240
505,21,10,1635700,689,347,342
506,21,10,1635800,404,205,199
507,21,10,1635900,436,220,216
508,21,10,1636000,2327,1174,1153
509,21,10,1636100,1650,780,870
510,21,10,1636200,2462,1253,1209
511,21,10,1636300,0,0,0
512,21,10,1636400,488,243,245
513,21,10,1636500,1827,936,891
514,21,10,1636600,968,502,466
515,21,10,1636700,786,403,383
516,21,10,1636800,375,179,196
517,21,10,1636900,394,205,189
518,21,10,1637000,869,462,407
519,21,10,1637100,1147,601,546
520,21,10,1637200,1245,624,621
521,21,10,1637300,1593,790,803
522,21,10,1637400,730,396,334
523,21,10,1637500,843,408,435
524,21,10,1637600,1420,733,687
525,21,10,1637700,1017,502,515
526,21,10,1637800,762,376,386
527,21,10,1637900,77,47,30
528,21,10,1638000,471,226,245
529,21,10,1638100,1323,667,656
530,21,10,1638200,593,306,287
531,21,10,1638300,2233,1123,1110
532,21,10,1638400,788,372,416
533,21,10,1638500,44,18,26
534,21,10,1638600,652,319,333
535,21,10,1638700,242,112,130
536,21,10,1638800,390,188,202
537,21,10,1638900,816,402,414
538,21,10,1639000,273,141,132
539,21,10,1639100,670,348,322
540,21,10,1639200,900,443,457
541,21,10,1639300,648,328,320
542,21,10,1639400,350,176,174
543,21,10,1639500,338,170,168
544,21,10,1639600,559,282,277
545,21,10,1639700,294,155,139
546,21,10,1639800,116,56,60
547,21,10,1639900,1626,785,841
548,21,10,1640000,256,128,128
549,21,10,1640100,164,86,78
550,21,10,1640200,656,338,318
551,21,10,1640300,53,25,28
552,21,10,1640400,660,338,322
553,21,10,1640500,800,407,393
554,21,10,1640600,47,26,21
555,21,10,1640700,691,347,344
556,21,10,1640800,403,203,200
557,21,10,1640900,300,136,164
558,21,10,1641000,2,2,0
559,21,10,1641100,342,173,169
560,21,10,1641200,709,369,340
561,21,10,1641300,1488,761,727
562,21,10,1641400,1057,540,517
563,21,10,1641500,1525,751,774
564,21,10,1641600,1315,647,668
565,21,10,1641700,259,127,132
566,21,10,1641800,440,228,212
567,21,10,1641900,1306,681,625
568,21,10,1642000,5181,2632,2549
569,21,10,1642100,0,0,0
570,21,10,1642200,1053,525,528
571,21,10,1642300,863,450,413
572,21,10,1642400,419,201,218
573,21,10,1642500,318,154,164
574,21,10,1642600,788,411,377
575,21,10,1642700,507,259,248
576,21,10,1642800,911,453,458
577,21,10,1642900,594,330,264
578,21,10,1643000,393,209,184
579,21,10,1643100,0,0,0
580,21,10,1643200,829,398,431
581,21,10,1643300,236,116,120
582,21,10,1643400,838,430,408
583,21,10,1643500,488,232,256
584,21,10,1643600,207,97,110
585,21,10,1643700,554,273,281
586,21,10,1643800,1415,701,714
587,21,10,1643900,439,233,206
588,21,10,1644000,621,313,308
589,21,10,1644100,444,226,218
590,21,10,1644200,201,99,102
591,21,10,1644300,2456,1237,1219
592,21,10,1644400,1796,892,904
593,21,10,1644500,1120,529,591
594,21,10,1644600,1554,773,781
595,21,10,1644700,1681,846,835
596,21,10,1644800,3703,1810,1893
597,21,10,1644900,306,157,149
598,21,10,1645000,426,210,216
599,21,10,1645100,905,436,469
600,21,10,1645200,884,439,445
601,21,10,1645300,1068,519,549
602,21,10,1645400,514,244,270
603,21,10,1645500,382,191,191
604,21,10,1645600,0,0,0
605,21,10,1645700,950,457,493
606,21,10,1645800,439,210,229
607,21,10,1645900,466,243,223
608,21,10,1646000,2085,1012,1073
609,21,10,1646100,1157,614,543
610,21,10,1646200,359,181,178
611,21,10,1646300,1469,744,725
612,21,10,1646400,591,288,303
613,21,10,1646500,1084,535,549
614,21,10,1646600,1838,925,913
615,21,10,1646700,434,210,224
616,21,10,1646800,778,379,399
617,21,10,1646900,441,227,214
618,21,10,1647000,228,117,111
619,21,10,1647100,706,360,346
620,21,10,1647200,157,70,87
621,21,10,1647300,2221,1140,1081
622,21,10,1647400,2609,1337,1272
623,21,10,1647500,394,211,183
624,21,10,1647600,1249,650,599
625,21,10,1647700,2440,1217,1223
626,21,10,1647800,464,231,233
627,21,10,1647900,152,84,68
628,21,10,1648000,1125,571,554
629,21,10,1648100,4220,2171,2049
630,21,10,1648200,348,189,159
631,21,10,1648300,1236,625,611
632,21,10,1648400,1967,1016,951
633,21,10,1648500,3358,1735,1623
634,21,10,1648600,2245,1152,1093
635,21,10,1648700,514,267,247
636,21,10,1648800,2366,1206,1160
637,21,10,1648900,695,381,314
638,21,10,1649000,129,56,73
639,21,10,1649100,98,44,54
640,21,10,1649200,537,276,261
641,21,10,1649300,403,203,200
642,21,10,1649400,249,125,124
643,21,10,1649500,370,196,174
644,21,10,1649600,1349,668,681
645,21,10,1649700,361,184,177
646,21,10,1649800,694,352,342
647,21,10,1649900,526,285,241
648,21,10,1650000,380,182,198
649,21,10,1650100,471,233,238
650,21,10,1650200,667,350,317
651,21,10,1650300,3060,1587,1473
652,21,10,1650400,1467,715,752
653,21,10,1650500,236,121,115
654,21,10,1650600,436,205,231
655,21,10,1650700,984,503,481
656,21,10,1650800,143,73,70
657,21,10,1650900,842,426,416
658,21,10,1651000,1341,669,672
659,21,10,1651100,973,503,470
660,21,10,1651200,222,108,114
661,21,10,1651300,602,318,284
662,21,10,1651400,1842,947,895
663,21,10,1651500,0,0,0
664,21,10,1651600,778,402,376
665,21,10,1651700,869,432,437
666,21,10,1651800,280,140,140
667,21,10,1651900,590,295,295
668,21,10,1652000,210,105,105
669,21,10,1652100,328,157,171
670,21,10,1652200,1487,775,712
671,21,10,1652300,386,201,185
672,21,10,1652400,643,315,328
673,21,10,1652500,514,266,248
674,21,10,1652600,443,225,218
675,21,10,1652700,376,190,186
676,21,10,1652800,2895,1498,1397
677,21,10,1652900,2413,1215,1198
678,21,10,1653000,731,369,362
679,21,10,1653100,2150,1068,1082
680,21,10,1653200,446,244,202
681,21,10,1653300,1842,947,895
682,21,10,1653400,564,293,271
683,21,10,1653500,888,449,439
684,21,10,1653600,879,473,406
685,21,10,1653700,372,181,191
686,21,10,1653800,685,339,346
687,21,10,1653900,112,71,41
688,21,10,1654000,142,75,67
689,21,10,1654100,251,133,118
690,21,10,1654200,810,418,392
691,21,10,1654300,581,272,309
692,21,10,1654400,1736,881,855
693,21,10,1654500,1837,910,927
694,21,10,1654600,269,125,144
695,21,10,1654700,1491,747,744
696,21,10,1654800,460,244,216
697,21,10,1654900,31,17,14
698,21,10,1655000,678,365,313
699,21,10,1655100,692,351,341
700,21,10,1655200,1970,1000,970
701,21,10,1655300,616,323,293
702,21,10,1655400,1264,626,638
703,21,10,1655500,561,289,272
704,21,10,1655600,1316,640,676
705,21,10,1655700,52,17,35
706,21,10,1655800,409,213,196
707,21,10,1655900,2695,1366,1329
708,21,10,1656000,671,336,335
709,21,10,1656100,744,360,384
710,21,10,1656200,1926,1018,908
711,21,10,1656300,572,285,287
712,21,10,1656400,831,411,420
713,21,10,1656500,495,249,246
714,21,10,1656600,3921,1965,1956
715,21,10,1656700,615,340,275
716,21,10,1656800,210,112,98
717,21,10,1656900,579,285,294
718,21,10,1657000,704,365,339
719,21,10,1657100,0,0,0
720,21,10,1657200,147,84,63
721,21,10,1657300,26,15,11
722,21,10,1657400,774,400,374
723,21,10,1657500,1213,604,609
724,21,10,1657600,626,311,315
725,21,10,1657700,1524,751,773
726,21,10,1657800,1245,624,621
727,21,10,1657900,373,189,184
728,21,10,1658000,277,141,136
729,21,10,1658100,1286,656,630
730,21,10,1658200,613,314,299
731,21,10,1658300,256,134,122
732,21,10,1658400,1776,862,914
733,21,10,1658500,2022,1030,992
734,21,10,1658600,1028,487,541
735,21,10,1658700,3421,1689,1732
736,21,10,1658800,1024,534,490
737,21,10,1658900,1954,965,989
738,21,10,1659000,4287,2185,2102
739,21,10,1659100,1639,852,787
740,21,10,1659200,0,0,0
741,21,10,1659300,0,0,0
742,21,10,1659400,0,0,0
743,21,10,1659500,0,0,0
744,21,10,1659600,35,17,18
745,21,10,1659700,184,103,81
746,21,10,1659800,1635,841,794
747,21,10,1659900,455,237,218
748,21,10,1660000,346,175,171
749,21,10,1660100,4293,2139,2154
750,21,10,1660200,1852,1003,849
751,21,10,1660300,2928,1493,1435
752,21,10,1660400,2456,1272,1184
753,21,10,1660500,61,32,29
754,21,10,1660600,610,288,322
755,21,10,1660700,0,0,0
756,21,10,1660800,2190,1066,1124
757,21,10,1660900,555,247,308
758,21,10,1661000,36,21,15
759,21,10,1661100,150,76,74
760,21,10,1661200,415,214,201
761,21,10,1661300,481,239,242
762,21,10,1661400,2346,1224,1122
763,21,10,1661500,340,189,151
764,21,10,1661600,1219,634,585
765,21,10,1661700,714,396,318
766,21,10,1661800,85,46,39
767,21,10,1661900,1257,614,643
768,21,10,1662000,551,299,252
769,21,10,1662100,547,281,266
770,21,10,1662200,394,184,210
771,21,10,1662300,441,209,232
772,21,10,1662400,602,290,312
773,21,10,1662500,303,147,156
774,21,10,1662600,1301,635,666
775,21,10,1662700,892,438,454
776,21,10,1662800,549,262,287
777,21,10,1662900,1286,609,677
778,21,10,1663000,421,213,208
779,21,10,1663100,1484,709,775
780,21,10,1663200,706,375,331
781,21,10,1663300,1037,498,539
782,21,10,1663400,303,140,163
783,21,10,1663500,245,121,124
784,21,10,1663600,2005,993,1012
785,21,10,1663700,290,129,161
786,21,10,1663800,1272,633,639
787,21,10,1663900,2085,1016,1069
788,21,10,1664000,233,119,114
789,21,10,1664100,522,254,268
790,21,10,1664200,2180,1051,1129
791,21,10,1664300,873,442,431
792,21,10,1664400,555,266,289
793,21,10,1664500,1530,759,771
794,21,10,1664600,3289,1644,1645
795,21,10,1664700,983,504,479
796,21,10,1664800,2678,1340,1338
797,21,10,1664900,1497,788,709
798,21,10,1665000,1768,879,889
799,21,10,1665100,1228,626,602
800,21,10,1665200,2622,1358,1264
801,21,10,1665300,3321,1676,1645
802,21,10,1665400,1113,556,557
803,21,10,1665500,1352,672,680
804,21,10,1665600,1149,576,573
805,21,10,1665700,1420,727,693
806,21,10,1665800,1336,652,684
807,21,10,1665900,2090,1085,1005
808,21,10,1666000,1154,598,556
809,21,10,1666100,1453,754,699
810,21,10,1666200,4626,2305,2321
811,21,10,1666300,1201,581,620
812,21,10,1666400,1646,824,822
813,21,10,1666500,1389,735,654
814,21,10,1666600,480,247,233
815,21,10,1666700,1305,661,644
816,21,10,1666800,1475,736,739
817,21,10,1666900,1738,870,868
818,21,10,1667000,1162,587,575
819,21,10,1667100,4982,2546,2436
820,21,10,1667200,1941,1013,928
821,21,10,1667300,719,383,336
822,21,10,1667400,2280,1143,1137
823,21,10,1667500,2603,1311,1292
824,21,10,1667600,328,163,165
825,21,10,1667700,2228,1116,1112
826,21,10,1667800,2618,1359,1259
827,21,10,1667900,943,471,472
828,21,10,1668000,525,267,258
829,21,10,1668100,1875,925,950
830,21,10,1668200,400,215,185
831,21,10,1668300,1898,973,925
832,21,10,1668400,1080,538,542
833,21,10,1668500,1639,797,842
834,21,10,1668600,496,226,270
835,21,10,1668700,557,255,302
836,21,10,1668800,743,357,386
837,21,10,1668900,1917,970,947
838,21,10,1669000,341,150,191
839,21,10,1669100,867,439,428
840,21,10,1669200,462,238,224
841,21,10,1669300,666,338,328
842,21,10,1669400,1416,704,712
843,21,10,1669500,392,186,206
844,21,10,1669600,816,433,383
845,21,10,1669700,1122,577,545
846,21,10,1669800,1196,611,585
847,21,10,1669900,461,220,241
848,21,10,1670000,1024,513,511
849,21,10,1670100,2867,1426,1441
850,21,10,1670200,223,112,111
851,21,10,1670300,880,444,436
852,21,10,1670400,775,375,400
853,21,10,1670500,128,61,67
854,21,10,1670600,784,373,411
855,21,10,1670700,12,5,7
856,21,10,1670800,1065,545,520
857,21,10,1670900,0,0,0
858,21,10,1671000,518,250,268
859,21,10,1671100,292,136,156
860,21,10,1671200,1098,560,538
861,21,10,1671300,0,0,0
862,21,10,1671400,1551,774,777
863,21,10,1671500,1885,840,1045
864,21,10,1671600,317,161,156
865,21,10,1671700,1302,680,622
866,21,10,1671800,3627,1807,1820
867,21,10,1671900,612,280,332
868,21,10,1672000,0,0,0
869,21,10,1672100,605,302,303
870,21,10,1672200,1380,692,688
871,21,10,1672300,443,216,227
872,21,10,1672400,555,282,273
873,21,10,1672500,1109,568,541
874,21,10,1672600,1122,557,565
875,21,10,1672700,778,410,368
876,21,10,1672800,1290,684,606
877,21,10,1672900,81,47,34
878,21,10,1673000,1165,582,583
879,21,10,1673100,629,312,317
880,21,10,1673200,409,210,199
881,21,10,1673300,712,372,340
882,21,10,1673400,1161,570,591
883,21,10,1673500,1169,576,593
884,21,10,1673600,2119,1081,1038
885,21,10,1673700,0,0,0
886,21,10,1673800,201,96,105
887,21,10,1673900,1551,773,778
888,21,10,1674000,1988,1011,977
889,21,10,1674100,2223,1141,1082
890,21,10,1674200,560,278,282
891,21,10,1674300,1398,704,694
892,21,10,1674400,1403,691,712
893,21,10,1674500,1195,590,605
894,21,10,1674600,957,462,495
895,21,10,1674700,1910,1017,893
896,21,10,1674800,698,336,362
897,21,10,1674900,2379,1245,1134
898,21,10,1675000,1070,511,559
899,21,10,1675100,1612,828,784
900,21,10,1675200,682,348,334
901,21,10,1675300,3675,1837,1838
902,21,10,1675400,589,302,287
903,21,10,1675500,3135,1551,1584
904,21,10,1675600,1221,598,623
905,21,10,1675700,1133,565,568
906,21,10,1675800,0,0,0
907,21,10,1675900,0,0,0
908,21,10,1676000,2136,1060,1076
909,21,10,1676100,1018,506,512
910,21,10,1676200,3562,1832,1730
911,21,10,1676300,3112,1602,1510
912,21,10,1676400,2218,1149,1069
913,21,10,1676500,2257,1166,1091
914,21,10,1676600,1495,733,762
915,21,10,1676700,1980,1061,919
916,21,10,1676800,2292,1132,1160
917,21,10,1676900,1541,766,775
918,21,10,1677000,2191,1095,1096
919,21,10,1677100,3002,1554,1448
920,21,10,1677200,876,433,443
921,21,10,1677300,846,422,424
922,21,10,1677400,1616,820,796
923,21,10,1677500,1550,752,798
924,21,10,1677600,324,150,174
925,21,10,1677700,1165,576,589
926,21,10,1677800,633,299,334
927,21,10,1677900,1224,628,596
928,21,10,1678000,2078,1048,1030
929,21,10,1678100,1967,982,985
930,21,10,1678200,777,391,386
931,21,10,1678300,932,471,461
932,21,10,1678400,1004,524,480
933,21,10,1678500,461,212,249
934,21,10,1678600,414,188,226
935,21,10,1678700,296,141,155
936,21,10,1678800,2427,1217,1210
937,21,10,1678900,329,178,151
938,21,10,1679000,2175,1107,1068
939,21,10,1679100,414,207,207
940,21,10,1679200,1487,747,740
941,21,10,1679300,522,259,263
942,21,10,1679400,1391,713,678
943,21,10,1679500,2414,1185,1229
944,21,10,1679600,1451,730,721
945,21,10,1679700,246,122,124
946,21,10,1679800,661,337,324
947,21,10,1679900,1642,840,802
948,21,10,1680000,713,352,361
949,21,10,1680100,1023,529,494
950,21,10,1680200,162,76,86
951,21,10,1680300,635,303,332
952,21,10,1680400,1022,511,511
953,21,10,1680500,624,316,308
954,21,10,1680600,170,78,92
955,21,10,1680700,795,369,426
956,21,10,1680800,557,294,263
957,21,10,1680900,289,152,137
958,21,10,1681000,589,285,304
959,21,10,1681100,376,181,195
960,21,10,1681200,543,282,261
961,21,10,1681300,318,152,166
962,21,10,1681400,558,265,293
963,21,10,1681500,648,318,330
964,21,10,1681600,295,143,152
965,21,10,1681700,478,236,242
966,21,10,1681800,3998,2000,1998
967,21,10,1681900,475,234,241
968,21,10,1682000,243,110,133
969,21,10,1682100,391,178,213
970,21,10,1682200,380,184,196
971,21,10,1682300,1043,492,551
972,21,10,1682400,261,129,132
973,21,10,1682500,322,167,155
974,21,10,1682600,472,223,249
975,21,10,1682700,581,272,309
976,21,10,1682800,670,356,314
977,21,10,1682900,1931,959,972
978,21,10,1683000,581,293,288
979,21,10,1683100,351,174,177
980,21,10,1683200,1692,799,893
981,21,10,1683300,785,382,403
982,21,10,1683400,197,98,99
983,21,10,1683500,797,421,376
984,21,10,1683600,349,173,176
985,21,10,1683700,1491,717,774
986,21,10,1683800,852,431,421
987,21,10,1683900,821,403,418
988,21,10,1684000,2209,1103,1106
989,21,10,1684100,769,372,397
990,21,10,1684200,702,346,356
991,21,10,1684300,394,202,192
992,21,10,1684400,543,272,271
993,21,10,1684500,18,12,6
994,21,10,1684600,345,158,187
995,21,10,1684700,103,59,44
996,21,10,1684800,1405,668,737
997,21,10,1684900,371,182,189
998,21,10,1685000,372,167,205
999,21,10,1685100,1645,789,856
1000,21,10,1685200,1650,847,803
1001,21,10,1685300,290,141,149
1002,21,10,1685400,1869,920,949
1003,21,10,1685500,935,443,492
1004,21,10,1685600,292,141,151
1005,21,10,1685700,890,443,447
1006,21,10,1685800,753,351,402
1007,21,10,1685900,1145,546,599
1008,21,10,1686000,904,462,442
1009,21,10,1686100,1086,533,553
1010,21,10,1686200,755,370,385
1011,21,10,1686300,1221,629,592
1012,21,10,1686400,1543,776,767
1013,21,10,1686500,257,129,128
1014,21,10,1686600,1374,656,718
1015,21,10,1686700,590,289,301
1016,21,10,1686800,847,388,459
1017,21,10,1686900,1432,747,685
1018,21,10,1687000,1165,593,572
1019,21,10,1687100,820,397,423
1020,21,10,1687200,666,334,332
1021,21,10,1687300,2327,1166,1161
1022,21,10,1687400,751,383,368
1023,21,10,1687500,0,0,0
1024,21,10,1687600,946,473,473
1025,21,10,1687700,793,388,405
1026,21,10,1687800,557,277,280
1027,21,10,1687900,716,369,347
1028,21,10,1688000,1569,781,788
1029,21,10,1688100,1022,484,538
1030,21,10,1688200,4812,2489,2323
1031,21,10,1688300,984,501,483
1032,21,10,1688400,113,58,55
1033,21,10,1688500,1043,520,523
1034,21,10,1688600,0,0,0
1035,21,10,1688700,485,235,250
1036,21,10,1688800,1502,726,776
1037,21,10,1688900,1266,627,639
1038,21,10,1689000,1345,678,667
1039,21,10,1689100,751,359,392
1040,21,10,1689200,683,345,338
1041,21,10,1689300,1132,586,546
1042,21,10,1689400,390,184,206
1043,21,10,1689500,1402,723,679
1044,21,10,1689600,0,0,0
1045,21,10,1689700,932,462,470
1046,21,10,1689800,1390,728,662
1047,21,10,1689900,551,279,272
1048,21,10,1690000,528,251,277
1049,21,10,1690100,1327,679,648
1050,21,10,1690200,1634,848,786
1051,21,10,1690300,740,387,353
1052,21,10,1690400,1594,830,764
1053,21,10,1690500,795,415,380
1054,21,10,1690600,3606,1757,1849
1055,21,10,1690700,0,0,0
1056,21,10,1690800,656,341,315
1057,21,10,1690900,674,336,338
1058,21,10,1691000,8,6,2
1059,21,10,1691100,0,0,0
1060,21,10,1691200,1022,532,490
1061,21,10,1691300,109,55,54
1062,21,10,1691400,0,0,0
1063,21,10,1691500,423,212,211
1064,21,10,1691600,0,0,0
1065,21,10,1691700,0,0,0
1066,21,10,1691800,0,0,0
1067,21,10,1691900,2280,1173,1107
1068,21,10,1692000,680,347,333
1069,21,10,1692100,0,0,0
1070,21,10,1692200,814,421,393
1071,21,10,1692300,857,414,443
1072,21,10,1692400,829,410,419
1073,21,10,1692500,637,308,329
1074,21,10,1692600,485,222,263
1075,21,10,1692700,1370,668,702
1076,21,10,1692800,475,232,243
1077,21,10,1692900,453,225,228
1078,21,10,1693000,334,174,160
1079,21,10,1693100,1189,600,589
1080,21,10,1693200,1718,825,893
1081,21,10,1693300,1171,567,604
1082,21,10,1693400,684,325,359
1083,21,10,1693500,1828,898,930
1084,21,10,1693600,211,120,91
1085,21,10,1693700,7,3,4
1086,21,10,1693800,0,0,0
1087,21,10,1693900,55,29,26
1088,21,10,1694000,0,0,0
1089,21,10,1694100,1622,853,769
1090,21,10,1694200,605,311,294
1091,21,10,1694300,0,0,0
1092,21,10,1694400,410,209,201
1093,21,10,1694500,0,0,0
1094,21,10,1694600,0,0,0
1095,21,10,1694700,0,0,0
1096,21,10,1694800,0,0,0
1097,21,10,1694900,0,0,0
1098,21,10,1695000,150,71,79
1099,21,10,1695100,477,266,211
1100,21,10,1695200,258,131,127
1101,21,10,1695300,32,14,18
1102,21,10,1695400,314,151,163
1103,21,10,1695500,7650,3926,3724
1104,21,10,1695600,5008,2611,2397
1105,21,10,1695700,356,186,170
1106,21,10,1695800,728,369,359
1107,21,10,1695900,502,259,243
1108,21,10,1696000,672,322,350
1109,21,10,1696100,559,304,255
1110,21,10,1696200,869,419,450
1111,21,10,1696300,891,421,470
1112,21,10,1696400,290,158,132
1113,21,10,1696500,1260,627,633
1114,21,10,1696600,629,311,318
1115,21,10,1696700,1103,548,555
1116,21,10,1696800,1344,669,675
1117,21,10,1696900,1258,646,612
1118,21,10,1697000,436,225,211
1119,21,10,1697100,356,181,175
1120,21,10,1697200,483,243,240
1121,21,10,1697300,4081,2044,2037
1122,21,10,1697400,747,380,367
1123,21,10,1697500,1433,669,764
1124,21,10,1697600,1733,908,825
1125,21,10,1697700,1056,529,527
1126,21,10,1697800,982,454,528
1127,21,10,1697900,1087,517,570
1128,21,10,1698000,950,438,512
1129,21,10,1698100,908,438,470
1130,21,10,1698200,132,65,67
1131,21,10,1698300,155,66,89
1132,21,10,1698400,761,381,380
1133,21,10,1698500,1378,696,682
1134,21,10,1698600,2655,1312,1343
1135,21,10,1698700,411,210,201
1136,21,10,1698800,1386,648,738
1137,21,10,1698900,901,457,444
1138,21,10,1699000,349,173,176
1139,21,10,1699100,414,188,226
1140,21,10,1699200,3035,1502,1533
1141,21,10,1699300,2282,1154,1128
1142,21,10,1699400,612,316,296
1143,21,10,1699500,483,227,256
1144,21,10,1699600,595,280,315
1145,21,10,1699700,1421,728,693
1146,21,10,1699800,1475,713,762
1147,21,10,1699900,444,212,232
1148,21,10,1700000,759,376,383
1149,21,10,1700100,893,444,449
1150,21,10,1700200,2925,1518,1407
1151,21,10,1700300,592,261,331
1152,21,10,1700400,490,250,240
1153,21,10,1700500,409,225,184
1154,21,10,1700600,1854,878,976
1155,21,10,1700700,50,28,22
1156,21,10,1700800,7,3,4
1157,21,10,1700900,561,294,267
1158,21,10,1701000,885,461,424
1159,21,10,1701100,1005,509,496
1160,21,10,1701200,472,235,237
1161,21,10,1701300,1086,571,515
1162,21,10,1701400,1535,793,742
1163,21,10,1701500,347,176,171
1164,21,10,1701600,2541,1255,1286
1165,21,10,1701700,669,350,319
1166,21,10,1701800,1069,544,525
1167,21,10,1701900,950,469,481
1168,21,10,1702000,675,362,313
1169,21,10,1702100,1497,749,748
1170,21,10,1702200,737,354,383
1171,21,10,1702300,0,0,0
1172,21,10,1702400,492,251,241
1173,21,10,1702500,2351,1217,1134
1174,21,10,1702600,404,189,215
1175,21,10,1702700,2128,1087,1041
1176,21,10,1702800,506,249,257
1177,21,10,1702900,839,421,418
1178,21,10,1703000,1460,690,770
1179,21,10,1703100,547,270,277
1180,21,10,1703200,520,267,253
1181,21,10,1703300,0,0,0
1182,21,10,1703400,317,150,167
1183,21,10,1703500,0,0,0
1184,21,10,1703600,1081,532,549
1185,21,10,1703700,1368,696,672
1186,21,10,1703800,0,0,0
1187,21,10,1703900,0,0,0
1188,21,10,1704000,1310,673,637
1189,21,10,1704100,1103,567,536
1190,21,10,1704200,1462,753,709
1191,21,10,1704300,1348,669,679
1192,21,10,1704400,0,0,0
1193,21,10,1704500,1886,928,958
1194,21,10,1704600,1252,655,597
1195,21,10,1704700,0,0,0
1196,21,10,1704800,0,0,0
1197,21,10,1704900,674,327,347
1198,21,10,1705000,0,0,0
1199,21,10,1705100,4863,2547,2316
1200,21,10,1705200,5370,2810,2560
1201,21,10,1705300,461,242,219
1202,21,10,1705400,629,325,304
1203,21,10,1705500,1141,580,561
1204,21,10,1705600,0,0,0
1205,21,10,1705700,175,85,90
1206,21,10,1705800,781,396,385
1207,21,10,1705900,0,0,0
1208,21,10,1706000,66,31,35
1209,21,10,1706100,171,85,86
1210,21,10,1706200,0,0,0
1211,21,10,1706300,737,382,355
1212,21,10,1706400,2160,1097,1063
1213,21,10,1706500,1656,842,814
1214,21,10,1706600,23,15,8
1215,21,10,1706700,1129,569,560
1216,21,10,1706800,6857,3520,3337
1217,21,10,1706900,6098,3154,2944
1218,21,10,1707000,2037,1030,1007
1219,21,10,1707100,0,0,0
1220,21,10,1707200,0,0,0
1221,21,10,1707300,339,336,3
1222,21,10,1707400,262,188,74
1223,21,10,1707500,615,413,202
1224,21,10,1707600,280,280,0
1225,21,10,1707700,315,315,0
1226,21,10,1707800,4178,2172,2006
1227,21,10,1707900,3835,1994,1841
1228,21,10,1708000,794,775,19
1229,21,10,1708100,0,0,0
1230,21,10,1708200,874,404,470
1231,21,10,1708300,903,420,483
1232,21,10,1708400,97,52,45
1233,21,10,1708500,1326,650,676
1234,21,10,1708600,18,13,5
1235,21,10,1708700,357,180,177
1236,21,10,1708800,1609,783,826
1237,21,10,1708900,268,127,141
1238,21,10,1709000,446,237,209
1239,21,10,1709100,840,450,390
1240,21,10,1709200,995,496,499
1241,21,10,1709300,637,325,312
1242,21,10,1709400,703,362,341
1243,21,10,1709500,465,236,229
1244,21,10,1709600,1218,606,612
1245,21,10,1709700,990,515,475
1246,21,10,1709800,1025,517,508
1247,21,10,1709900,530,273,257
1248,21,10,1710000,356,185,171
1249,21,10,1710100,272,133,139
1250,21,10,1710200,456,236,220
1251,21,10,1710300,0,0,0
1252,21,10,1710400,0,0,0
1253,21,10,1710500,904,461,443
1254,21,10,1710600,692,373,319
1255,21,10,1710700,626,336,290
1256,21,10,1710800,696,362,334
1257,21,10,1710900,487,251,236
1258,21,10,1711000,896,488,408
1259,21,10,1711100,789,409,380
1260,21,10,1711200,748,390,358
1261,21,10,1711300,685,350,335
1262,21,10,1711400,850,430,420
1263,21,10,1711500,1174,617,557
1264,21,10,1711600,811,408,403
1265,21,10,1711700,694,340,354
1266,21,10,1711800,1092,581,511
1267,21,10,1711900,828,429,399
1268,21,10,1712000,1059,554,505
1269,21,10,1712100,1037,524,513
1270,21,10,1712200,557,289,268
1271,21,10,1712300,730,383,347
1272,21,10,1712400,407,213,194
1273,21,10,1712500,220,110,110
1274,21,10,1712600,904,473,431
1275,21,10,1712700,1519,747,772
1276,21,10,1712800,260,123,137
1277,21,10,1712900,467,232,235
1278,21,10,1713000,50,28,22
1279,21,10,1713100,54,21,33
1280,21,10,1713200,116,50,66
1281,21,10,1713300,235,122,113
1282,21,10,1713400,671,338,333
1283,21,10,1713500,0,0,0
1284,21,10,1713600,1499,789,710
1285,21,10,1713700,120,60,60
1286,21,10,1713800,201,107,94
1287,21,10,1713900,239,136,103
1288,21,10,1714000,384,209,175
1289,21,10,1714100,1013,481,532
1290,21,10,1714200,816,373,443
1291,21,10,1714300,1258,621,637
1292,21,10,1714400,696,356,340
1293,21,10,1714500,326,157,169
1294,21,10,1714600,1068,511,557
1295,21,10,1714700,257,123,134
1296,21,10,1714800,215,111,104
1297,21,10,1714900,0,0,0
1298,21,10,1715000,86,47,39
1299,21,10,1715100,371,202,169
1300,21,10,1715200,787,393,394
1301,21,10,1715300,466,234,232
1302,21,10,1715400,64,29,35
1303,21,10,1715500,174,90,84
1304,21,10,1715600,59,27,32
1305,21,10,1715700,0,0,0
1306,21,10,1715800,2,2,0
1307,21,10,1715900,25,12,13
1308,21,10,1716000,0,0,0
1309,21,10,1716100,27,15,12
1310,21,10,1716200,1513,727,786
1311,21,10,1716300,46,19,27
1312,21,10,1716400,0,0,0
1313,21,10,1716500,0,0,0
1314,21,10,1716600,581,290,291
1315,21,10,1716700,904,442,462
1316,21,10,1716800,195,105,90
1317,21,10,1716900,794,422,372
1318,21,10,1717000,6,2,4
1319,21,10,1717100,1185,586,599
1320,21,10,1717200,13,3,10
1321,21,10,1717300,0,0,0
1322,21,10,1717400,171,76,95
1323,21,10,1717500,18,13,5
1324,21,10,1717600,377,189,188
1325,21,10,1717700,1877,958,919
1326,21,10,1717800,589,271,318
1327,21,10,1717900,1199,564,635
1328,21,10,1718000,0,0,0
1329,21,10,1718100,0,0,0
1330,21,10,1718200,12,6,6
1331,21,10,1718300,234,118,116
1332,21,10,1718400,0,0,0
1333,21,10,1718500,1001,518,483
1334,21,10,1718600,460,231,229
1335,21,10,1718700,0,0,0
1336,21,10,1718800,853,420,433
1337,21,10,1718900,399,190,209
1338,21,10,1719000,463,247,216
1339,21,10,1719100,250,128,122
1340,21,10,1719200,329,162,167
1341,21,10,1719300,705,377,328
1342,21,10,1719400,65,31,34
1343,21,10,1719500,304,140,164
1344,21,10,1719600,716,372,344
1345,21,10,1719700,415,197,218
1346,21,10,1719800,2,1,1
1347,21,10,1719900,825,410,415
1348,21,10,1720000,295,150,145
1349,21,10,1720100,357,178,179
1350,21,10,1720200,163,87,76
1351,21,10,1720300,38,16,22
1352,21,10,1720400,15,8,7
1353,21,10,1720500,268,144,124
1354,21,10,1720600,644,322,322
1355,21,10,1720700,1091,549,542
1356,21,10,1720800,2454,1247,1207
1357,21,10,1720900,0,0,0
1358,21,10,1721000,0,0,0
1359,21,10,1721100,806,390,416
1360,21,10,1721200,0,0,0
1361,21,10,1721300,0,0,0
1362,21,10,1721400,0,0,0
1363,21,10,1721500,0,0,0
1364,21,10,1721600,600,307,293
1365,21,10,1721700,0,0,0
1366,21,10,1721800,211,116,95
1367,21,10,1721900,504,259,245
1368,21,10,1722000,356,170,186
1369,21,10,1722100,69,38,31
1370,21,10,1722200,0,0,0
1371,21,10,1722300,0,0,0
1372,21,10,1722400,12,4,8
1373,21,10,1722500,0,0,0
1374,21,10,1722600,730,366,364
1375,21,10,1722700,1048,525,523
1376,21,10,1722800,154,80,74
1377,21,10,1722900,428,228,200
1378,21,10,1723000,376,179,197
1379,21,10,1723100,1049,511,538
1380,21,10,1723200,728,351,377
1381,21,10,1723300,1352,651,701
1382,21,10,1723400,1391,704,687
1383,21,10,1723500,317,169,148
1384,21,10,1723600,657,322,335
1385,21,10,1723700,1104,533,571
1386,21,10,1723800,258,128,130
1387,21,10,1723900,0,0,0
1388,21,10,1724000,0,0,0
1389,21,10,1724100,525,257,268
1390,21,10,1724200,300,139,161
1391,21,10,1724300,0,0,0
1392,21,10,1724400,0,0,0
1393,21,10,1724500,300,143,157
1394,21,10,1724600,1957,976,981
1395,21,10,1724700,0,0,0
1396,21,10,1724800,3334,1624,1710
1397,21,10,1724900,867,404,463
1398,21,10,1725000,2541,1213,1328
1399,21,10,1725100,635,300,335
1400,21,10,1725200,1019,488,531
1401,21,10,1725300,0,0,0
1402,21,10,1725400,554,273,281
1403,21,10,1725500,366,179,187
1404,21,10,1725600,449,235,214
1405,21,10,1725700,898,432,466
1406,21,10,1725800,1771,852,919
1407,21,10,1725900,3916,2004,1912
1408,21,10,1726000,0,0,0
1409,21,10,1726100,1059,541,518
1410,21,10,1726200,1430,754,676
1411,21,10,1726300,2287,1154,1133
1412,21,10,1726400,851,429,422
1413,21,10,1726500,369,179,190
1414,21,10,1726600,534,246,288
1415,21,10,1726700,1108,517,591
1416,21,10,1726800,1786,924,862
1417,21,10,1726900,0,0,0
1418,21,10,1727000,666,329,337
1419,21,10,1727100,1984,978,1006
1420,21,10,1727200,1077,554,523
1421,21,10,1727300,1614,793,821
1422,21,10,1727400,866,445,421
1423,21,10,1727500,806,425,381
1424,21,10,1727600,685,340,345
1425,21,10,1727700,685,340,345
1426,21,10,1727800,1387,695,692
1427,21,10,1727900,398,205,193
1428,21,10,1728000,70,39,31
1429,21,10,1728100,1191,604,587
1430,21,10,1728200,1545,799,746
1431,21,10,1728300,570,293,277
1432,21,10,1728400,870,445,425
1433,21,10,1728500,55,27,28
1434,21,10,1728600,1077,529,548
1435,21,10,1728700,1046,533,513
1436,21,10,1728800,567,265,302
1437,21,10,1728900,371,176,195
1438,21,10,1729000,1011,485,526
1439,21,10,1729100,645,295,350
1440,21,10,1729200,342,182,160
1441,21,10,1729300,441,228,213
1442,21,10,1729400,680,334,346
1443,21,10,1729500,576,301,275
1444,21,10,1729600,767,371,396
1445,21,10,1729700,695,350,345
1446,21,10,1729800,543,280,263
1447,21,10,1729900,39,24,15
1448,21,10,1730000,0,0,0
1449,21,10,1730100,0,0,0
1450,21,10,1730200,26,13,13
1451,21,10,1730300,0,0,0
1452,21,10,1730400,551,277,274
1453,21,10,1730500,1110,561,549
1454,21,10,1730600,483,238,245
1455,21,10,1730700,535,278,257
1456,21,10,1730800,380,192,188
1457,21,10,1730900,236,118,118
1458,21,10,1731000,682,329,353
1459,21,10,1731100,330,151,179
1460,21,10,1731200,27,14,13
1461,21,10,1731300,251,123,128
1462,21,10,1731400,859,407,452
1463,21,10,1731500,0,0,0
1464,21,10,1731600,311,163,148
1465,21,10,1731700,325,167,158
1466,21,10,1731800,1015,524,491
1467,21,10,1731900,0,0,0
1468,21,10,1732000,1171,592,579
1469,21,10,1732100,913,442,471
1470,21,10,1732200,1886,942,944
1471,21,10,1732300,441,247,194
1472,21,10,1732400,1816,919,897
1473,21,10,1732500,131,59,72
1474,21,10,1732600,334,171,163
1475,21,10,1732700,255,121,134
1476,21,10,1732800,660,305,355
1477,21,10,1732900,1671,866,805
1478,21,10,1733000,1223,612,611
1479,21,10,1733100,592,313,279
1480,21,10,1733200,5087,2607,2480
1481,21,10,1733300,418,209,209
1482,21,10,1733400,1299,672,627
1483,21,10,1733500,901,467,434
1484,21,10,1733600,625,307,318
1485,21,10,1733700,0,0,0
1486,21,10,1733800,430,224,206
1487,21,10,1733900,335,173,162
1488,21,10,1734000,0,0,0
1489,21,10,1734100,762,386,376
1490,21,10,1734200,0,0,0
1491,21,10,1734300,1358,692,666
1492,21,10,1734400,996,499,497
1493,21,10,1734500,55,23,32
1494,21,10,1734600,905,454,451
1495,21,10,1734700,498,268,230
1496,21,10,1734800,0,0,0
1497,21,10,1734900,0,0,0
1498,21,10,1735000,0,0,0
1499,21,10,1735100,0,0,0
1500,21,10,1735200,0,0,0
1501,21,10,1735300,0,0,0
1502,21,10,1735400,0,0,0
1503,21,10,1735500,451,220,231
1504,21,10,1735600,1730,913,817
1505,21,10,1735700,1157,611,546
1506,21,10,1735800,467,238,229
1507,21,10,1735900,1384,701,683
1508,21,10,1736000,58,28,30
1509,21,10,1736100,591,283,308
1510,21,10,1736200,1004,513,491
1511,21,10,1736300,450,201,249
1512,21,10,1736400,223,112,111
1513,21,10,1736500,0,0,0
1514,21,10,1736600,433,203,230
1515,21,10,1736700,17,7,10
1516,21,10,1736800,1141,579,562
1517,21,10,1736900,515,265,250
1518,21,10,1737000,333,155,178
1519,21,10,1737100,598,305,293
1520,21,10,1737200,276,142,134
1521,21,10,1737300,1049,526,523
1522,21,10,1737400,27,13,14
1523,21,10,1737500,76,29,47
1524,21,10,1737600,339,169,170
1525,21,10,1737700,922,488,434
1526,21,10,1737800,460,227,233
1527,21,10,1737900,0,0,0
1528,21,10,1738000,0,0,0
1529,21,10,1738100,306,158,148
1530,21,10,1738200,4,2,2
1531,21,10,1738300,0,0,0
1532,21,10,1738400,0,0,0
1533,21,10,1738500,14,14,0
1534,21,10,1738600,0,0,0
1535,21,10,1738700,0,0,0
1536,21,10,1738800,113,54,59
1537,21,10,1738900,0,0,0
1538,21,10,1739000,0,0,0
1539,21,10,1739100,123,65,58
