,Statecode,Districtcode,VillageCode,Population,Males,Females
0,21,393,4001600,92,42,50
1,21,393,4001700,211,104,107
2,21,393,4001800,92,43,49
3,21,393,4001900,1194,593,601
4,21,393,4002000,201,106,95
5,21,393,4002100,985,454,531
6,21,393,4002200,716,355,361
7,21,393,4002300,490,229,261
8,21,393,4002400,646,329,317
9,21,393,4002500,628,318,310
10,21,393,4002600,393,212,181
11,21,393,4002700,1248,611,637
12,21,393,4002800,1031,495,536
13,21,393,4002900,575,267,308
14,21,393,4003000,942,472,470
15,21,393,4003100,1235,603,632
16,21,393,4003200,375,188,187
17,21,393,4003300,252,115,137
18,21,393,4003400,622,301,321
19,21,393,4003500,955,485,470
20,21,393,4003600,901,445,456
21,21,393,4003700,288,138,150
22,21,393,4003800,229,104,125
23,21,393,4003900,855,436,419
24,21,393,4004000,311,165,146
25,21,393,4004100,241,114,127
26,21,393,4004200,577,279,298
27,21,393,4004300,562,278,284
28,21,393,4004400,211,96,115
29,21,393,4004500,323,145,178
30,21,393,4004600,267,127,140
31,21,393,4004700,862,422,440
32,21,393,4004800,595,310,285
33,21,393,4004900,599,285,314
34,21,393,4005000,106,54,52
35,21,393,4005100,307,152,155
36,21,393,4005200,552,283,269
37,21,393,4005300,698,337,361
38,21,393,4005400,828,425,403
39,21,393,4005500,512,212,300
40,21,393,4005600,1179,552,627
41,21,393,4005700,1234,587,647
42,21,393,4005800,488,244,244
43,21,393,4005900,1223,618,605
44,21,393,4006000,667,326,341
45,21,393,4006100,985,480,505
46,21,393,4006200,156,69,87
47,21,393,4006300,148,67,81
48,21,393,4006400,575,287,288
49,21,393,4006500,668,328,340
50,21,393,4006600,288,142,146
51,21,393,4006700,72,43,29
52,21,393,4006800,1144,575,569
53,21,393,4006900,559,289,270
54,21,393,4007000,602,299,303
55,21,393,4007100,839,419,420
56,21,393,4007200,412,206,206
57,21,393,4007300,313,147,166
58,21,393,4007400,1033,564,469
59,21,393,4007500,727,372,355
60,21,393,4007600,1267,592,675
61,21,393,4007700,0,0,0
62,21,393,4007800,661,324,337
63,21,393,4007900,1189,592,597
64,21,393,4008000,318,162,156
65,21,393,4008100,927,454,473
66,21,393,4008200,507,249,258
67,21,393,4008300,528,249,279
68,21,393,4008400,778,381,397
69,21,393,4008500,1639,802,837
70,21,393,4008600,983,507,476
71,21,393,4008700,3664,1848,1816
72,21,393,4008800,949,489,460
73,21,393,4008900,431,206,225
74,21,393,4009000,205,104,101
75,21,393,4009100,2301,1165,1136
76,21,393,4009200,934,485,449
77,21,393,4009300,739,395,344
78,21,393,4009400,499,242,257
79,21,393,4009500,822,401,421
80,21,393,4009600,857,462,395
81,21,393,4009700,366,174,192
82,21,393,4009800,250,118,132
83,21,393,4009900,925,464,461
84,21,393,4010000,799,494,305
85,21,393,4010100,799,408,391
86,21,393,4010200,404,189,215
87,21,393,4010300,988,490,498
88,21,393,4010400,381,177,204
89,21,393,4010500,1179,585,594
90,21,393,4010600,442,217,225
91,21,393,4010700,5535,2826,2709
92,21,393,4010800,1195,603,592
93,21,393,4010900,552,267,285
94,21,393,4011000,358,174,184
95,21,393,4011100,1173,585,588
96,21,393,4011200,234,129,105
97,21,393,4011300,153,74,79
98,21,393,4011400,464,232,232
99,21,393,4011500,705,377,328
100,21,393,4011600,621,319,302
101,21,393,4011700,729,362,367
102,21,393,4011800,1709,863,846
103,21,393,4011900,492,248,244
104,21,393,4012000,363,174,189
105,21,393,4012100,926,477,449
106,21,393,4012200,265,119,146
107,21,393,4012300,621,290,331
108,21,393,4012400,429,206,223
109,21,393,4012500,1827,930,897
110,21,393,4012600,421,218,203
111,21,393,4012700,628,287,341
112,21,393,4012800,732,360,372
113,21,393,4012900,1445,744,701
114,21,393,4013000,574,284,290
115,21,393,4013100,126,72,54
116,21,393,4013200,162,67,95
117,21,393,4013300,316,166,150
118,21,393,4013400,381,194,187
119,21,393,4013500,638,303,335
120,21,393,4013600,808,377,431
121,21,393,4013700,985,485,500
122,21,393,4013800,493,249,244
123,21,393,4013900,605,305,300
124,21,393,4014000,226,113,113
125,21,393,4014100,465,223,242
126,21,393,4014200,782,398,384
127,21,393,4014300,71,38,33
128,21,393,4014400,915,457,458
129,21,393,4014500,579,272,307
130,21,393,4014600,592,293,299
131,21,393,4014700,506,237,269
132,21,393,4014800,444,222,222
133,21,393,4014900,807,401,406
134,21,393,4015000,214,107,107
135,21,393,4015100,1693,838,855
136,21,393,4015200,0,0,0
137,21,393,4015300,789,400,389
138,21,393,4015400,282,144,138
139,21,393,4015500,451,240,211
140,21,393,4015600,1021,476,545
141,21,393,4015700,419,208,211
142,21,393,4015800,1793,926,867
143,21,393,4015900,14,14,0
144,21,393,4016000,798,399,399
145,21,393,4016100,2351,1179,1172
146,21,393,4016200,685,314,371
147,21,393,4016300,342,181,161
148,21,393,4016400,209,107,102
149,21,393,4016500,493,234,259
150,21,393,4016600,482,235,247
151,21,393,4016700,1235,627,608
152,21,393,4016800,122,61,61
153,21,393,4016900,715,353,362
154,21,393,4017000,786,387,399
155,21,393,4017100,755,383,372
156,21,393,4017200,697,332,365
157,21,393,4017300,0,0,0
158,21,393,4017400,488,224,264
159,21,393,4017500,1176,592,584
160,21,393,4017600,1333,668,665
161,21,393,4017700,1357,644,713
162,21,393,4017800,646,334,312
163,21,393,4017900,430,208,222
164,21,393,4018000,341,177,164
165,21,393,4018100,804,388,416
166,21,393,4018200,1288,600,688
167,21,393,4018300,483,248,235
168,21,393,4018400,1006,516,490
169,21,393,4018500,48,22,26
170,21,393,4018600,835,451,384
171,21,393,4018700,303,135,168
172,21,393,4018800,302,148,154
173,21,393,4018900,1907,938,969
174,21,393,4019000,901,457,444
175,21,393,4019100,1115,563,552
176,21,393,4019200,231,108,123
177,21,393,4019300,802,422,380
178,21,393,4019400,603,308,295
179,21,393,4019500,503,236,267
180,21,393,4019600,199,106,93
181,21,393,4019700,845,431,414
182,21,393,4019800,115,60,55
183,21,393,4019900,789,404,385
184,21,393,4020000,1226,617,609
185,21,393,4020100,515,266,249
186,21,393,4020200,563,272,291
187,21,393,4020300,138,72,66
188,21,393,4020400,203,94,109
189,21,393,4020500,78,43,35
190,21,393,4020600,645,305,340
191,21,393,4020700,914,428,486
192,21,393,4020800,1260,616,644
193,21,393,4020900,618,322,296
194,21,393,4021000,1009,529,480
195,21,393,4021100,1106,534,572
196,21,393,4021200,0,0,0
197,21,393,4021300,776,388,388
198,21,393,4021400,460,232,228
199,21,393,4021500,240,112,128
200,21,393,4021600,685,353,332
201,21,393,4021700,1573,798,775
202,21,393,4021800,212,104,108
203,21,393,4021900,353,182,171
204,21,393,4022000,362,177,185
205,21,393,4022100,307,138,169
206,21,393,4022200,237,119,118
207,21,393,4022300,668,313,355
208,21,393,4022400,217,113,104
209,21,393,4022500,515,263,252
210,21,393,4022600,623,317,306
211,21,393,4022700,645,319,326
212,21,393,4022800,393,185,208
213,21,393,4022900,1640,821,819
214,21,393,4023000,485,253,232
215,21,393,4023100,540,271,269
216,21,393,4023200,240,119,121
217,21,393,4023300,413,211,202
218,21,393,4023400,2045,1078,967
219,21,393,4023500,287,143,144
220,21,393,4023600,1491,755,736
221,21,393,4023700,785,393,392
222,21,393,4023800,617,307,310
223,21,393,4023900,231,113,118
224,21,393,4024000,437,214,223
225,21,393,4024100,348,219,129
226,21,393,4024200,398,209,189
227,21,393,4024300,178,84,94
228,21,393,4024400,943,466,477
229,21,393,4024500,798,383,415
230,21,393,4024600,716,336,380
231,21,393,4024700,638,325,313
232,21,393,4024800,778,380,398
233,21,393,4024900,547,288,259
234,21,393,4025000,774,377,397
235,21,393,4025100,1495,803,692
236,21,393,4025200,1103,523,580
237,21,393,4025300,593,288,305
238,21,393,4025400,734,342,392
239,21,393,4025500,645,314,331
240,21,393,4025600,471,227,244
241,21,393,4025700,507,231,276
242,21,393,4025800,602,308,294
243,21,393,4025900,704,354,350
244,21,393,4026000,2275,1150,1125
245,21,393,4026100,1404,698,706
246,21,393,4026200,325,150,175
247,21,393,4026300,663,341,322
248,21,393,4026400,0,0,0
249,21,393,4026500,563,302,261
250,21,393,4026600,319,147,172
251,21,393,4026700,720,337,383
252,21,393,4026800,1346,632,714
253,21,393,4026900,700,332,368
254,21,393,4027000,243,104,139
255,21,393,4027100,445,201,244
256,21,393,4027200,576,289,287
257,21,393,4027300,1060,545,515
258,21,393,4027400,10344,5480,4864
259,21,393,4027500,2456,1271,1185
260,21,393,4027600,1305,628,677
261,21,393,4027700,451,222,229
262,21,393,4027800,669,331,338
263,21,393,4027900,42,18,24
264,21,393,4028000,252,132,120
265,21,393,4028100,1036,520,516
266,21,393,4028200,1026,516,510
267,21,393,4028300,769,408,361
268,21,393,4028400,1674,807,867
269,21,393,4028500,331,156,175
270,21,393,4028600,1898,963,935
271,21,393,4028700,454,232,222
272,21,393,4028800,1491,737,754
273,21,393,4028900,1079,553,526
274,21,393,4029000,1295,657,638
275,21,393,4029100,599,317,282
276,21,393,4029200,1522,752,770
277,21,393,4029300,2896,1486,1410
278,21,393,4029400,547,272,275
279,21,393,4029500,287,148,139
280,21,393,4029600,540,281,259
281,21,393,4029700,1023,504,519
282,21,393,4029800,143,79,64
283,21,393,4029900,664,313,351
284,21,393,4030000,267,124,143
285,21,393,4030100,400,196,204
286,21,393,4030200,244,136,108
287,21,393,4030300,353,168,185
288,21,393,4030400,129,73,56
289,21,393,4030500,1184,603,581
290,21,393,4030600,4401,2199,2202
291,21,393,4030700,232,124,108
292,21,393,4030800,1795,955,840
293,21,393,4030900,1452,722,730
294,21,393,4031000,1178,592,586
295,21,393,4031100,299,141,158
296,21,393,4031200,1125,564,561
297,21,393,4031300,615,308,307
298,21,393,4031400,607,299,308
299,21,393,4031500,439,229,210
300,21,393,4031600,1018,460,558
301,21,393,4031700,895,441,454
302,21,393,4031800,377,197,180
303,21,393,4031900,460,220,240
304,21,393,4032000,927,436,491
305,21,393,4032100,466,223,243
306,21,393,4032200,926,485,441
307,21,393,4032300,551,264,287
308,21,393,4032400,639,328,311
309,21,393,4032500,1418,667,751
310,21,393,4032600,1476,704,772
311,21,393,4032700,1755,874,881
312,21,393,4032800,1246,618,628
313,21,393,4032900,1699,851,848
314,21,393,4033000,3108,1563,1545
315,21,393,4033100,858,425,433
316,21,393,4033200,1123,576,547
317,21,393,4033300,477,234,243
318,21,393,4033400,652,305,347
319,21,393,4033500,993,487,506
320,21,393,4033600,787,375,412
321,21,393,4033700,3670,1795,1875
322,21,393,4033800,726,354,372
323,21,393,4033900,1591,762,829
324,21,393,4034000,945,471,474
325,21,393,4034100,548,278,270
326,21,393,4034200,1523,786,737
327,21,393,4034300,358,168,190
328,21,393,4034400,887,437,450
329,21,393,4034500,650,310,340
330,21,393,4034600,1078,536,542
331,21,393,4034700,965,487,478
332,21,393,4034800,617,306,311
333,21,393,4034900,674,311,363
334,21,393,4035000,411,209,202
335,21,393,4035100,896,452,444
336,21,393,4035200,483,220,263
337,21,393,4035300,446,236,210
338,21,393,4035400,544,276,268
339,21,393,4035500,798,411,387
340,21,393,4035600,617,288,329
341,21,393,4035700,863,392,471
342,21,393,4035800,1842,942,900
343,21,393,4035900,528,283,245
344,21,393,4036000,485,255,230
345,21,393,4036100,588,290,298
346,21,393,4036200,2278,1155,1123
347,21,393,4036300,726,357,369
348,21,393,4036400,453,230,223
349,21,393,4036500,704,357,347
350,21,393,4036600,1407,730,677
351,21,393,4036700,314,158,156
352,21,393,4036800,1220,656,564
353,21,393,4036900,497,237,260
354,21,393,4037000,588,300,288
355,21,393,4037100,682,335,347
356,21,393,4037200,3382,1738,1644
357,21,393,4037300,998,512,486
358,21,393,4037400,734,369,365
359,21,393,4037500,463,227,236
360,21,393,4037600,447,214,233
361,21,393,4037700,413,220,193
362,21,393,4037800,956,458,498
363,21,393,4037900,226,114,112
364,21,393,4038000,1418,697,721
365,21,393,4038100,997,474,523
366,21,393,4038200,807,413,394
367,21,393,4038300,1025,529,496
368,21,393,4038400,1207,597,610
369,21,393,4038500,206,107,99
370,21,393,4038600,536,250,286
371,21,393,4038700,406,206,200
372,21,393,4038800,1188,597,591
373,21,393,4038900,453,234,219
374,21,393,4039000,395,189,206
375,21,393,4039100,359,168,191
376,21,393,4039200,680,335,345
377,21,393,4039300,2059,1098,961
378,21,393,4039400,653,322,331
379,21,393,4039500,1810,921,889
380,21,393,4039600,648,317,331
381,21,393,4039700,609,258,351
382,21,393,4039800,638,263,375
383,21,393,4039900,1002,524,478
384,21,393,4040000,2207,1038,1169
385,21,393,4040100,1358,667,691
386,21,393,4040200,3768,1885,1883
387,21,393,4040300,343,179,164
388,21,393,4040400,898,466,432
389,21,393,4040500,803,387,416
390,21,393,4040600,6953,3457,3496
391,21,393,4040700,384,183,201
392,21,393,4040800,408,201,207
393,21,393,4040900,784,408,376
394,21,393,4041000,891,439,452
395,21,393,4041100,400,200,200
396,21,393,4041200,223,108,115
397,21,393,4041300,1476,761,715
398,21,393,4041400,1410,670,740
399,21,393,4041500,279,135,144
400,21,393,4041600,1287,644,643
401,21,393,4041700,278,138,140
402,21,393,4041800,2037,1048,989
403,21,393,4041900,348,176,172
404,21,393,4042000,1234,628,606
405,21,393,4042100,1044,504,540
406,21,393,4042200,671,324,347
407,21,393,4042300,1088,564,524
408,21,393,4042400,1376,670,706
409,21,393,4042500,796,399,397
410,21,393,4042600,1089,534,555
411,21,393,4042700,387,185,202
412,21,393,4042800,746,376,370
413,21,393,4042900,206,106,100
414,21,393,4043000,553,273,280
415,21,393,4043100,422,205,217
416,21,393,4043200,313,154,159
417,21,393,4043300,520,282,238
418,21,393,4043400,154,80,74
419,21,393,4043500,1108,556,552
420,21,393,4043600,571,272,299
421,21,393,4043700,535,273,262
422,21,393,4043800,948,447,501
423,21,393,4043900,1364,685,679
424,21,393,4044000,527,252,275
425,21,393,4044100,49,24,25
426,21,393,4044200,570,287,283
427,21,393,4044300,1526,746,780
428,21,393,4044400,436,197,239
429,21,393,4044500,692,352,340
430,21,393,4044600,1605,803,802
431,21,393,4044700,942,488,454
432,21,393,4044800,457,219,238
433,21,393,4044900,53,21,32
434,21,393,4045000,389,183,206
435,21,393,4045100,673,347,326
436,21,393,4045200,727,357,370
437,21,393,4045300,1596,828,768
438,21,393,4045400,648,323,325
439,21,393,4045500,635,322,313
440,21,393,4045600,206,96,110
441,21,393,4045700,700,317,383
442,21,393,4045800,408,212,196
443,21,393,4045900,1761,911,850
444,21,393,4046000,205,104,101
445,21,393,4046100,729,378,351
446,21,393,4046200,1077,527,550
447,21,393,4046300,998,493,505
448,21,393,4046400,475,248,227
449,21,393,4046500,553,263,290
450,21,393,4046600,1575,791,784
451,21,393,4046700,674,324,350
452,21,393,4046800,887,436,451
453,21,393,4046900,968,500,468
454,21,393,4047000,1113,553,560
455,21,393,4047100,359,181,178
456,21,393,4047200,784,410,374
457,21,393,4047300,975,465,510
458,21,393,4047400,1955,960,995
459,21,393,4047500,172,86,86
460,21,393,4047600,740,389,351
461,21,393,4047700,2050,1031,1019
462,21,393,4047800,258,125,133
463,21,393,4047900,518,253,265
464,21,393,4048000,317,159,158
465,21,393,4048100,895,445,450
466,21,393,4048200,592,290,302
467,21,393,4048300,967,477,490
468,21,393,4048400,755,363,392
469,21,393,4048500,804,400,404
470,21,393,4048600,322,145,177
471,21,393,4048700,319,142,177
472,21,393,4048800,423,214,209
473,21,393,4048900,1026,517,509
474,21,393,4049000,392,199,193
475,21,393,4049100,441,208,233
476,21,393,4049200,577,293,284
477,21,393,4049300,752,369,383
478,21,393,4049400,446,223,223
479,21,393,4049500,551,270,281
480,21,393,4049600,635,311,324
481,21,393,4049700,1196,602,594
482,21,393,4049800,1085,556,529
483,21,393,4049900,1503,723,780
484,21,393,4050000,462,237,225
485,21,393,4050100,355,178,177
486,21,393,4050200,908,460,448
487,21,393,4050300,1668,810,858
488,21,393,4050400,533,258,275
489,21,393,4050500,0,0,0
490,21,393,4050600,1001,500,501
491,21,393,4050700,474,231,243
492,21,393,4050800,369,176,193
493,21,393,4050900,1052,518,534
494,21,393,4051000,1745,895,850
495,21,393,4051100,390,190,200
496,21,393,4051200,2282,1132,1150
497,21,393,4051300,205,106,99
498,21,393,4051400,616,296,320
499,21,393,4051500,598,294,304
500,21,393,4051600,739,352,387
501,21,393,4051700,517,279,238
502,21,393,4051800,346,185,161
503,21,393,4051900,1793,910,883
504,21,393,4052000,856,415,441
505,21,393,4052100,1599,760,839
506,21,393,4052200,1504,751,753
507,21,393,4052300,335,167,168
508,21,393,4052400,1052,506,546
509,21,393,4052500,1185,589,596
510,21,393,4052600,1570,779,791
511,21,393,4052700,883,428,455
512,21,393,4052800,1544,785,759
513,21,393,4052900,732,353,379
514,21,393,4053000,1071,520,551
515,21,393,4053100,1333,650,683
516,21,393,4053200,1673,844,829
517,21,393,4053300,1039,546,493
518,21,393,4053400,392,179,213
519,21,393,4053500,498,255,243
520,21,393,4053600,1547,761,786
521,21,393,4053700,375,189,186
522,21,393,4053800,329,162,167
523,21,393,4053900,131,67,64
524,21,393,4054000,6494,3292,3202
525,21,393,4054100,369,191,178
526,21,393,4054200,576,303,273
527,21,393,4054300,459,235,224
528,21,393,4054400,1179,557,622
529,21,393,4054500,411,200,211
530,21,393,4054600,1587,773,814
531,21,393,4054700,1248,607,641
532,21,393,4054800,567,281,286
533,21,393,4054900,1429,712,717
534,21,393,4055000,423,222,201
535,21,393,4055100,1206,550,656
536,21,393,4055200,726,358,368
537,21,393,4055300,481,237,244
538,21,393,4055400,213,114,99
539,21,393,4055500,692,335,357
540,21,393,4055600,232,115,117
541,21,393,4055700,816,413,403
542,21,393,4055800,1119,529,590
543,21,393,4055900,716,346,370
544,21,393,4056000,253,122,131
545,21,393,4056100,1752,868,884
546,21,393,4056200,1115,550,565
547,21,393,4056300,667,326,341
548,21,393,4056400,1112,558,554
549,21,393,4056500,909,457,452
550,21,393,4056600,1826,919,907
551,21,393,4056700,2199,1123,1076
552,21,393,4056800,522,263,259
553,21,393,4056900,470,227,243
554,21,393,4057000,585,287,298
555,21,393,4057100,817,405,412
556,21,393,4057200,571,290,281
557,21,393,4057300,480,229,251
558,21,393,4057400,585,282,303
559,21,393,4057500,3038,1478,1560
560,21,393,4057600,1265,641,624
561,21,393,4057700,1781,862,919
562,21,393,4057800,2568,1272,1296
563,21,393,4057900,1977,1025,952
564,21,393,4058000,775,398,377
565,21,393,4058100,0,0,0
566,21,393,4058200,743,385,358
567,21,393,4058300,0,0,0
568,21,393,4058400,746,376,370
569,21,393,4058500,231,109,122
570,21,393,4058600,318,152,166
571,21,393,4058700,743,357,386
572,21,393,4058800,179,89,90
573,21,393,4058900,632,296,336
574,21,393,4059000,3481,1711,1770
575,21,393,4059100,0,0,0
576,21,393,4059200,966,518,448
577,21,393,4059300,515,279,236
578,21,393,4059400,331,170,161
579,21,393,4059500,1045,524,521
580,21,393,4059600,331,160,171
581,21,393,4059700,973,454,519
582,21,393,4059800,1563,753,810
583,21,393,4059900,348,176,172
584,21,393,4060000,2926,1460,1466
585,21,393,4060100,778,381,397
586,21,393,4060200,733,354,379
587,21,393,4060300,645,314,331
588,21,393,4060400,404,188,216
589,21,393,4060500,1138,580,558
590,21,393,4060600,404,213,191
591,21,393,4060700,1196,577,619
592,21,393,4060800,2442,1242,1200
593,21,393,4060900,1458,717,741
594,21,393,4061000,835,431,404
595,21,393,4061100,278,143,135
596,21,393,4061200,2711,1322,1389
597,21,393,4061300,656,316,340
598,21,393,4061400,991,511,480
599,21,393,4061500,2287,1147,1140
600,21,393,4061600,2453,1234,1219
601,21,393,4061700,203,97,106
602,21,393,4061800,621,296,325
603,21,393,4061900,303,159,144
604,21,393,4062000,227,114,113
605,21,393,4062100,691,334,357
606,21,393,4062200,1173,602,571
607,21,393,4062300,857,417,440
608,21,393,4062400,1959,965,994
609,21,393,4062500,1713,860,853
610,21,393,4062600,622,296,326
611,21,393,4062700,378,184,194
612,21,393,4062800,720,347,373
613,21,393,4062900,634,307,327
614,21,393,4063000,1579,750,829
615,21,393,4063100,1585,770,815
616,21,393,4063200,444,199,245
617,21,393,4063300,195,89,106
618,21,393,4063400,95,49,46
619,21,393,4063500,1523,762,761
620,21,393,4063600,916,454,462
621,21,393,4063700,1147,563,584
622,21,393,4063800,310,161,149
623,21,393,4063900,190,91,99
624,21,393,4064000,446,244,202
625,21,393,4064100,592,271,321
626,21,393,4064200,843,421,422
627,21,393,4064300,367,188,179
628,21,393,4064400,206,104,102
629,21,393,4064500,1417,702,715
630,21,393,4064600,203,96,107
631,21,393,4064700,1516,780,736
632,21,393,4064800,1587,809,778
633,21,393,4064900,1124,542,582
634,21,393,4065000,347,172,175
635,21,393,4065100,1989,978,1011
636,21,393,4065200,1512,752,760
637,21,393,4065300,1805,1018,787
638,21,393,4065400,471,235,236
639,21,393,4065500,786,371,415
640,21,393,4065600,775,400,375
641,21,393,4065700,2505,1265,1240
642,21,393,4065800,1013,474,539
643,21,393,4065900,1586,789,797
644,21,393,4066000,1147,563,584
645,21,393,4066100,2448,1184,1264
646,21,393,4066200,1814,892,922
647,21,393,4066300,79,49,30
648,21,393,4066400,1662,838,824
649,21,393,4066500,352,152,200
650,21,393,4066600,687,329,358
651,21,393,4066700,1279,634,645
652,21,393,4066800,259,129,130
653,21,393,4066900,2971,1477,1494
654,21,393,4067000,38,18,20
655,21,393,4067100,492,243,249
656,21,393,4067200,540,263,277
657,21,393,4067300,743,369,374
658,21,393,4067400,1704,880,824
659,21,393,4067500,820,431,389
660,21,393,4067600,290,143,147
661,21,393,4067700,352,183,169
662,21,393,4067800,605,300,305
663,21,393,4067900,2925,1492,1433
664,21,393,4068000,392,188,204
665,21,393,4068100,750,387,363
666,21,393,4068200,807,407,400
667,21,393,4068300,1578,756,822
668,21,393,4068400,1563,758,805
669,21,393,4068500,1138,582,556
670,21,393,4068600,2803,1394,1409
671,21,393,4068700,2605,1267,1338
672,21,393,4068800,1731,845,886
673,21,393,4068900,559,295,264
674,21,393,4069000,674,348,326
675,21,393,4069100,916,433,483
676,21,393,4069200,966,452,514
677,21,393,4069300,485,240,245
678,21,393,4069400,263,132,131
679,21,393,4069500,232,122,110
680,21,393,4069600,1359,684,675
681,21,393,4069700,1029,506,523
682,21,393,4069800,753,392,361
683,21,393,4069900,2079,1036,1043
684,21,393,4070000,827,435,392
685,21,393,4070100,776,378,398
686,21,393,4070200,949,469,480
687,21,393,4070300,564,266,298
688,21,393,4070400,655,305,350
689,21,393,4070500,0,0,0
690,21,393,4070600,3359,1697,1662
691,21,393,4070700,891,444,447
692,21,393,4070800,1866,930,936
693,21,393,4070900,752,366,386
694,21,393,4071000,839,433,406
695,21,393,4071100,91,37,54
696,21,393,4071200,276,149,127
697,21,393,4071300,1000,489,511
698,21,393,4071400,460,230,230
699,21,393,4071500,916,483,433
700,21,393,4071600,114,62,52
701,21,393,4071700,303,161,142
702,21,393,4071800,1656,831,825
703,21,393,4071900,281,147,134
704,21,393,4072000,84,42,42
705,21,393,4072100,1039,520,519
706,21,393,4072200,305,153,152
707,21,393,4072300,2439,1217,1222
708,21,393,4072400,336,182,154
709,21,393,4072500,1229,629,600
710,21,393,4072600,1505,789,716
711,21,393,4072700,188,99,89
712,21,393,4072800,172,91,81
713,21,393,4072900,1037,546,491
714,21,393,4073000,1727,850,877
715,21,393,4073100,308,145,163
716,21,393,4073200,529,261,268
717,21,393,4073300,329,162,167
718,21,393,4073400,94,42,52
719,21,393,4073500,634,328,306
720,21,393,4073600,744,384,360
721,21,393,4073700,1121,550,571
722,21,393,4073800,673,326,347
723,21,393,4073900,355,188,167
724,21,393,4074000,126,67,59
725,21,393,4074100,306,130,176
726,21,393,4074200,3498,1738,1760
727,21,393,4074300,922,485,437
728,21,393,4074400,0,0,0
729,21,393,4074500,809,400,409
730,21,393,4074600,0,0,0
731,21,393,4074700,1289,650,639
732,21,393,4074800,203,106,97
733,21,393,4074900,276,148,128
734,21,393,4075000,700,348,352
735,21,393,4075100,545,257,288
736,21,393,4075200,147,65,82
737,21,393,4075300,372,183,189
738,21,393,4075400,933,436,497
739,21,393,4075500,547,284,263
740,21,393,4075600,523,264,259
741,21,393,4075700,343,165,178
742,21,393,4075800,607,301,306
743,21,393,4075900,331,161,170
744,21,393,4076000,1041,499,542
745,21,393,4076100,662,324,338
746,21,393,4076200,205,102,103
747,21,393,4076300,421,209,212
748,21,393,4076400,805,405,400
749,21,393,4076500,328,183,145
750,21,393,4076600,212,95,117
751,21,393,4076700,1090,526,564
752,21,393,4076800,612,323,289
753,21,393,4076900,612,301,311
754,21,393,4077000,546,253,293
755,21,393,4077100,1025,527,498
756,21,393,4077200,1212,615,597
757,21,393,4077300,677,334,343
758,21,393,4077400,623,337,286
759,21,393,4077500,541,285,256
760,21,393,4077600,558,276,282
761,21,393,4077700,655,343,312
762,21,393,4077800,1416,702,714
763,21,393,4077900,250,119,131
764,21,393,4078000,550,279,271
765,21,393,4078100,550,266,284
766,21,393,4078200,259,124,135
767,21,393,4078300,314,147,167
768,21,393,4078400,366,195,171
769,21,393,4078500,398,200,198
770,21,393,4078600,145,83,62
771,21,393,4078700,400,195,205
772,21,393,4078800,2078,1027,1051
773,21,393,4078900,200,91,109
774,21,393,4079000,201,102,99
775,21,393,4079100,677,359,318
776,21,393,4079200,844,444,400
777,21,393,4079300,786,412,374
778,21,393,4079400,826,413,413
779,21,393,4079500,176,84,92
780,21,393,4079600,707,362,345
781,21,393,4079700,172,77,95
782,21,393,4079800,124,61,63
783,21,393,4079900,522,258,264
784,21,393,4080000,504,263,241
785,21,393,4080100,1378,723,655
786,21,393,4080200,986,506,480
787,21,393,4080300,8052,3865,4187
788,21,393,4080400,1458,766,692
789,21,393,4080500,94,44,50
790,21,393,4080600,1237,623,614
791,21,393,4080700,237,122,115
792,21,393,4080800,563,281,282
793,21,393,4080900,506,278,228
794,21,393,4081000,993,517,476
795,21,393,4081100,1512,776,736
796,21,393,4081200,3372,1688,1684
797,21,393,4081300,992,524,468
798,21,393,4081400,166,91,75
799,21,393,4081500,227,104,123
800,21,393,4081600,681,354,327
801,21,393,4081700,709,354,355
802,21,393,4081800,1236,621,615
803,21,393,4081900,2127,1088,1039
804,21,393,4082000,1183,586,597
805,21,393,4082100,303,161,142
806,21,393,4082200,534,276,258
807,21,393,4082300,925,460,465
808,21,393,4082400,1586,810,776
809,21,393,4082500,533,270,263
810,21,393,4082600,406,209,197
811,21,393,4082700,782,381,401
812,21,393,4082800,1068,528,540
813,21,393,4082900,1375,686,689
814,21,393,4083000,464,240,224
815,21,393,4083100,709,362,347
816,21,393,4083200,1002,507,495
817,21,393,4083300,845,435,410
818,21,393,4083400,1818,902,916
819,21,393,4083500,1164,562,602
820,21,393,4083600,674,335,339
821,21,393,4083700,442,222,220
822,21,393,4083800,313,153,160
823,21,393,4083900,301,160,141
824,21,393,4084000,83,43,40
825,21,393,4084100,226,112,114
826,21,393,4084200,902,452,450
827,21,393,4084300,279,150,129
828,21,393,4084400,97,54,43
829,21,393,4084500,983,483,500
830,21,393,4084600,406,212,194
831,21,393,4084700,2441,1246,1195
832,21,393,4084800,1438,710,728
833,21,393,4084900,390,200,190
834,21,393,4085000,1285,673,612
835,21,393,4085100,577,295,282
836,21,393,4085200,641,319,322
837,21,393,4085300,574,279,295
838,21,393,4085400,513,272,241
839,21,393,4085500,1928,966,962
840,21,393,4085600,271,147,124
841,21,393,4085700,306,172,134
842,21,393,4085800,740,371,369
843,21,393,4085900,477,241,236
844,21,393,4086000,722,376,346
845,21,393,4086100,761,378,383
846,21,393,4086200,490,230,260
847,21,393,4086300,340,158,182
848,21,393,4086400,609,301,308
849,21,393,4086500,652,324,328
850,21,393,4086600,1256,644,612
851,21,393,4086700,739,375,364
852,21,393,4086800,1447,740,707
853,21,393,4086900,703,352,351
854,21,393,4087000,967,493,474
855,21,393,4087100,553,283,270
856,21,393,4087200,849,421,428
857,21,393,4087300,2331,1197,1134
858,21,393,4087400,620,334,286
859,21,393,4087500,370,185,185
860,21,393,4087600,1474,739,735
861,21,393,4087700,2439,1190,1249
862,21,393,4087800,586,293,293
863,21,393,4087900,2493,1240,1253
864,21,393,4088000,576,293,283
865,21,393,4088100,2363,1208,1155
866,21,393,4088200,773,360,413
867,21,393,4088300,782,392,390
868,21,393,4088400,1842,939,903
869,21,393,4088500,0,0,0
870,21,393,4088600,0,0,0
871,21,393,4088700,0,0,0
872,21,393,4088800,657,308,349
873,21,393,4088900,581,305,276
874,21,393,4089000,773,401,372
875,21,393,4089100,1713,852,861
876,21,393,4089200,600,300,300
877,21,393,4089300,1559,805,754
878,21,393,4089400,722,365,357
879,21,393,4089500,955,489,466
880,21,393,4089600,2288,1167,1121
881,21,393,4089700,3415,1731,1684
882,21,393,4089800,1161,581,580
883,21,393,4089900,336,178,158
884,21,393,4090000,319,166,153
885,21,393,4090100,1065,513,552
886,21,393,4090200,1013,493,520
887,21,393,4090300,749,372,377
888,21,393,4090400,985,485,500
889,21,393,4090500,7133,4135,2998
890,21,393,4090600,482,226,256
891,21,393,4090700,197,101,96
892,21,393,4090800,995,507,488
893,21,393,4090900,664,319,345
894,21,393,4091000,300,137,163
895,21,393,4091100,1018,492,526
896,21,393,4091200,617,314,303
897,21,393,4091300,1238,641,597
898,21,393,4091400,996,498,498
899,21,393,4091500,880,457,423
900,21,393,4091600,3528,1809,1719
901,21,393,4091700,1464,726,738
902,21,393,4091800,423,222,201
903,21,393,4091900,737,376,361
904,21,393,4092000,3543,1805,1738
905,21,393,4092100,629,314,315
906,21,393,4092200,766,366,400
907,21,393,4092300,768,367,401
908,21,393,4092400,362,195,167
909,21,393,4092500,918,474,444
910,21,393,4092600,1047,493,554
911,21,393,4092700,702,362,340
912,21,393,4092800,294,154,140
913,21,393,4092900,0,0,0
914,21,393,4093000,4424,2242,2182
915,21,393,4093100,415,212,203
916,21,393,4093200,967,492,475
917,21,393,4093300,534,264,270
918,21,393,4093400,1641,792,849
919,21,393,4093500,1160,571,589
920,21,393,4093600,469,224,245
921,21,393,4093700,723,378,345
922,21,393,4093800,494,257,237
923,21,393,4093900,444,224,220
924,21,393,4094000,203,101,102
925,21,393,4094100,1839,925,914
926,21,393,4094200,299,153,146
927,21,393,4094300,1147,565,582
928,21,393,4094400,552,275,277
929,21,393,4094500,1990,1012,978
930,21,393,4094600,1519,782,737
931,21,393,4094700,855,428,427
932,21,393,4094800,949,477,472
933,21,393,4094900,721,347,374
934,21,393,4095000,597,310,287
935,21,393,4095100,986,429,557
936,21,393,4095200,0,0,0
937,21,393,4095300,722,360,362
938,21,393,4095400,436,212,224
939,21,393,4095500,819,407,412
940,21,393,4095600,1315,657,658
941,21,393,4095700,740,358,382
942,21,393,4095800,645,323,322
943,21,393,4095900,881,431,450
944,21,393,4096000,963,462,501
945,21,393,4096100,874,439,435
946,21,393,4096200,375,194,181
947,21,393,4096300,1305,674,631
948,21,393,4096400,822,365,457
949,21,393,4096500,2176,1124,1052
950,21,393,4096600,734,375,359
951,21,393,4096700,2682,1334,1348
952,21,393,4096800,717,360,357
953,21,393,4096900,195,106,89
954,21,393,4097000,316,150,166
955,21,393,4097100,714,376,338
956,21,393,4097200,568,303,265
957,21,393,4097300,635,334,301
958,21,393,4097400,433,213,220
959,21,393,4097500,0,0,0
960,21,393,4097600,1276,618,658
961,21,393,4097700,353,176,177
962,21,393,4097800,539,284,255
963,21,393,4097900,445,234,211
964,21,393,4098000,1845,939,906
965,21,393,4098100,1090,527,563
966,21,393,4098200,421,219,202
967,21,393,4098300,385,195,190
968,21,393,4098400,346,159,187
969,21,393,4098500,587,300,287
970,21,393,4098600,446,231,215
971,21,393,4098700,446,229,217
972,21,393,4098800,627,318,309
973,21,393,4098900,567,267,300
974,21,393,4099000,0,0,0
975,21,393,4099100,1012,490,522
976,21,393,4099200,383,190,193
977,21,393,4099300,568,289,279
978,21,393,4099400,1039,528,511
979,21,393,4099500,1320,652,668
980,21,393,4099600,130,62,68
981,21,393,4099700,220,94,126
982,21,393,4099800,1253,639,614
983,21,393,4099900,470,242,228
984,21,393,4100000,129,65,64
985,21,393,4100100,604,299,305
986,21,393,4100200,278,135,143
987,21,393,4100300,852,419,433
988,21,393,4100400,2051,1031,1020
989,21,393,4100500,1476,746,730
990,21,393,4100600,258,148,110
991,21,393,4100700,329,179,150
992,21,393,4100800,1734,886,848
993,21,393,4100900,331,171,160
994,21,393,4101000,2013,1036,977
995,21,393,4101100,1328,675,653
996,21,393,4101200,1159,563,596
997,21,393,4101300,656,326,330
998,21,393,4101400,838,424,414
999,21,393,4101500,630,323,307
1000,21,393,4101600,862,437,425
1001,21,393,4101700,656,329,327
1002,21,393,4101800,481,243,238
1003,21,393,4101900,855,440,415
1004,21,393,4102000,1052,541,511
1005,21,393,4102100,362,178,184
1006,21,393,4102200,817,410,407
1007,21,393,4102300,645,317,328
1008,21,393,4102400,615,303,312
1009,21,393,4102500,1166,585,581
1010,21,393,4102600,918,470,448
1011,21,393,4102700,511,264,247
1012,21,393,4102800,745,353,392
1013,21,393,4102900,698,348,350
1014,21,393,4103000,638,318,320
1015,21,393,4103100,943,465,478
1016,21,393,4103200,1183,574,609
1017,21,393,4103300,911,462,449
1018,21,393,4103400,385,203,182
1019,21,393,4103500,1393,693,700
1020,21,393,4103600,236,120,116
1021,21,393,4103700,275,141,134
1022,21,393,4103800,2602,1323,1279
1023,21,393,4103900,1452,745,707
1024,21,393,4104000,1101,546,555
1025,21,393,4104100,1400,751,649
1026,21,393,4104200,567,275,292
1027,21,393,4104300,1506,774,732
1028,21,393,4104400,729,394,335
1029,21,393,4104500,3417,1688,1729
1030,21,393,4104600,2622,1370,1252
1031,21,393,4104700,1190,634,556
1032,21,393,4104800,1425,729,696
1033,21,393,4104900,843,439,404
1034,21,393,4105000,3304,1647,1657
1035,21,393,4105100,562,285,277
1036,21,393,4105200,1641,825,816
1037,21,393,4105300,1254,661,593
1038,21,393,4105400,1007,498,509
1039,21,393,4105500,963,472,491
1040,21,393,4105600,615,314,301
1041,21,393,4105700,667,301,366
1042,21,393,4105800,307,162,145
1043,21,393,4105900,810,405,405
1044,21,393,4106000,1565,793,772
1045,21,393,4106100,299,150,149
1046,21,393,4106200,639,319,320
1047,21,393,4106300,589,303,286
1048,21,393,4106400,889,425,464
1049,21,393,4106500,1208,574,634
1050,21,393,4106600,381,197,184
1051,21,393,4106700,1008,499,509
1052,21,393,4106800,411,217,194
1053,21,393,4106900,559,264,295
1054,21,393,4107000,405,199,206
1055,21,393,4107100,2920,1474,1446
1056,21,393,4107200,1854,916,938
1057,21,393,4107300,534,258,276
1058,21,393,4107400,1027,513,514
1059,21,393,4107500,869,444,425
1060,21,393,4107600,376,195,181
1061,21,393,4107700,938,485,453
1062,21,393,4107800,681,334,347
1063,21,393,4107900,300,154,146
1064,21,393,4108000,1307,645,662
1065,21,393,4108100,448,232,216
1066,21,393,4108200,1440,730,710
1067,21,393,4108300,355,182,173
1068,21,393,4108400,1301,639,662
1069,21,393,4108500,1037,535,502
1070,21,393,4108600,2374,1228,1146
1071,21,393,4108700,655,353,302
1072,21,393,4108800,733,360,373
1073,21,393,4108900,710,360,350
1074,21,393,4109000,602,293,309
1075,21,393,4109100,1074,540,534
1076,21,393,4109200,176,91,85
1077,21,393,4109300,722,377,345
1078,21,393,4109400,3162,1617,1545
1079,21,393,4109500,785,395,390
1080,21,393,4109600,522,244,278
1081,21,393,4109700,1365,793,572
1082,21,393,4109800,5900,3108,2792
1083,21,393,4109900,1550,767,783
1084,21,393,4110000,470,229,241
1085,21,393,4110100,335,171,164
1086,21,393,4110200,129,69,60
1087,21,393,4110300,398,203,195
1088,21,393,4110400,1708,843,865
1089,21,393,4110500,600,284,316
1090,21,393,4110600,948,475,473
1091,21,393,4110700,534,261,273
1092,21,393,4110800,913,441,472
1093,21,393,4110900,668,339,329
1094,21,393,4111000,435,223,212
1095,21,393,4111100,1207,627,580
1096,21,393,4111200,564,278,286
1097,21,393,4111300,469,220,249
1098,21,393,4111400,466,223,243
1099,21,393,4111500,326,158,168
1100,21,393,4111600,1188,595,593
1101,21,393,4111700,699,341,358
1102,21,393,4111800,797,401,396
1103,21,393,4111900,1106,557,549
1104,21,393,4112000,878,423,455
1105,21,393,4112100,563,275,288
1106,21,393,4112200,1059,534,525
1107,21,393,4112300,487,241,246
1108,21,393,4112400,1211,615,596
1109,21,393,4112500,3088,1534,1554
1110,21,393,4112600,844,417,427
1111,21,393,4112700,1738,891,847
1112,21,393,4112800,2370,1202,1168
1113,21,393,4112900,370,182,188
1114,21,393,4113000,1184,598,586
1115,21,393,4113100,700,362,338
1116,21,393,4113200,805,421,384
1117,21,393,4113300,311,147,164
1118,21,393,4113400,839,418,421
1119,21,393,4113500,581,295,286
1120,21,393,4113600,780,372,408
1121,21,393,4113700,550,275,275
1122,21,393,4113800,152,78,74
1123,21,393,4113900,143,67,76
1124,21,393,4114000,1283,671,612
1125,21,393,4114100,1609,810,799
1126,21,393,4114200,720,349,371
1127,21,393,4114300,640,331,309
1128,21,393,4114400,0,0,0
1129,21,393,4114500,342,178,164
1130,21,393,4114600,2239,1159,1080
1131,21,393,4114700,615,289,326
1132,21,393,4114800,726,372,354
1133,21,393,4114900,222,102,120
1134,21,393,4115000,653,324,329
1135,21,393,4115100,435,220,215
1136,21,393,4115200,184,96,88
1137,21,393,4115300,195,94,101
1138,21,393,4115400,303,158,145
1139,21,393,4115500,371,181,190
1140,21,393,4115600,313,161,152
1141,21,393,4115700,415,209,206
1142,21,393,4115800,495,254,241
1143,21,393,4115900,310,144,166
1144,21,393,4116000,454,229,225
1145,21,393,4116100,182,91,91
1146,21,393,4116200,219,109,110
1147,21,393,4116300,79,39,40
1148,21,393,4116400,165,74,91
1149,21,393,4116500,495,306,189
1150,21,393,4116600,317,147,170
1151,21,393,4116700,284,142,142
1152,21,393,4116800,363,195,168
1153,21,393,4116900,490,257,233
1154,21,393,4117000,0,0,0
1155,21,393,4117100,143,63,80
1156,21,393,4117200,300,141,159
1157,21,393,4117300,2245,1125,1120
1158,21,393,4117400,234,125,109
1159,21,393,4117500,476,240,236
1160,21,393,4117600,406,202,204
1161,21,393,4117700,641,310,331
1162,21,393,4117800,620,296,324
1163,21,393,4117900,390,194,196
1164,21,393,4118000,459,222,237
1165,21,393,4118100,232,119,113
1166,21,393,4118200,1891,954,937
1167,21,393,4118300,1565,752,813
1168,21,393,4118400,522,261,261
1169,21,393,4118500,322,167,155
1170,21,393,4118600,332,168,164
1171,21,393,4118700,360,174,186
1172,21,393,4118800,100,50,50
1173,21,393,4118900,247,120,127
1174,21,393,4119000,527,265,262
1175,21,393,4119100,1255,600,655
1176,21,393,4119200,300,149,151
1177,21,393,4119300,3843,1902,1941
1178,21,393,4119400,1342,693,649
1179,21,393,4119500,1013,504,509
1180,21,393,4119600,563,282,281
1181,21,393,4119700,213,101,112
1182,21,393,4119800,825,408,417
1183,21,393,4119900,480,241,239
1184,21,393,4120000,217,102,115
1185,21,393,4120100,439,219,220
1186,21,393,4120200,355,165,190
1187,21,393,4120300,271,138,133
1188,21,393,4120400,398,205,193
1189,21,393,4120500,389,191,198
1190,21,393,4120600,936,460,476
1191,21,393,4120700,503,243,260
1192,21,393,4120800,1743,866,877
1193,21,393,4120900,1242,641,601
1194,21,393,4121000,1857,916,941
1195,21,393,4121100,891,447,444
1196,21,393,4121200,1480,720,760
1197,21,393,4121300,1235,621,614
1198,21,393,4121400,433,226,207
1199,21,393,4121500,611,305,306
1200,21,393,4121600,336,166,170
1201,21,393,4121700,726,367,359
1202,21,393,4121800,1242,641,601
1203,21,393,4121900,734,389,345
1204,21,393,4122000,306,147,159
1205,21,393,4122100,539,276,263
1206,21,393,4122200,112,49,63
1207,21,393,4122300,504,252,252
1208,21,393,4122400,177,86,91
1209,21,393,4122500,172,86,86
1210,21,393,4122600,1212,603,609
1211,21,393,4122700,278,129,149
1212,21,393,4122800,692,325,367
1213,21,393,4122900,454,226,228
1214,21,393,4123000,452,231,221
1215,21,393,4123100,466,229,237
1216,21,393,4123200,2127,1041,1086
1217,21,393,4123300,662,352,310
1218,21,393,4123400,342,177,165
1219,21,393,4123500,936,495,441
1220,21,393,4123600,247,131,116
1221,21,393,4123700,289,159,130
1222,21,393,4123800,229,106,123
1223,21,393,4123900,97,47,50
1224,21,393,4124000,339,179,160
1225,21,393,4124100,287,137,150
1226,21,393,4124200,856,429,427
1227,21,393,4124300,475,253,222
1228,21,393,4124400,120,62,58
1229,21,393,4124500,418,201,217
1230,21,393,4124600,208,95,113
1231,21,393,4124700,693,358,335
1232,21,393,4124800,618,290,328
1233,21,393,4124900,490,249,241
1234,21,393,4125000,408,200,208
1235,21,393,4125100,235,112,123
1236,21,393,4125200,693,349,344
1237,21,393,4125300,1370,684,686
1238,21,393,4125400,407,200,207
1239,21,393,4125500,1126,563,563
1240,21,393,4125600,472,235,237
1241,21,393,4125700,399,213,186
1242,21,393,4125800,1202,582,620
1243,21,393,4125900,1855,934,921
1244,21,393,4126000,1131,580,551
1245,21,393,4126100,266,131,135
1246,21,393,4126200,856,431,425
1247,21,393,4126300,230,106,124
1248,21,393,4126400,2982,1471,1511
1249,21,393,4126500,527,242,285
1250,21,393,4126600,845,423,422
1251,21,393,4126700,1193,600,593
1252,21,393,4126800,586,302,284
1253,21,393,4126900,69,32,37
1254,21,393,4127000,1085,536,549
1255,21,393,4127100,1183,618,565
1256,21,393,4127200,1523,807,716
1257,21,393,4127300,694,341,353
1258,21,393,4127400,646,317,329
1259,21,393,4127500,389,184,205
1260,21,393,4127600,826,413,413
1261,21,393,4127700,243,117,126
1262,21,393,4127800,852,418,434
1263,21,393,4127900,855,404,451
1264,21,393,4128000,973,497,476
1265,21,393,4128100,493,244,249
1266,21,393,4128200,2305,1187,1118
1267,21,393,4128300,662,342,320
1268,21,393,4128400,485,223,262
1269,21,393,4128500,2225,1111,1114
1270,21,393,4128600,1851,933,918
1271,21,393,4128700,849,437,412
1272,21,393,4128800,493,244,249
1273,21,393,4128900,1679,865,814
1274,21,393,4129000,1091,567,524
1275,21,393,4129100,248,112,136
1276,21,393,4129200,2569,1302,1267
1277,21,393,4129300,92,39,53
1278,21,393,4129400,2602,1299,1303
1279,21,393,4129500,552,278,274
1280,21,393,4129600,640,326,314
1281,21,393,4129700,802,412,390
1282,21,393,4129800,745,366,379
1283,21,393,4129900,2161,1105,1056
1284,21,393,4130000,1767,895,872
1285,21,393,4130100,565,295,270
1286,21,393,4130200,362,177,185
1287,21,393,4130300,828,400,428
1288,21,393,4130400,562,275,287
1289,21,393,4130500,218,100,118
1290,21,393,4130600,529,276,253
1291,21,393,4130700,1360,648,712
1292,21,393,4130800,735,380,355
1293,21,393,4130900,1305,641,664
1294,21,393,4131000,433,209,224
1295,21,393,4131100,910,457,453
1296,21,393,4131200,834,425,409
1297,21,393,4131300,301,142,159
1298,21,393,4131400,472,234,238
1299,21,393,4131500,389,183,206
1300,21,393,4131600,5231,2687,2544
1301,21,393,4131700,199,107,92
1302,21,393,4131800,1333,675,658
1303,21,393,4131900,199,109,90
1304,21,393,4132000,883,433,450
1305,21,393,4132100,703,378,325
1306,21,393,4132200,497,259,238
1307,21,393,4132300,1499,760,739
1308,21,393,4132400,913,463,450
1309,21,393,4132500,1103,550,553
1310,21,393,4132600,556,295,261
1311,21,393,4132700,1498,752,746
1312,21,393,4132800,1366,697,669
1313,21,393,4132900,452,226,226
1314,21,393,4133000,136,71,65
1315,21,393,4133100,340,176,164
1316,21,393,4133200,787,389,398
1317,21,393,4133300,492,247,245
1318,21,393,4133400,550,271,279
1319,21,393,4133500,909,476,433
1320,21,393,4133600,490,255,235
1321,21,393,4133700,630,301,329
1322,21,393,4133800,862,419,443
1323,21,393,4133900,585,285,300
1324,21,393,4134000,235,114,121
1325,21,393,4134100,248,132,116
1326,21,393,4134200,856,431,425
1327,21,393,4134300,668,322,346
1328,21,393,4134400,452,227,225
1329,21,393,4134500,558,266,292
1330,21,393,4134600,459,222,237
1331,21,393,4134700,1050,530,520
1332,21,393,4134800,856,410,446
1333,21,393,4134900,527,264,263
1334,21,393,4135000,860,441,419
1335,21,393,4135100,326,160,166
1336,21,393,4135200,447,241,206
1337,21,393,4135300,1574,787,787
1338,21,393,4135400,773,378,395
1339,21,393,4135500,673,347,326
1340,21,393,4135600,520,270,250
1341,21,393,4135700,564,271,293
1342,21,393,4135800,950,489,461
1343,21,393,4135900,733,346,387
1344,21,393,4136000,809,418,391
1345,21,393,4136100,793,395,398
1346,21,393,4136200,436,201,235
1347,21,393,4136300,662,319,343
1348,21,393,4136400,541,273,268
1349,21,393,4136500,348,172,176
1350,21,393,4136600,628,326,302
1351,21,393,4136700,1229,595,634
1352,21,393,4136800,918,430,488
1353,21,393,4136900,892,460,432
1354,21,393,4137000,1093,534,559
1355,21,393,4137100,693,336,357
1356,21,393,4137200,904,447,457
1357,21,393,4137300,171,96,75
1358,21,393,4137400,1143,594,549
1359,21,393,4137500,3882,1965,1917
1360,21,393,4137600,1062,545,517
1361,21,393,4137700,44,20,24
1362,21,393,4137800,1294,648,646
1363,21,393,4137900,3596,1796,1800
1364,21,393,4138000,581,299,282
1365,21,393,4138100,1669,848,821
1366,21,393,4138200,71,40,31
1367,21,393,4138300,188,89,99
1368,21,393,4138400,510,249,261
1369,21,393,4138500,534,265,269
1370,21,393,4138600,744,372,372
1371,21,393,4138700,0,0,0
1372,21,393,4138800,1033,498,535
1373,21,393,4138900,751,399,352
1374,21,393,4139000,503,252,251
1375,21,393,4139100,1158,575,583
1376,21,393,4139200,1953,968,985
1377,21,393,4139300,2632,1322,1310
1378,21,393,4139400,1283,630,653
1379,21,393,4139500,1809,893,916
1380,21,393,4139600,1271,651,620
1381,21,393,4139700,968,506,462
1382,21,393,4139800,377,191,186
1383,21,393,4139900,868,433,435
1384,21,393,4140000,378,189,189
1385,21,393,4140100,2995,1523,1472
1386,21,393,4140200,862,428,434
1387,21,393,4140300,793,436,357
1388,21,393,4140400,883,422,461
1389,21,393,4140500,943,481,462
1390,21,393,4140600,405,202,203
1391,21,393,4140700,235,124,111
1392,21,393,4140800,160,83,77
1393,21,393,4140900,808,433,375
1394,21,393,4141000,495,237,258
1395,21,393,4141100,276,144,132
1396,21,393,4141200,1623,817,806
1397,21,393,4141300,1489,727,762
1398,21,393,4141400,154,77,77
1399,21,393,4141500,1049,523,526
1400,21,393,4141600,1152,565,587
1401,21,393,4141700,520,255,265
1402,21,393,4141800,1045,540,505
1403,21,393,4141900,582,296,286
1404,21,393,4142000,322,159,163
1405,21,393,4142100,1443,722,721
1406,21,393,4142200,574,250,324
1407,21,393,4142300,762,384,378
1408,21,393,4142400,1082,544,538
1409,21,393,4142500,973,512,461
1410,21,393,4142600,2076,1037,1039
1411,21,393,4142700,483,241,242
1412,21,393,4142800,634,308,326
1413,21,393,4142900,1578,838,740
1414,21,393,4143000,3399,1766,1633
1415,21,393,4143100,1582,802,780
1416,21,393,4143200,1394,686,708
1417,21,393,4143300,787,390,397
1418,21,393,4143400,871,437,434
1419,21,393,4143500,710,358,352
1420,21,393,4143600,2222,1136,1086
1421,21,393,4143700,1737,907,830
1422,21,393,4143800,1267,640,627
1423,21,393,4143900,962,490,472
1424,21,393,4144000,597,308,289
1425,21,393,4144100,2631,1383,1248
1426,21,393,4144200,1154,586,568
1427,21,393,4144300,2974,1445,1529
1428,21,393,4144400,995,506,489
1429,21,393,4144500,1098,559,539
1430,21,393,4144600,1316,653,663
1431,21,393,4144700,1555,803,752
1432,21,393,4144800,545,272,273
1433,21,393,4144900,463,242,221
1434,21,393,4145000,622,313,309
1435,21,393,4145100,1225,593,632
1436,21,393,4145200,1208,634,574
1437,21,393,4145300,694,336,358
1438,21,393,4145400,620,346,274
1439,21,393,4145500,342,162,180
1440,21,393,4145600,2666,1387,1279
1441,21,393,4145700,827,445,382
1442,21,393,4145800,1172,564,608
1443,21,393,4145900,2334,1154,1180
1444,21,393,4146000,564,300,264
1445,21,393,4146100,819,400,419
1446,21,393,4146200,1007,498,509
1447,21,393,4146300,1793,881,912
1448,21,393,4146400,875,448,427
1449,21,393,4146500,1033,534,499
1450,21,393,4146600,1131,550,581
1451,21,393,4146700,913,465,448
1452,21,393,4146800,258,118,140
1453,21,393,4146900,787,411,376
1454,21,393,4147000,673,359,314
1455,21,393,4147100,668,340,328
1456,21,393,4147200,805,406,399
1457,21,393,4147300,675,323,352
1458,21,393,4147400,694,348,346
1459,21,393,4147500,377,190,187
1460,21,393,4147600,850,417,433
1461,21,393,4147700,830,417,413
1462,21,393,4147800,957,489,468
1463,21,393,4147900,419,218,201
1464,21,393,4148000,1811,932,879
1465,21,393,4148100,863,435,428
1466,21,393,4148200,124,56,68
1467,21,393,4148300,369,184,185
1468,21,393,4148400,442,247,195
1469,21,393,4148500,1675,850,825
1470,21,393,4148600,740,393,347
1471,21,393,4148700,407,200,207
1472,21,393,4148800,1504,792,712
1473,21,393,4148900,887,457,430
1474,21,393,4149000,604,316,288
1475,21,393,4149100,1377,699,678
1476,21,393,4149200,640,346,294
1477,21,393,4149300,1050,523,527
1478,21,393,4149400,299,147,152
1479,21,393,4149500,579,279,300
1480,21,393,4149600,1235,621,614
1481,21,393,4149700,751,367,384
1482,21,393,4149800,768,387,381
1483,21,393,4149900,919,442,477
1484,21,393,4150000,337,156,181
1485,21,393,4150100,598,319,279
1486,21,393,4150200,421,200,221
1487,21,393,4150300,679,349,330
1488,21,393,4150400,556,266,290
1489,21,393,4150500,960,493,467
1490,21,393,4150600,1134,559,575
1491,21,393,4150700,634,319,315
1492,21,393,4150800,451,223,228
1493,21,393,4150900,1863,921,942
1494,21,393,4151000,283,145,138
1495,21,393,4151100,520,276,244
1496,21,393,4151200,435,226,209
1497,21,393,4151300,384,191,193
1498,21,393,4151400,598,300,298
1499,21,393,4151500,623,308,315
1500,21,393,4151600,385,206,179
1501,21,393,4151700,1529,802,727
1502,21,393,4151800,1328,686,642
1503,21,393,4151900,1177,587,590
1504,21,393,4152000,968,493,475
1505,21,393,4152100,1045,522,523
1506,21,393,4152200,2428,1260,1168
1507,21,393,4152300,2020,1029,991
1508,21,393,4152400,576,282,294
1509,21,393,4152500,388,189,199
1510,21,393,4152600,3030,1557,1473
1511,21,393,4152700,2668,1395,1273
1512,21,393,4152800,1971,996,975
1513,21,393,4152900,916,471,445
1514,21,393,4153000,1989,1013,976
1515,21,393,4153100,30,18,12
1516,21,393,4153200,984,489,495
1517,21,393,4153300,662,316,346
1518,21,393,4153400,457,223,234
1519,21,393,4153500,1458,753,705
1520,21,393,4153600,0,0,0
1521,21,393,4153700,668,363,305
1522,21,393,4153800,902,482,420
1523,21,393,4153900,589,282,307
1524,21,393,4154000,682,353,329
1525,21,393,4154100,1107,546,561
1526,21,393,4154200,714,353,361
1527,21,393,4154300,1018,522,496
1528,21,393,4154400,405,191,214
1529,21,393,4154500,915,459,456
1530,21,393,4154600,480,272,208
1531,21,393,4154700,399,200,199
1532,21,393,4154800,413,190,223
1533,21,393,4154900,1029,528,501
1534,21,393,4155000,436,227,209
1535,21,393,4155100,505,261,244
1536,21,393,4155200,1015,529,486
1537,21,393,4155300,811,405,406
1538,21,393,4155400,924,454,470
1539,21,393,4155500,288,142,146
1540,21,393,4155600,318,161,157
1541,21,393,4155700,535,278,257
1542,21,393,4155800,0,0,0
1543,21,393,4155900,1054,544,510
1544,21,393,4156000,856,412,444
1545,21,393,4156100,3405,1739,1666
1546,21,393,4156200,168,84,84
1547,21,393,4156300,1241,638,603
1548,21,393,4156400,755,381,374
1549,21,393,4156500,553,267,286
1550,21,393,4156600,471,241,230
1551,21,393,4156700,336,170,166
1552,21,393,4156800,248,126,122
1553,21,393,4156900,404,197,207
1554,21,393,4157000,1440,762,678
1555,21,393,4157100,974,485,489
1556,21,393,4157200,825,393,432
1557,21,393,4157300,1405,716,689
1558,21,393,4157400,2939,1509,1430
1559,21,393,4157500,331,160,171
1560,21,393,4157600,709,343,366
1561,21,393,4157700,1082,520,562
1562,21,393,4157800,1389,687,702
1563,21,393,4157900,673,346,327
1564,21,393,4158000,796,398,398
1565,21,393,4158100,1281,656,625
1566,21,393,4158200,866,428,438
1567,21,393,4158300,0,0,0
1568,21,393,4158400,811,424,387
1569,21,393,4158500,2492,1282,1210
1570,21,393,4158600,517,264,253
1571,21,393,4158700,791,392,399
1572,21,393,4158800,830,429,401
1573,21,393,4158900,2434,1261,1173
1574,21,393,4159000,797,410,387
1575,21,393,4159100,189,96,93
1576,21,393,4159200,1114,557,557
1577,21,393,4159300,372,195,177
1578,21,393,4159400,487,229,258
1579,21,393,4159500,1637,835,802
1580,21,393,4159600,419,218,201
1581,21,393,4159700,451,219,232
1582,21,393,4159800,991,495,496
1583,21,393,4159900,440,236,204
1584,21,393,4160000,1074,536,538
1585,21,393,4160100,310,150,160
1586,21,393,4160200,357,183,174
1587,21,393,4160300,991,488,503
1588,21,393,4160400,411,214,197
1589,21,393,4160500,898,454,444
1590,21,393,4160600,424,220,204
1591,21,393,4160700,511,255,256
1592,21,393,4160800,1893,951,942
1593,21,393,4160900,804,407,397
1594,21,393,4161000,825,429,396
1595,21,393,4161100,722,367,355
1596,21,393,4161200,1526,776,750
1597,21,393,4161300,548,285,263
1598,21,393,4161400,1061,524,537
1599,21,393,4161500,294,154,140
1600,21,393,4161600,635,341,294
1601,21,393,4161700,2132,1123,1009
1602,21,393,4161800,687,349,338
1603,21,393,4161900,682,357,325
1604,21,393,4162000,851,430,421
1605,21,393,4162100,790,387,403
1606,21,393,4162200,349,179,170
1607,21,393,4162300,222,119,103
1608,21,393,4162400,702,332,370
1609,21,393,4162500,278,143,135
1610,21,393,4162600,585,295,290
1611,21,393,4162700,512,261,251
1612,21,393,4162800,94,48,46
1613,21,393,4162900,77,37,40
1614,21,393,4163000,703,360,343
1615,21,393,4163100,1088,526,562
1616,21,393,4163200,1968,978,990
1617,21,393,4163300,495,244,251
1618,21,393,4163400,756,390,366
1619,21,393,4163500,437,222,215
1620,21,393,4163600,485,250,235
1621,21,393,4163700,314,162,152
1622,21,393,4163800,3282,1705,1577
1623,21,393,4163900,956,488,468
1624,21,393,4164000,359,177,182
1625,21,393,4164100,1519,766,753
1626,21,393,4164200,957,471,486
1627,21,393,4164300,1007,504,503
1628,21,393,4164400,410,208,202
1629,21,393,4164500,498,248,250
1630,21,393,4164600,705,354,351
1631,21,393,4164700,1202,587,615
1632,21,393,4164800,849,377,472
1633,21,393,4164900,411,195,216
1634,21,393,4165000,599,294,305
1635,21,393,4165100,481,229,252
1636,21,393,4165200,1147,552,595
1637,21,393,4165300,542,265,277
1638,21,393,4165400,2216,1106,1110
1639,21,393,4165500,674,318,356
1640,21,393,4165600,1532,797,735
1641,21,393,4165700,717,360,357
1642,21,393,4165800,773,389,384
1643,21,393,4165900,960,483,477
1644,21,393,4166000,2689,1329,1360
1645,21,393,4166100,1121,557,564
1646,21,393,4166200,448,248,200
1647,21,393,4166300,753,394,359
1648,21,393,4166400,954,477,477
1649,21,393,4166500,462,230,232
1650,21,393,4166600,1482,732,750
1651,21,393,4166700,1965,984,981
1652,21,393,4166800,844,410,434
1653,21,393,4166900,612,316,296
1654,21,393,4167000,326,174,152
1655,21,393,4167100,2406,1183,1223
1656,21,393,4167200,5399,2719,2680
1657,21,393,4167300,862,433,429
1658,21,393,4167400,512,281,231
1659,21,393,4167500,1593,790,803
1660,21,393,4167600,1386,684,702
1661,21,393,4167700,744,387,357
1662,21,393,4167800,2051,1049,1002
1663,21,393,4167900,700,343,357
1664,21,393,4168000,887,459,428
1665,21,393,4168100,263,132,131
1666,21,393,4168200,3214,1591,1623
1667,21,393,4168300,943,469,474
1668,21,393,4168400,656,352,304
1669,21,393,4168500,814,411,403
1670,21,393,4168600,517,275,242
1671,21,393,4168700,447,224,223
1672,21,393,4168800,400,202,198
1673,21,393,4168900,294,144,150
1674,21,393,4169000,914,457,457
1675,21,393,4169100,3288,1668,1620
1676,21,393,4169200,617,329,288
1677,21,393,4169300,1059,541,518
1678,21,393,4169400,528,278,250
1679,21,393,4169500,1721,855,866
1680,21,393,4169600,0,0,0
1681,21,393,4169700,299,145,154
1682,21,393,4169800,2248,1134,1114
1683,21,393,4169900,1382,693,689
1684,21,393,4170000,4188,2079,2109
1685,21,393,4170100,425,212,213
1686,21,393,4170200,842,405,437
1687,21,393,4170300,944,460,484
1688,21,393,4170400,1174,610,564
1689,21,393,4170500,944,466,478
1690,21,393,4170600,165,90,75
1691,21,393,4170700,4808,2424,2384
1692,21,393,4170800,602,302,300
1693,21,393,4170900,2603,1276,1327
1694,21,393,4171000,513,263,250
1695,21,393,4171100,670,355,315
1696,21,393,4171200,1498,750,748
1697,21,393,4171300,840,410,430
1698,21,393,4171400,4065,2033,2032
1699,21,393,4171500,1539,764,775
1700,21,393,4171600,936,511,425
1701,21,393,4171700,1156,581,575
1702,21,393,4171800,3252,1631,1621
1703,21,393,4171900,0,0,0
1704,21,393,4172000,598,316,282
1705,21,393,4172100,1074,517,557
1706,21,393,4172200,1505,755,750
1707,21,393,4172300,1056,516,540
1708,21,393,4172400,0,0,0
1709,21,393,4172500,0,0,0
1710,21,393,4172600,866,441,425
1711,21,393,4172700,223,115,108
1712,21,393,4172800,412,191,221
1713,21,393,4172900,301,150,151
1714,21,393,4173000,444,232,212
1715,21,393,4173100,732,355,377
1716,21,393,4173200,986,507,479
1717,21,393,4173300,530,263,267
1718,21,393,4173400,165,89,76
1719,21,393,4173500,203,112,91
1720,21,393,4173600,831,417,414
1721,21,393,4173700,1279,622,657
1722,21,393,4173800,347,196,151
1723,21,393,4173900,102,62,40
1724,21,393,4174000,849,440,409
1725,21,393,4174100,780,378,402
1726,21,393,4174200,2732,1375,1357
1727,21,393,4174300,674,323,351
1728,21,393,4174400,1766,880,886
1729,21,393,4174500,991,512,479
1730,21,393,4174600,1243,635,608
1731,21,393,4174700,0,0,0
1732,21,393,4174800,1752,914,838
1733,21,393,4174900,732,357,375
1734,21,393,4175000,567,284,283
1735,21,393,4175100,1130,535,595
1736,21,393,4175200,1346,686,660
1737,21,393,4175300,1100,567,533
1738,21,393,4175400,727,355,372
1739,21,393,4175500,850,441,409
1740,21,393,4175600,2960,1529,1431
1741,21,393,4175700,294,132,162
1742,21,393,4175800,3313,1647,1666
1743,21,393,4175900,792,405,387
1744,21,393,4176000,1401,712,689
1745,21,393,4176100,3089,1591,1498
1746,21,393,4176200,653,336,317
1747,21,393,4176300,3640,1849,1791
1748,21,393,4176400,167,79,88
1749,21,393,4176500,1509,755,754
1750,21,393,4176600,1009,500,509
1751,21,393,4176700,2386,1211,1175
1752,21,393,4176800,2666,1317,1349
1753,21,393,4176900,513,258,255
1754,21,393,4177000,589,296,293
1755,21,393,4177100,349,174,175
1756,21,393,4177200,2769,1394,1375
1757,21,393,4177300,389,194,195
1758,21,393,4177400,504,253,251
1759,21,393,4177500,214,101,113
1760,21,393,4177600,764,393,371
1761,21,393,4177700,3144,1583,1561
1762,21,393,4177800,825,430,395
1763,21,393,4177900,2123,1036,1087
1764,21,393,4178000,901,453,448
1765,21,393,4178100,7656,3869,3787
1766,21,393,4178200,802,385,417
1767,21,393,4178300,1183,585,598
1768,21,393,4178400,944,476,468
1769,21,393,4178500,1278,645,633
1770,21,393,4178600,1037,529,508
1771,21,393,4178700,283,152,131
1772,21,393,4178800,1021,526,495
1773,21,393,4178900,930,471,459
1774,21,393,4179000,825,410,415
1775,21,393,4179100,73,38,35
1776,21,393,4179200,674,340,334
1777,21,393,4179300,697,342,355
1778,21,393,4179400,857,448,409
1779,21,393,4179500,200,101,99
1780,21,393,4179600,610,314,296
1781,21,393,4179700,1229,617,612
1782,21,393,4179800,1055,523,532
1783,21,393,4179900,1440,727,713
1784,21,393,4180000,522,266,256
1785,21,393,4180100,723,363,360
1786,21,393,4180200,1202,604,598
1787,21,393,4180300,311,166,145
1788,21,393,4180400,656,357,299
1789,21,393,4180500,1156,582,574
1790,21,393,4180600,936,482,454
1791,21,393,4180700,1884,940,944
1792,21,393,4180800,1790,954,836
1793,21,393,4180900,1279,605,674
