,Statecode,Districtcode,VillageCode,Population,Males,Females
0,21,386,2722800,290,141,149
1,21,386,2722900,432,211,221
2,21,386,2723000,570,298,272
3,21,386,2723100,74,39,35
4,21,386,2723200,628,344,284
5,21,386,2723300,1462,762,700
6,21,386,2723400,316,155,161
7,21,386,2723500,137,61,76
8,21,386,2723600,1369,709,660
9,21,386,2723700,500,256,244
10,21,386,2723800,1102,552,550
11,21,386,2723900,410,206,204
12,21,386,2724000,2,2,0
13,21,386,2724100,2097,1036,1061
14,21,386,2724200,761,386,375
15,21,386,2724300,1155,612,543
16,21,386,2724400,2229,1151,1078
17,21,386,2724500,407,205,202
18,21,386,2724600,320,178,142
19,21,386,2724700,635,337,298
20,21,386,2724800,1691,849,842
21,21,386,2724900,660,339,321
22,21,386,2725000,1315,681,634
23,21,386,2725100,285,135,150
24,21,386,2725200,2,2,0
25,21,386,2725300,327,156,171
26,21,386,2725400,882,438,444
27,21,386,2725500,1118,510,608
28,21,386,2725600,107,51,56
29,21,386,2725700,0,0,0
30,21,386,2725800,2701,1343,1358
31,21,386,2725900,697,353,344
32,21,386,2726000,571,290,281
33,21,386,2726100,1979,998,981
34,21,386,2726200,299,142,157
35,21,386,2726300,353,179,174
36,21,386,2726400,183,87,96
37,21,386,2726500,199,110,89
38,21,386,2726600,765,389,376
39,21,386,2726700,0,0,0
40,21,386,2726800,366,191,175
41,21,386,2726900,416,194,222
42,21,386,2727000,191,93,98
43,21,386,2727100,895,415,480
44,21,386,2727200,754,381,373
45,21,386,2727300,811,403,408
46,21,386,2727400,275,135,140
47,21,386,2727500,501,263,238
48,21,386,2727600,565,283,282
49,21,386,2727700,774,365,409
50,21,386,2727800,521,260,261
51,21,386,2727900,382,205,177
52,21,386,2728000,480,228,252
53,21,386,2728100,836,438,398
54,21,386,2728200,1071,678,393
55,21,386,2728300,545,276,269
56,21,386,2728400,15,8,7
57,21,386,2728500,0,0,0
58,21,386,2728600,1285,662,623
59,21,386,2728700,607,309,298
60,21,386,2728800,450,229,221
61,21,386,2728900,594,302,292
62,21,386,2729000,551,264,287
63,21,386,2729100,752,397,355
64,21,386,2729200,606,323,283
65,21,386,2729300,1146,598,548
66,21,386,2729400,1386,703,683
67,21,386,2729500,1798,928,870
68,21,386,2729600,165,88,77
69,21,386,2729700,235,120,115
70,21,386,2729800,1222,625,597
71,21,386,2729900,731,368,363
72,21,386,2730000,355,169,186
73,21,386,2730100,240,113,127
74,21,386,2730200,612,326,286
75,21,386,2730300,444,220,224
76,21,386,2730400,489,271,218
77,21,386,2730500,0,0,0
78,21,386,2730600,0,0,0
79,21,386,2730700,397,219,178
80,21,386,2730800,1071,535,536
81,21,386,2730900,0,0,0
82,21,386,2731000,997,468,529
83,21,386,2731100,379,192,187
84,21,386,2731200,415,213,202
85,21,386,2731300,191,99,92
86,21,386,2731400,699,345,354
87,21,386,2731500,530,268,262
88,21,386,2731600,389,208,181
89,21,386,2731700,927,488,439
90,21,386,2731800,0,0,0
91,21,386,2731900,718,362,356
92,21,386,2732000,523,285,238
93,21,386,2732100,379,183,196
94,21,386,2732200,423,198,225
95,21,386,2732300,417,208,209
96,21,386,2732400,0,0,0
97,21,386,2732500,450,227,223
98,21,386,2732600,1125,584,541
99,21,386,2732700,1103,573,530
100,21,386,2732800,1509,807,702
101,21,386,2732900,24,10,14
102,21,386,2733000,1092,536,556
103,21,386,2733100,790,402,388
104,21,386,2733200,257,127,130
105,21,386,2733300,1954,949,1005
106,21,386,2733400,1705,850,855
107,21,386,2733500,781,410,371
108,21,386,2733600,844,423,421
109,21,386,2733700,514,261,253
110,21,386,2733800,1602,804,798
111,21,386,2733900,284,144,140
112,21,386,2734000,689,358,331
113,21,386,2734100,767,395,372
114,21,386,2734200,431,220,211
115,21,386,2734300,1819,956,863
116,21,386,2734400,4048,2095,1953
117,21,386,2734500,248,123,125
118,21,386,2734600,3046,1590,1456
119,21,386,2734700,1946,945,1001
120,21,386,2734800,339,162,177
121,21,386,2734900,176,94,82
122,21,386,2735000,0,0,0
123,21,386,2735100,92,52,40
124,21,386,2735200,576,304,272
125,21,386,2735300,479,250,229
126,21,386,2735400,587,297,290
127,21,386,2735500,235,121,114
128,21,386,2735600,0,0,0
129,21,386,2735700,3348,1709,1639
130,21,386,2735800,4175,2088,2087
131,21,386,2735900,1021,514,507
132,21,386,2736000,437,236,201
133,21,386,2736100,1607,801,806
134,21,386,2736200,737,400,337
135,21,386,2736300,0,0,0
136,21,386,2736400,0,0,0
137,21,386,2736500,383,220,163
138,21,386,2736600,542,282,260
139,21,386,2736700,2066,1061,1005
140,21,386,2736800,113,52,61
141,21,386,2736900,586,303,283
142,21,386,2737000,3,2,1
143,21,386,2737100,0,0,0
144,21,386,2737200,627,331,296
145,21,386,2737300,205,108,97
146,21,386,2737400,1014,522,492
147,21,386,2737500,1025,521,504
148,21,386,2737600,0,0,0
149,21,386,2737700,1117,565,552
150,21,386,2737800,906,467,439
151,21,386,2737900,516,248,268
152,21,386,2738000,465,227,238
153,21,386,2738100,446,227,219
154,21,386,2738200,2011,1020,991
155,21,386,2738300,983,509,474
156,21,386,2738400,389,206,183
157,21,386,2738500,1419,733,686
158,21,386,2738600,1257,639,618
159,21,386,2738700,1271,635,636
160,21,386,2738800,1532,769,763
161,21,386,2738900,1364,737,627
162,21,386,2739000,752,359,393
163,21,386,2739100,1363,713,650
164,21,386,2739200,302,152,150
165,21,386,2739300,979,513,466
166,21,386,2739400,2179,1139,1040
167,21,386,2739500,803,394,409
168,21,386,2739600,2585,1288,1297
169,21,386,2739700,1047,534,513
170,21,386,2739800,619,288,331
171,21,386,2739900,1488,745,743
172,21,386,2740000,92,38,54
173,21,386,2740100,734,393,341
174,21,386,2740200,0,0,0
175,21,386,2740300,0,0,0
176,21,386,2740400,0,0,0
177,21,386,2740500,64,32,32
178,21,386,2740600,1091,566,525
179,21,386,2740700,437,232,205
180,21,386,2740800,26,12,14
181,21,386,2740900,633,323,310
182,21,386,2741000,123,59,64
183,21,386,2741100,0,0,0
184,21,386,2741200,503,249,254
185,21,386,2741300,149,73,76
186,21,386,2741400,421,212,209
187,21,386,2741500,305,162,143
188,21,386,2741600,120,64,56
189,21,386,2741700,187,102,85
190,21,386,2741800,311,149,162
191,21,386,2741900,0,0,0
192,21,386,2742000,429,219,210
193,21,386,2742100,79,33,46
194,21,386,2742200,1525,716,809
195,21,386,2742300,436,226,210
196,21,386,2742400,360,184,176
197,21,386,2742500,501,240,261
198,21,386,2742600,451,226,225
199,21,386,2742700,930,454,476
200,21,386,2742800,879,447,432
201,21,386,2742900,312,157,155
202,21,386,2743000,744,387,357
203,21,386,2743100,1060,527,533
204,21,386,2743200,1897,963,934
205,21,386,2743300,1280,655,625
206,21,386,2743400,859,432,427
207,21,386,2743500,32,17,15
208,21,386,2743600,0,0,0
209,21,386,2743700,856,438,418
210,21,386,2743800,821,403,418
211,21,386,2743900,232,113,119
212,21,386,2744000,253,116,137
213,21,386,2744100,1453,748,705
214,21,386,2744200,482,246,236
215,21,386,2744300,115,54,61
216,21,386,2744400,0,0,0
217,21,386,2744500,0,0,0
218,21,386,2744600,508,243,265
219,21,386,2744700,1152,576,576
220,21,386,2744800,176,93,83
221,21,386,2744900,0,0,0
222,21,386,2745000,3081,1562,1519
223,21,386,2745100,647,327,320
224,21,386,2745200,481,236,245
225,21,386,2745300,1413,744,669
226,21,386,2745400,3285,1602,1683
227,21,386,2745500,579,319,260
228,21,386,2745600,913,478,435
229,21,386,2745700,1273,654,619
230,21,386,2745800,1155,608,547
231,21,386,2745900,774,390,384
232,21,386,2746000,1288,663,625
233,21,386,2746100,556,264,292
234,21,386,2746200,807,395,412
235,21,386,2746300,2360,1201,1159
236,21,386,2746400,289,149,140
237,21,386,2746500,807,425,382
238,21,386,2746600,894,454,440
239,21,386,2746700,0,0,0
240,21,386,2746800,494,247,247
241,21,386,2746900,1049,548,501
242,21,386,2747000,92,44,48
243,21,386,2747100,507,263,244
244,21,386,2747200,0,0,0
245,21,386,2747300,1645,815,830
246,21,386,2747400,1118,555,563
247,21,386,2747500,566,290,276
248,21,386,2747600,499,236,263
249,21,386,2747700,208,108,100
250,21,386,2747800,172,88,84
251,21,386,2747900,2269,1131,1138
252,21,386,2748000,1958,965,993
253,21,386,2748100,1345,692,653
254,21,386,2748200,1117,545,572
255,21,386,2748300,688,333,355
256,21,386,2748400,556,288,268
257,21,386,2748500,997,493,504
258,21,386,2748600,576,285,291
259,21,386,2748700,1285,655,630
260,21,386,2748800,86,51,35
261,21,386,2748900,100,46,54
262,21,386,2749000,122,61,61
263,21,386,2749100,835,430,405
264,21,386,2749200,745,376,369
265,21,386,2749300,573,297,276
266,21,386,2749400,121,65,56
267,21,386,2749500,5,2,3
268,21,386,2749600,695,355,340
269,21,386,2749700,803,410,393
270,21,386,2749800,492,267,225
271,21,386,2749900,762,402,360
272,21,386,2750000,843,404,439
273,21,386,2750100,390,200,190
274,21,386,2750200,156,79,77
275,21,386,2750300,262,124,138
276,21,386,2750400,437,225,212
277,21,386,2750500,1055,523,532
278,21,386,2750600,551,282,269
279,21,386,2750700,1433,739,694
280,21,386,2750800,2550,1286,1264
281,21,386,2750900,33,16,17
282,21,386,2751000,2056,1062,994
283,21,386,2751100,450,222,228
284,21,386,2751200,435,214,221
285,21,386,2751300,966,479,487
286,21,386,2751400,313,159,154
287,21,386,2751500,359,180,179
288,21,386,2751600,334,177,157
289,21,386,2751700,1230,627,603
290,21,386,2751800,2028,1042,986
291,21,386,2751900,973,480,493
292,21,386,2752000,1012,509,503
293,21,386,2752100,1210,594,616
294,21,386,2752200,957,446,511
295,21,386,2752300,577,271,306
296,21,386,2752400,642,303,339
297,21,386,2752500,739,380,359
298,21,386,2752600,1053,528,525
299,21,386,2752700,1582,803,779
300,21,386,2752800,880,453,427
301,21,386,2752900,264,144,120
302,21,386,2753000,0,0,0
303,21,386,2753100,1180,608,572
304,21,386,2753200,0,0,0
305,21,386,2753300,958,471,487
306,21,386,2753400,1202,583,619
307,21,386,2753500,563,291,272
308,21,386,2753600,1909,931,978
309,21,386,2753700,1925,958,967
310,21,386,2753800,1050,529,521
311,21,386,2753900,446,235,211
312,21,386,2754000,753,389,364
313,21,386,2754100,454,247,207
314,21,386,2754200,9,4,5
315,21,386,2754300,1684,829,855
316,21,386,2754400,1102,551,551
317,21,386,2754500,821,410,411
318,21,386,2754600,1752,888,864
319,21,386,2754700,781,381,400
320,21,386,2754800,839,421,418
321,21,386,2754900,1111,549,562
322,21,386,2755000,1700,880,820
323,21,386,2755100,676,369,307
324,21,386,2755200,2228,1117,1111
325,21,386,2755300,2324,1209,1115
326,21,386,2755400,1751,838,913
327,21,386,2755500,810,407,403
328,21,386,2755600,1815,973,842
329,21,386,2755700,611,320,291
330,21,386,2755800,1426,725,701
331,21,386,2755900,1372,681,691
332,21,386,2756000,1554,780,774
333,21,386,2756100,401,207,194
334,21,386,2756200,257,137,120
335,21,386,2756300,1427,753,674
336,21,386,2756400,1849,896,953
337,21,386,2756500,1800,928,872
338,21,386,2756600,1721,895,826
339,21,386,2756700,1609,853,756
340,21,386,2756800,2996,1520,1476
341,21,386,2756900,836,429,407
342,21,386,2757000,1078,545,533
343,21,386,2757100,262,131,131
344,21,386,2757200,796,428,368
345,21,386,2757300,1372,706,666
346,21,386,2757400,1448,753,695
347,21,386,2757500,973,474,499
348,21,386,2757600,4122,2066,2056
349,21,386,2757700,753,395,358
350,21,386,2757800,731,372,359
351,21,386,2757900,971,523,448
352,21,386,2758000,661,348,313
353,21,386,2758100,1705,832,873
354,21,386,2758200,815,429,386
355,21,386,2758300,731,379,352
356,21,386,2758400,1214,622,592
357,21,386,2758500,0,0,0
358,21,386,2758600,648,325,323
359,21,386,2758700,1370,705,665
360,21,386,2758800,774,402,372
361,21,386,2758900,372,198,174
362,21,386,2759000,0,0,0
363,21,386,2759100,3650,1869,1781
364,21,386,2759200,1629,789,840
365,21,386,2759300,1790,950,840
366,21,386,2759400,733,381,352
367,21,386,2759500,734,351,383
368,21,386,2759600,1264,628,636
369,21,386,2759700,811,386,425
370,21,386,2759800,1840,945,895
371,21,386,2759900,0,0,0
372,21,386,2760000,0,0,0
373,21,386,2760100,1015,508,507
374,21,386,2760200,1187,604,583
375,21,386,2760300,583,292,291
376,21,386,2760400,1630,858,772
377,21,386,2760500,1552,772,780
378,21,386,2760600,2547,1327,1220
379,21,386,2760700,688,337,351
380,21,386,2760800,1338,691,647
381,21,386,2760900,1099,569,530
382,21,386,2761000,331,165,166
383,21,386,2761100,885,438,447
384,21,386,2761200,0,0,0
385,21,386,2761300,893,472,421
386,21,386,2761400,1847,910,937
387,21,386,2761500,0,0,0
388,21,386,2761600,0,0,0
389,21,386,2761700,2132,1098,1034
390,21,386,2761800,971,466,505
391,21,386,2761900,789,387,402
392,21,386,2762000,438,218,220
393,21,386,2762100,1229,650,579
394,21,386,2762200,682,365,317
395,21,386,2762300,699,368,331
396,21,386,2762400,124,61,63
397,21,386,2762500,1075,542,533
398,21,386,2762600,0,0,0
399,21,386,2762700,571,284,287
400,21,386,2762800,1039,538,501
401,21,386,2762900,867,444,423
402,21,386,2763000,248,117,131
403,21,386,2763100,697,365,332
404,21,386,2763200,1903,979,924
405,21,386,2763300,0,0,0
406,21,386,2763400,3858,1980,1878
407,21,386,2763500,1720,882,838
408,21,386,2763600,3234,1639,1595
409,21,386,2763700,215,121,94
410,21,386,2763800,1994,1019,975
411,21,386,2763900,0,0,0
412,21,386,2764000,2821,1454,1367
413,21,386,2764100,815,414,401
414,21,386,2764200,222,114,108
415,21,386,2764300,290,134,156
416,21,386,2764400,881,429,452
417,21,386,2764500,1182,585,597
418,21,386,2764600,569,288,281
419,21,386,2764700,886,440,446
420,21,386,2764800,212,116,96
421,21,386,2764900,796,395,401
422,21,386,2765000,758,394,364
423,21,386,2765100,748,375,373
424,21,386,2765200,1152,552,600
425,21,386,2765300,313,155,158
426,21,386,2765400,734,360,374
427,21,386,2765500,1280,670,610
428,21,386,2765600,896,473,423
429,21,386,2765700,1295,674,621
430,21,386,2765800,487,249,238
431,21,386,2765900,691,361,330
432,21,386,2766000,5717,2900,2817
433,21,386,2766100,1004,501,503
434,21,386,2766200,394,193,201
435,21,386,2766300,664,332,332
436,21,386,2766400,1099,583,516
437,21,386,2766500,767,388,379
438,21,386,2766600,1047,541,506
439,21,386,2766700,864,439,425
440,21,386,2766800,1250,657,593
441,21,386,2766900,1791,957,834
442,21,386,2767000,5090,2657,2433
443,21,386,2767100,1026,520,506
444,21,386,2767200,642,327,315
445,21,386,2767300,3031,1532,1499
446,21,386,2767400,247,114,133
447,21,386,2767500,606,292,314
448,21,386,2767600,0,0,0
449,21,386,2767700,1892,984,908
450,21,386,2767800,879,454,425
451,21,386,2767900,2049,1063,986
452,21,386,2768000,1068,578,490
453,21,386,2768100,5016,2567,2449
454,21,386,2768200,1743,844,899
455,21,386,2768300,2035,1048,987
456,21,386,2768400,0,0,0
457,21,386,2768500,1341,685,656
458,21,386,2768600,1952,980,972
459,21,386,2768700,3091,1540,1551
460,21,386,2768800,29,19,10
461,21,386,2768900,52,26,26
462,21,386,2769000,788,393,395
463,21,386,2769100,3683,1847,1836
464,21,386,2769200,1257,621,636
465,21,386,2769300,1561,781,780
466,21,386,2769400,569,289,280
467,21,386,2769500,1497,752,745
468,21,386,2769600,0,0,0
469,21,386,2769700,0,0,0
470,21,386,2769800,1597,818,779
471,21,386,2769900,432,213,219
472,21,386,2770000,242,115,127
473,21,386,2770100,657,334,323
474,21,386,2770200,557,256,301
475,21,386,2770300,3137,1580,1557
476,21,386,2770400,78,44,34
477,21,386,2770500,4010,2030,1980
478,21,386,2770600,341,190,151
479,21,386,2770700,131,73,58
480,21,386,2770800,2488,1288,1200
481,21,386,2770900,3332,1743,1589
482,21,386,2771000,339,151,188
483,21,386,2771100,1962,1047,915
484,21,386,2771200,122,72,50
485,21,386,2771300,809,435,374
486,21,386,2771400,605,304,301
487,21,386,2771500,3143,1595,1548
488,21,386,2771600,3071,1526,1545
489,21,386,2771700,2508,1230,1278
490,21,386,2771800,1826,922,904
491,21,386,2771900,1229,626,603
492,21,386,2772000,2346,1166,1180
493,21,386,2772100,113,71,42
494,21,386,2772200,0,0,0
495,21,386,2772300,1420,727,693
496,21,386,2772400,2030,1048,982
497,21,386,2772500,3169,1583,1586
498,21,386,2772600,1576,849,727
499,21,386,2772700,1547,795,752
500,21,386,2772800,311,163,148
501,21,386,2772900,879,467,412
502,21,386,2773000,0,0,0
503,21,386,2773100,0,0,0
504,21,386,2773200,0,0,0
505,21,386,2773300,0,0,0
506,21,386,2773400,313,162,151
507,21,386,2773500,4716,2411,2305
508,21,386,2773600,1906,962,944
509,21,386,2773700,1123,569,554
510,21,386,2773800,880,461,419
511,21,386,2773900,873,436,437
512,21,386,2774000,864,447,417
513,21,386,2774100,1966,1032,934
514,21,386,2774200,829,438,391
515,21,386,2774300,1792,938,854
516,21,386,2774400,2312,1165,1147
517,21,386,2774500,1800,910,890
518,21,386,2774600,0,0,0
519,21,386,2774700,1295,641,654
520,21,386,2774800,874,465,409
521,21,386,2774900,0,0,0
522,21,386,2775000,2633,1310,1323
523,21,386,2775100,1021,523,498
524,21,386,2775200,1077,541,536
525,21,386,2775300,108,58,50
526,21,386,2775400,1695,906,789
527,21,386,2775500,409,200,209
528,21,386,2775600,0,0,0
529,21,386,2775700,2165,1116,1049
530,21,386,2775800,1562,829,733
531,21,386,2775900,18,9,9
532,21,386,2776000,675,352,323
533,21,386,2776100,1105,655,450
534,21,386,2776200,0,0,0
535,21,386,2776300,226,108,118
536,21,386,2776400,941,468,473
537,21,386,2776500,660,312,348
538,21,386,2776600,397,200,197
539,21,386,2776700,369,172,197
540,21,386,2776800,1450,705,745
541,21,386,2776900,3313,1730,1583
542,21,386,2777000,952,480,472
543,21,386,2777100,774,409,365
544,21,386,2777200,781,387,394
545,21,386,2777300,959,495,464
546,21,386,2777400,0,0,0
547,21,386,2777500,240,113,127
548,21,386,2777600,991,522,469
549,21,386,2777700,1207,606,601
550,21,386,2777800,1449,739,710
551,21,386,2777900,835,422,413
552,21,386,2778000,3284,1679,1605
553,21,386,2778100,1737,874,863
554,21,386,2778200,592,303,289
555,21,386,2778300,710,373,337
556,21,386,2778400,1306,656,650
557,21,386,2778500,692,352,340
558,21,386,2778600,3858,1960,1898
559,21,386,2778700,796,408,388
560,21,386,2778800,1475,739,736
561,21,386,2778900,4090,2065,2025
562,21,386,2779000,788,404,384
563,21,386,2779100,3679,1869,1810
564,21,386,2779200,1769,887,882
565,21,386,2779300,305,171,134
566,21,386,2779400,2614,1351,1263
567,21,386,2779500,3252,1665,1587
568,21,386,2779600,458,213,245
569,21,386,2779700,534,268,266
570,21,386,2779800,2860,1397,1463
571,21,386,2779900,446,221,225
572,21,386,2780000,2820,1418,1402
573,21,386,2780100,2981,1495,1486
574,21,386,2780200,3308,1740,1568
575,21,386,2780300,656,333,323
576,21,386,2780400,1004,541,463
577,21,386,2780500,3513,1804,1709
578,21,386,2780600,2458,1278,1180
579,21,386,2780700,1140,555,585
580,21,386,2780800,629,304,325
581,21,386,2780900,2937,1548,1389
582,21,386,2781000,339,166,173
583,21,386,2781100,331,171,160
584,21,386,2781200,131,73,58
585,21,386,2781300,543,276,267
586,21,386,2781400,4584,2329,2255
587,21,386,2781500,761,381,380
588,21,386,2781600,636,324,312
589,21,386,2781700,4043,2046,1997
590,21,386,2781800,5308,2671,2637
591,21,386,2781900,5431,2746,2685
592,21,386,2782000,524,270,254
593,21,386,2782100,1109,542,567
594,21,386,2782200,4996,2628,2368
595,21,386,2782300,1139,572,567
596,21,386,2782400,136,72,64
597,21,386,2782500,938,478,460
598,21,386,2782600,124,68,56
599,21,386,2782700,270,128,142
600,21,386,2782800,0,0,0
601,21,386,2782900,718,359,359
602,21,386,2783000,6355,3330,3025
603,21,386,2783100,386,205,181
604,21,386,2783200,3027,1562,1465
605,21,386,2783300,2799,1429,1370
606,21,386,2783400,1581,836,745
607,21,386,2783500,164,85,79
608,21,386,2783600,149,81,68
609,21,386,2783700,1180,571,609
610,21,386,2783800,538,271,267
611,21,386,2783900,684,359,325
612,21,386,2784000,1112,555,557
613,21,386,2784100,422,228,194
614,21,386,2784200,667,337,330
615,21,386,2784300,835,436,399
616,21,386,2784400,416,208,208
617,21,386,2784500,649,352,297
618,21,386,2784600,1130,584,546
619,21,386,2784700,537,278,259
620,21,386,2784800,660,327,333
621,21,386,2784900,1393,705,688
622,21,386,2785000,990,494,496
623,21,386,2785100,65,31,34
624,21,386,2785200,1197,592,605
625,21,386,2785300,1097,536,561
626,21,386,2785400,221,115,106
627,21,386,2785500,584,285,299
628,21,386,2785600,177,94,83
629,21,386,2785700,2079,1049,1030
630,21,386,2785800,1174,584,590
631,21,386,2785900,670,312,358
632,21,386,2786000,1286,646,640
633,21,386,2786100,3238,1602,1636
634,21,386,2786200,396,225,171
635,21,386,2786300,661,320,341
636,21,386,2786400,1035,520,515
637,21,386,2786500,2111,1056,1055
638,21,386,2786600,390,193,197
639,21,386,2786700,208,109,99
640,21,386,2786800,900,457,443
641,21,386,2786900,973,514,459
642,21,386,2787000,87,52,35
643,21,386,2787100,906,453,453
644,21,386,2787200,134,74,60
645,21,386,2787300,849,439,410
646,21,386,2787400,361,184,177
647,21,386,2787500,1071,552,519
648,21,386,2787600,22,8,14
649,21,386,2787700,60,30,30
650,21,386,2787800,615,332,283
651,21,386,2787900,2741,1447,1294
652,21,386,2788000,986,515,471
653,21,386,2788100,1267,629,638
654,21,386,2788200,621,311,310
655,21,386,2788300,3592,1798,1794
656,21,386,2788400,2932,1485,1447
657,21,386,2788500,1462,755,707
658,21,386,2788600,1077,548,529
659,21,386,2788700,1151,571,580
660,21,386,2788800,1251,628,623
661,21,386,2788900,1202,615,587
662,21,386,2789000,3120,1615,1505
663,21,386,2789100,872,453,419
664,21,386,2789200,151,73,78
665,21,386,2789300,1075,522,553
666,21,386,2789400,2010,1001,1009
667,21,386,2789500,2765,1429,1336
668,21,386,2789600,0,0,0
669,21,386,2789700,965,479,486
670,21,386,2789800,22,12,10
671,21,386,2789900,4822,2471,2351
672,21,386,2790000,3164,1583,1581
673,21,386,2790100,1349,697,652
674,21,386,2790200,1864,934,930
675,21,386,2790300,845,403,442
676,21,386,2790400,2032,1033,999
677,21,386,2790500,2452,1252,1200
678,21,386,2790600,2270,1147,1123
679,21,386,2790700,1377,706,671
680,21,386,2790800,2017,976,1041
681,21,386,2790900,1526,803,723
682,21,386,2791000,7002,3618,3384
683,21,386,2791100,1856,951,905
684,21,386,2791200,8722,4452,4270
685,21,386,2791300,509,254,255
686,21,386,2791400,8434,4248,4186
687,21,386,2791500,304,162,142
688,21,386,2791600,636,324,312
689,21,386,2791700,710,344,366
690,21,386,2791800,1324,678,646
691,21,386,2791900,3943,2051,1892
692,21,386,2792000,2364,1167,1197
693,21,386,2792100,1735,880,855
694,21,386,2792200,1238,646,592
695,21,386,2792300,1968,976,992
696,21,386,2792400,1218,636,582
697,21,386,2792500,794,403,391
698,21,386,2792600,2522,1313,1209
699,21,386,2792700,187,94,93
700,21,386,2792800,204,109,95
701,21,386,2792900,2157,1116,1041
702,21,386,2793000,2146,1104,1042
703,21,386,2793100,2792,1434,1358
704,21,386,2793200,850,416,434
705,21,386,2793300,1014,501,513
706,21,386,2793400,1855,943,912
707,21,386,2793500,284,135,149
708,21,386,2793600,719,379,340
709,21,386,2793700,1539,779,760
710,21,386,2793800,1799,929,870
711,21,386,2793900,620,338,282
712,21,386,2794000,0,0,0
713,21,386,2794100,351,170,181
714,21,386,2794200,1503,751,752
715,21,386,2794300,278,149,129
716,21,386,2794400,1488,762,726
717,21,386,2794500,5832,2950,2882
718,21,386,2794600,400,222,178
719,21,386,2794700,129,59,70
720,21,386,2794800,646,317,329
721,21,386,2794900,569,277,292
722,21,386,2795000,1799,882,917
723,21,386,2795100,4824,2434,2390
724,21,386,2795200,1056,536,520
725,21,386,2795300,969,495,474
726,21,386,2795400,1351,695,656
727,21,386,2795500,1546,774,772
728,21,386,2795600,853,430,423
729,21,386,2795700,376,191,185
730,21,386,2795800,7695,3825,3870
731,21,386,2795900,712,361,351
732,21,386,2796000,1239,620,619
733,21,386,2796100,850,440,410
734,21,386,2796200,741,386,355
735,21,386,2796300,566,291,275
736,21,386,2796400,536,274,262
737,21,386,2796500,569,283,286
738,21,386,2796600,401,207,194
739,21,386,2796700,386,176,210
740,21,386,2796800,485,253,232
741,21,386,2796900,302,155,147
742,21,386,2797000,976,507,469
743,21,386,2797100,1063,514,549
744,21,386,2797200,1183,620,563
745,21,386,2797300,107,51,56
746,21,386,2797400,107,51,56
747,21,386,2797500,3229,1632,1597
748,21,386,2797600,489,246,243
749,21,386,2797700,1000,506,494
750,21,386,2797800,2134,1047,1087
751,21,386,2797900,4480,2282,2198
752,21,386,2798000,1909,1032,877
753,21,386,2798100,5536,2803,2733
754,21,386,2798200,979,503,476
755,21,386,2798300,0,0,0
756,21,386,2798400,2003,1019,984
757,21,386,2798500,1475,759,716
758,21,386,2798600,45,29,16
759,21,386,2798700,18,10,8
760,21,386,2798800,372,200,172
761,21,386,2798900,720,375,345
762,21,386,2799000,475,247,228
763,21,386,2799100,255,130,125
764,21,386,2799200,480,235,245
765,21,386,2799300,1043,538,505
766,21,386,2799400,432,218,214
767,21,386,2799500,460,234,226
768,21,386,2799600,559,302,257
769,21,386,2799700,0,0,0
770,21,386,2799800,992,495,497
771,21,386,2799900,0,0,0
772,21,386,2800000,537,289,248
773,21,386,2800100,502,260,242
774,21,386,2800200,810,403,407
775,21,386,2800300,180,95,85
776,21,386,2800400,344,180,164
777,21,386,2800500,233,116,117
778,21,386,2800600,1457,755,702
779,21,386,2800700,64,32,32
780,21,386,2800800,577,317,260
781,21,386,2800900,12,5,7
782,21,386,2801000,71,36,35
783,21,386,2801100,481,243,238
784,21,386,2801200,692,347,345
785,21,386,2801300,598,311,287
786,21,386,2801400,0,0,0
787,21,386,2801500,998,510,488
788,21,386,2801600,365,178,187
789,21,386,2801700,0,0,0
790,21,386,2801800,1656,838,818
791,21,386,2801900,865,437,428
792,21,386,2802000,274,134,140
793,21,386,2802100,220,121,99
794,21,386,2802200,408,200,208
795,21,386,2802300,0,0,0
796,21,386,2802400,1477,738,739
797,21,386,2802500,219,120,99
798,21,386,2802600,952,506,446
799,21,386,2802700,2077,1047,1030
800,21,386,2802800,1384,688,696
801,21,386,2802900,2613,1308,1305
802,21,386,2803000,0,0,0
803,21,386,2803100,1279,655,624
804,21,386,2803200,421,206,215
805,21,386,2803300,1064,548,516
806,21,386,2803400,1414,698,716
807,21,386,2803500,986,502,484
808,21,386,2803600,619,317,302
809,21,386,2803700,255,136,119
810,21,386,2803800,85,46,39
811,21,386,2803900,2029,1022,1007
812,21,386,2804000,1118,542,576
813,21,386,2804100,881,423,458
814,21,386,2804200,713,341,372
815,21,386,2804300,1490,761,729
816,21,386,2804400,593,310,283
817,21,386,2804500,0,0,0
818,21,386,2804600,599,291,308
819,21,386,2804700,5,2,3
820,21,386,2804800,435,211,224
821,21,386,2804900,1173,586,587
822,21,386,2805000,823,410,413
823,21,386,2805100,684,367,317
824,21,386,2805200,586,326,260
825,21,386,2805300,0,0,0
826,21,386,2805400,486,255,231
827,21,386,2805500,3400,1828,1572
828,21,386,2805600,1223,653,570
829,21,386,2805700,12,8,4
830,21,386,2805800,0,0,0
831,21,386,2805900,0,0,0
832,21,386,2806000,2233,1140,1093
833,21,386,2806100,1787,892,895
834,21,386,2806200,368,190,178
835,21,386,2806300,274,152,122
836,21,386,2806400,697,367,330
837,21,386,2806500,2115,1042,1073
838,21,386,2806600,1049,556,493
839,21,386,2806700,2985,1506,1479
840,21,386,2806800,587,310,277
841,21,386,2806900,1499,779,720
842,21,386,2807000,1825,970,855
843,21,386,2807100,1442,732,710
844,21,386,2807200,2299,1162,1137
845,21,386,2807300,0,0,0
846,21,386,2807400,788,382,406
847,21,386,2807500,360,190,170
848,21,386,2807600,346,172,174
849,21,386,2807700,1832,944,888
850,21,386,2807800,3207,1595,1612
851,21,386,2807900,3444,1812,1632
852,21,386,2808000,3994,2073,1921
853,21,386,2808100,1478,775,703
854,21,386,2808200,565,298,267
855,21,386,2808300,1314,660,654
856,21,386,2808400,667,347,320
857,21,386,2808500,2736,1405,1331
858,21,386,2808600,295,141,154
859,21,386,2808700,1359,720,639
860,21,386,2808800,1317,650,667
861,21,386,2808900,580,290,290
862,21,386,2809000,2508,1328,1180
863,21,386,2809100,1551,768,783
864,21,386,2809200,0,0,0
865,21,386,2809300,0,0,0
866,21,386,2809400,4078,2016,2062
867,21,386,2809500,831,417,414
868,21,386,2809600,0,0,0
869,21,386,2809700,0,0,0
870,21,386,2809800,474,249,225
871,21,386,2809900,501,257,244
872,21,386,2810000,521,262,259
873,21,386,2810100,534,264,270
874,21,386,2810200,4746,2437,2309
875,21,386,2810300,0,0,0
876,21,386,2810400,0,0,0
877,21,386,2810500,0,0,0
878,21,386,2810600,1579,838,741
879,21,386,2810700,225,109,116
880,21,386,2810800,1069,544,525
881,21,386,2810900,896,458,438
882,21,386,2811000,296,159,137
883,21,386,2811100,620,291,329
884,21,386,2811200,688,381,307
885,21,386,2811300,971,496,475
886,21,386,2811400,703,333,370
887,21,386,2811500,980,475,505
888,21,386,2811600,414,211,203
889,21,386,2811700,459,235,224
890,21,386,2811800,592,309,283
891,21,386,2811900,414,201,213
892,21,386,2812000,744,373,371
893,21,386,2812100,776,379,397
894,21,386,2812200,1285,622,663
895,21,386,2812300,214,93,121
896,21,386,2812400,297,162,135
897,21,386,2812500,500,255,245
898,21,386,2812600,746,366,380
899,21,386,2812700,2867,1384,1483
900,21,386,2812800,1148,607,541
901,21,386,2812900,493,260,233
902,21,386,2813000,1714,850,864
903,21,386,2813100,1441,746,695
904,21,386,2813200,1623,837,786
905,21,386,2813300,1895,976,919
906,21,386,2813400,269,129,140
907,21,386,2813500,316,156,160
908,21,386,2813600,283,145,138
909,21,386,2813700,503,263,240
910,21,386,2813800,397,183,214
911,21,386,2813900,2073,1040,1033
912,21,386,2814000,95,57,38
913,21,386,2814100,1435,730,705
914,21,386,2814200,508,256,252
915,21,386,2814300,2855,1434,1421
916,21,386,2814400,1352,684,668
917,21,386,2814500,78,43,35
918,21,386,2814600,1082,548,534
919,21,386,2814700,5951,2940,3011
920,21,386,2814800,1421,718,703
921,21,386,2814900,1005,494,511
922,21,386,2815000,1245,656,589
923,21,386,2815100,565,290,275
924,21,386,2815200,667,332,335
925,21,386,2815300,815,410,405
926,21,386,2815400,635,323,312
927,21,386,2815500,1491,762,729
928,21,386,2815600,3347,1688,1659
929,21,386,2815700,0,0,0
930,21,386,2815800,401,193,208
931,21,386,2815900,2732,1366,1366
932,21,386,2816000,40,26,14
933,21,386,2816100,2588,1292,1296
934,21,386,2816200,1575,839,736
935,21,386,2816300,2042,1043,999
936,21,386,2816400,0,0,0
937,21,386,2816500,0,0,0
938,21,386,2816600,1194,612,582
939,21,386,2816700,2087,1035,1052
940,21,386,2816800,3164,1603,1561
941,21,386,2816900,0,0,0
942,21,386,2817000,1850,948,902
943,21,386,2817100,1496,738,758
944,21,386,2817200,1421,726,695
945,21,386,2817300,710,367,343
946,21,386,2817400,0,0,0
947,21,386,2817500,11,5,6
948,21,386,2817600,965,471,494
949,21,386,2817700,605,282,323
950,21,386,2817800,937,452,485
951,21,386,2817900,260,135,125
952,21,386,2818000,646,326,320
953,21,386,2818100,304,144,160
954,21,386,2818200,536,271,265
955,21,386,2818300,319,163,156
956,21,386,2818400,65,30,35
957,21,386,2818500,528,255,273
958,21,386,2818600,0,0,0
959,21,386,2818700,0,0,0
960,21,386,2818800,0,0,0
961,21,386,2818900,1286,635,651
962,21,386,2819000,1587,828,759
963,21,386,2819100,11,8,3
964,21,386,2819200,85,37,48
965,21,386,2819300,0,0,0
966,21,386,2819400,565,295,270
967,21,386,2819500,180,100,80
968,21,386,2819600,0,0,0
969,21,386,2819700,0,0,0
970,21,386,2819800,0,0,0
971,21,386,2819900,774,368,406
972,21,386,2820000,2042,1026,1016
973,21,386,2820100,901,435,466
974,21,386,2820200,3278,1653,1625
975,21,386,2820300,0,0,0
976,21,386,2820400,747,361,386
977,21,386,2820500,1757,896,861
978,21,386,2820600,1327,674,653
979,21,386,2820700,288,144,144
980,21,386,2820800,1284,656,628
981,21,386,2820900,0,0,0
982,21,386,2821000,0,0,0
983,21,386,2821100,179,86,93
984,21,386,2821200,2816,1469,1347
985,21,386,2821300,543,267,276
986,21,386,2821400,606,304,302
987,21,386,2821500,164,85,79
988,21,386,2821600,0,0,0
989,21,386,2821700,88,53,35
990,21,386,2821800,191,87,104
991,21,386,2821900,1484,740,744
992,21,386,2822000,632,323,309
993,21,386,2822100,0,0,0
994,21,386,2822200,1386,675,711
995,21,386,2822300,1393,690,703
996,21,386,2822400,1239,634,605
997,21,386,2822500,725,351,374
998,21,386,2822600,1506,804,702
999,21,386,2822700,0,0,0
1000,21,386,2822800,291,164,127
1001,21,386,2822900,1752,907,845
1002,21,386,2823000,1250,628,622
1003,21,386,2823100,205,101,104
1004,21,386,2823200,618,325,293
1005,21,386,2823300,0,0,0
1006,21,386,2823400,3,3,0
1007,21,386,2823500,718,348,370
1008,21,386,2823600,0,0,0
1009,21,386,2823700,0,0,0
1010,21,386,2823800,192,101,91
1011,21,386,2823900,1399,699,700
1012,21,386,2824000,1035,524,511
1013,21,386,2824100,0,0,0
1014,21,386,2824200,0,0,0
1015,21,386,2824300,0,0,0
1016,21,386,2824400,2789,1411,1378
1017,21,386,2824500,614,305,309
1018,21,386,2824600,552,277,275
1019,21,386,2824700,396,185,211
1020,21,386,2824800,359,170,189
1021,21,386,2824900,921,435,486
1022,21,386,2825000,992,475,517
1023,21,386,2825100,1449,717,732
1024,21,386,2825200,0,0,0
1025,21,386,2825300,319,159,160
1026,21,386,2825400,495,264,231
1027,21,386,2825500,3950,2051,1899
1028,21,386,2825600,1054,534,520
1029,21,386,2825700,45,19,26
1030,21,386,2825800,166,81,85
1031,21,386,2825900,646,318,328
1032,21,386,2826000,979,516,463
1033,21,386,2826100,5148,2577,2571
1034,21,386,2826200,965,499,466
1035,21,386,2826300,3354,1691,1663
1036,21,386,2826400,520,269,251
1037,21,386,2826500,355,156,199
1038,21,386,2826600,569,312,257
1039,21,386,2826700,351,172,179
1040,21,386,2826800,459,227,232
1041,21,386,2826900,493,240,253
1042,21,386,2827000,858,438,420
1043,21,386,2827100,2584,1307,1277
1044,21,386,2827200,1773,873,900
1045,21,386,2827300,493,241,252
1046,21,386,2827400,655,331,324
1047,21,386,2827500,0,0,0
1048,21,386,2827600,0,0,0
1049,21,386,2827700,271,134,137
1050,21,386,2827800,268,117,151
1051,21,386,2827900,431,212,219
1052,21,386,2828000,334,157,177
1053,21,386,2828100,0,0,0
1054,21,386,2828200,387,194,193
1055,21,386,2828300,0,0,0
1056,21,386,2828400,11,4,7
1057,21,386,2828500,241,122,119
1058,21,386,2828600,0,0,0
1059,21,386,2828700,0,0,0
1060,21,386,2828800,0,0,0
1061,21,386,2828900,1056,530,526
1062,21,386,2829000,162,87,75
1063,21,386,2829100,248,124,124
1064,21,386,2829200,562,303,259
1065,21,386,2829300,1889,972,917
1066,21,386,2829400,1456,744,712
1067,21,386,2829500,170,71,99
1068,21,386,2829600,656,320,336
1069,21,386,2829700,2018,991,1027
1070,21,386,2829800,661,325,336
1071,21,386,2829900,732,334,398
1072,21,386,2830000,4196,2108,2088
1073,21,386,2830100,579,312,267
1074,21,386,2830200,5701,2941,2760
1075,21,386,2830300,1054,557,497
1076,21,386,2830400,1729,896,833
1077,21,386,2830500,276,144,132
1078,21,386,2830600,0,0,0
1079,21,386,2830700,927,486,441
1080,21,386,2830800,976,493,483
1081,21,386,2830900,8090,4062,4028
1082,21,386,2831000,366,190,176
1083,21,386,2831100,937,496,441
1084,21,386,2831200,207,110,97
1085,21,386,2831300,1181,552,629
1086,21,386,2831400,478,232,246
1087,21,386,2831500,366,171,195
1088,21,386,2831600,1867,937,930
1089,21,386,2831700,0,0,0
1090,21,386,2831800,0,0,0
1091,21,386,2831900,438,225,213
1092,21,386,2832000,0,0,0
1093,21,386,2832100,1307,641,666
1094,21,386,2832200,1141,577,564
1095,21,386,2832300,3651,1861,1790
1096,21,386,2832400,2616,1377,1239
1097,21,386,2832500,7973,4164,3809
1098,21,386,2832600,3437,1730,1707
1099,21,386,2832700,1372,702,670
1100,21,386,2832800,388,204,184
1101,21,386,2832900,937,460,477
1102,21,386,2833000,502,274,228
1103,21,386,2833100,2360,1202,1158
1104,21,386,2833200,2406,1209,1197
1105,21,386,2833300,3459,1773,1686
1106,21,386,2833400,1252,639,613
1107,21,386,2833500,267,131,136
1108,21,386,2833600,143,73,70
1109,21,386,2833700,838,422,416
1110,21,386,2833800,347,177,170
1111,21,386,2833900,608,304,304
1112,21,386,2834000,0,0,0
1113,21,386,2834100,1540,832,708
1114,21,386,2834200,0,0,0
1115,21,386,2834300,1103,578,525
1116,21,386,2834400,0,0,0
1117,21,386,2834500,0,0,0
1118,21,386,2834600,269,138,131
1119,21,386,2834700,614,319,295
1120,21,386,2834800,957,471,486
1121,21,386,2834900,730,367,363
1122,21,386,2835000,361,179,182
1123,21,386,2835100,1070,550,520
1124,21,386,2835200,0,0,0
1125,21,386,2835300,44,18,26
1126,21,386,2835400,0,0,0
1127,21,386,2835500,1392,723,669
1128,21,386,2835600,0,0,0
1129,21,386,2835700,633,354,279
1130,21,386,2835800,788,422,366
1131,21,386,2835900,446,229,217
1132,21,386,2836000,931,485,446
1133,21,386,2836100,535,260,275
1134,21,386,2836200,0,0,0
1135,21,386,2836300,0,0,0
1136,21,386,2836400,5,2,3
1137,21,386,2836500,416,206,210
1138,21,386,2836600,345,162,183
1139,21,386,2836700,262,124,138
1140,21,386,2836800,239,123,116
1141,21,386,2836900,579,298,281
1142,21,386,2837000,440,219,221
1143,21,386,2837100,59,32,27
1144,21,386,2837200,185,96,89
1145,21,386,2837300,548,276,272
1146,21,386,2837400,221,110,111
1147,21,386,2837500,528,249,279
1148,21,386,2837600,949,446,503
1149,21,386,2837700,674,346,328
1150,21,386,2837800,793,395,398
1151,21,386,2837900,2817,1392,1425
1152,21,386,2838000,274,143,131
1153,21,386,2838100,66,30,36
1154,21,386,2838200,3978,1995,1983
1155,21,386,2838300,47,26,21
1156,21,386,2838400,4964,2451,2513
1157,21,386,2838500,2172,1131,1041
1158,21,386,2838600,275,143,132
1159,21,386,2838700,924,471,453
1160,21,386,2838800,270,141,129
1161,21,386,2838900,0,0,0
1162,21,386,2839000,58,26,32
1163,21,386,2839100,123,68,55
1164,21,386,2839200,23,12,11
1165,21,386,2839300,1460,754,706
1166,21,386,2839400,351,190,161
1167,21,386,2839500,3066,1498,1568
1168,21,386,2839600,2993,1506,1487
1169,21,386,2839700,0,0,0
1170,21,386,2839800,643,326,317
1171,21,386,2839900,222,116,106
1172,21,386,2840000,732,394,338
1173,21,386,2840100,1147,590,557
1174,21,386,2840200,1449,740,709
1175,21,386,2840300,3747,1983,1764
1176,21,386,2840400,4632,2371,2261
1177,21,386,2840500,6022,3074,2948
1178,21,386,2840600,4108,2088,2020
1179,21,386,2840700,1132,587,545
1180,21,386,2840800,2585,1329,1256
1181,21,386,2840900,4310,2193,2117
1182,21,386,2841000,6562,3346,3216
1183,21,386,2841100,5209,2715,2494
1184,21,386,2841200,7697,4024,3673
1185,21,386,2841300,467,248,219
1186,21,386,2841400,1039,572,467
1187,21,386,2841500,772,396,376
1188,21,386,2841600,952,454,498
1189,21,386,2841700,942,468,474
1190,21,386,2841800,1174,606,568
1191,21,386,2841900,4301,2221,2080
1192,21,386,2842000,583,306,277
1193,21,386,2842100,367,177,190
1194,21,386,2842200,346,173,173
1195,21,386,2842300,0,0,0
1196,21,386,2842400,1091,572,519
1197,21,386,2842500,4317,2128,2189
1198,21,386,2842600,0,0,0
1199,21,386,2842700,0,0,0
1200,21,386,2842800,425,228,197
1201,21,386,2842900,916,482,434
1202,21,386,2843000,839,416,423
1203,21,386,2843100,1399,731,668
1204,21,386,2843200,253,127,126
1205,21,386,2843300,1705,909,796
1206,21,386,2843400,242,121,121
1207,21,386,2843500,717,421,296
1208,21,386,2843600,2045,1034,1011
1209,21,386,2843700,699,374,325
1210,21,386,2843800,1039,524,515
1211,21,386,2843900,0,0,0
1212,21,386,2844000,788,365,423
1213,21,386,2844100,2,1,1
1214,21,386,2844200,332,165,167
1215,21,386,2844300,0,0,0
1216,21,386,2844400,1981,973,1008
1217,21,386,2844500,205,102,103
1218,21,386,2844600,1840,941,899
1219,21,386,2844700,1387,649,738
1220,21,386,2844800,2593,1328,1265
1221,21,386,2844900,2270,1127,1143
1222,21,386,2845000,0,0,0
1223,21,386,2845100,283,144,139
1224,21,386,2845200,943,538,405
1225,21,386,2845300,569,295,274
1226,21,386,2845400,1194,614,580
1227,21,386,2845500,8408,4304,4104
1228,21,386,2845600,542,283,259
1229,21,386,2845700,6504,3356,3148
1230,21,386,2845800,634,313,321
1231,21,386,2845900,29,12,17
1232,21,386,2846000,590,306,284
1233,21,386,2846100,1310,634,676
1234,21,386,2846200,696,333,363
1235,21,386,2846300,945,450,495
1236,21,386,2846400,379,207,172
1237,21,386,2846500,304,131,173
1238,21,386,2846600,0,0,0
1239,21,386,2846700,829,375,454
1240,21,386,2846800,9,4,5
1241,21,386,2846900,369,179,190
1242,21,386,2847000,472,228,244
1243,21,386,2847100,240,113,127
1244,21,386,2847200,500,269,231
1245,21,386,2847300,304,158,146
1246,21,386,2847400,390,204,186
1247,21,386,2847500,608,306,302
1248,21,386,2847600,474,219,255
1249,21,386,2847700,340,166,174
1250,21,386,2847800,255,114,141
1251,21,386,2847900,1127,563,564
1252,21,386,2848000,191,92,99
1253,21,386,2848100,268,136,132
1254,21,386,2848200,0,0,0
1255,21,386,2848300,768,390,378
1256,21,386,2848400,439,219,220
1257,21,386,2848500,1134,549,585
1258,21,386,2848600,222,103,119
1259,21,386,2848700,564,261,303
1260,21,386,2848800,626,289,337
1261,21,386,2848900,488,220,268
1262,21,386,2849000,57,19,38
1263,21,386,2849100,636,324,312
1264,21,386,2849200,431,215,216
1265,21,386,2849300,1776,881,895
1266,21,386,2849400,1126,587,539
1267,21,386,2849500,788,374,414
1268,21,386,2849600,695,334,361
1269,21,386,2849700,740,334,406
1270,21,386,2849800,1385,752,633
1271,21,386,2849900,1554,727,827
1272,21,386,2850000,552,282,270
1273,21,386,2850100,640,344,296
1274,21,386,2850200,3315,1680,1635
1275,21,386,2850300,369,179,190
1276,21,386,2850400,711,367,344
1277,21,386,2850500,695,334,361
1278,21,386,2850600,942,496,446
1279,21,386,2850700,754,375,379
1280,21,386,2850800,530,254,276
1281,21,386,2850900,719,373,346
1282,21,386,2851000,88,39,49
1283,21,386,2851100,268,145,123
1284,21,386,2851200,282,143,139
1285,21,386,2851300,594,290,304
1286,21,386,2851400,411,193,218
1287,21,386,2851500,1394,702,692
1288,21,386,2851600,705,373,332
1289,21,386,2851700,60,37,23
1290,21,386,2851800,541,260,281
1291,21,386,2851900,219,103,116
1292,21,386,2852000,803,423,380
1293,21,386,2852100,339,173,166
1294,21,386,2852200,548,267,281
1295,21,386,2852300,717,375,342
1296,21,386,2852400,1794,902,892
1297,21,386,2852500,1335,646,689
1298,21,386,2852600,1846,976,870
1299,21,386,2852700,468,236,232
1300,21,386,2852800,158,80,78
1301,21,386,2852900,976,452,524
1302,21,386,2853000,1160,557,603
1303,21,386,2853100,1085,543,542
1304,21,386,2853200,1200,621,579
1305,21,386,2853300,577,289,288
1306,21,386,2853400,0,0,0
1307,21,386,2853500,431,219,212
1308,21,386,2853600,1265,634,631
1309,21,386,2853700,671,366,305
1310,21,386,2853800,775,395,380
1311,21,386,2853900,3038,1544,1494
1312,21,386,2854000,1653,874,779
1313,21,386,2854100,2083,1062,1021
1314,21,386,2854200,579,282,297
1315,21,386,2854300,24,12,12
1316,21,386,2854400,622,274,348
1317,21,386,2854500,493,212,281
1318,21,386,2854600,341,172,169
1319,21,386,2854700,592,288,304
1320,21,386,2854800,1152,598,554
1321,21,386,2854900,289,137,152
1322,21,386,2855000,473,221,252
1323,21,386,2855100,0,0,0
1324,21,386,2855200,2045,993,1052
1325,21,386,2855300,440,236,204
1326,21,386,2855400,956,485,471
1327,21,386,2855500,108,43,65
1328,21,386,2855600,774,389,385
1329,21,386,2855700,0,0,0
1330,21,386,2855800,0,0,0
1331,21,386,2855900,0,0,0
1332,21,386,2856000,0,0,0
1333,21,386,2856100,43,24,19
1334,21,386,2856200,263,127,136
1335,21,386,2856300,0,0,0
1336,21,386,2856400,58,29,29
1337,21,386,2856500,403,190,213
1338,21,386,2856600,344,159,185
1339,21,386,2856700,1482,740,742
1340,21,386,2856800,247,116,131
1341,21,386,2856900,0,0,0
1342,21,386,2857000,170,80,90
1343,21,386,2857100,0,0,0
1344,21,386,2857200,0,0,0
1345,21,386,2857300,296,165,131
1346,21,386,2857400,0,0,0
1347,21,386,2857500,0,0,0
1348,21,386,2857600,0,0,0
1349,21,386,2857700,0,0,0
1350,21,386,2857800,0,0,0
1351,21,386,2857900,2579,1317,1262
1352,21,386,2858000,437,205,232
1353,21,386,2858100,3344,1743,1601
1354,21,386,2858200,2179,1105,1074
1355,21,386,2858300,1176,593,583
1356,21,386,2858400,407,208,199
1357,21,386,2858500,837,423,414
1358,21,386,2858600,0,0,0
1359,21,386,2858700,444,197,247
1360,21,386,2858800,0,0,0
1361,21,386,2858900,452,198,254
1362,21,386,2859000,585,257,328
1363,21,386,2859100,1531,738,793
1364,21,386,2859200,1301,641,660
1365,21,386,2859300,0,0,0
1366,21,386,2859400,671,323,348
1367,21,386,2859500,622,312,310
1368,21,386,2859600,1973,1033,940
1369,21,386,2859700,488,268,220
1370,21,386,2859800,613,281,332
1371,21,386,2859900,11,8,3
1372,21,386,2860000,2090,973,1117
1373,21,386,2860100,1245,599,646
1374,21,386,2860200,727,362,365
1375,21,386,2860300,942,486,456
1376,21,386,2860400,2465,1201,1264
1377,21,386,2860500,1203,541,662
1378,21,386,2860600,0,0,0
1379,21,386,2860700,0,0,0
1380,21,386,2860800,430,179,251
1381,21,386,2860900,1126,557,569
1382,21,386,2861000,0,0,0
1383,21,386,2861100,319,152,167
1384,21,386,2861200,1819,842,977
1385,21,386,2861300,1204,619,585
1386,21,386,2861400,113,57,56
1387,21,386,2861500,1113,556,557
1388,21,386,2861600,234,122,112
1389,21,386,2861700,54,24,30
1390,21,386,2861800,0,0,0
1391,21,386,2861900,260,129,131
1392,21,386,2862000,347,183,164
1393,21,386,2862100,68,38,30
1394,21,386,2862200,0,0,0
1395,21,386,2862300,388,199,189
1396,21,386,2862400,269,127,142
1397,21,386,2862500,247,117,130
1398,21,386,2862600,402,197,205
1399,21,386,2862700,654,334,320
1400,21,386,2862800,892,438,454
1401,21,386,2862900,0,0,0
1402,21,386,2863000,354,177,177
1403,21,386,2863100,109,82,27
1404,21,386,2863200,239,115,124
1405,21,386,2863300,0,0,0
1406,21,386,2863400,85,46,39
1407,21,386,2863500,183,93,90
1408,21,386,2863600,32,16,16
1409,21,386,2863700,0,0,0
1410,21,386,2863800,0,0,0
1411,21,386,2863900,242,131,111
1412,21,386,2864000,0,0,0
1413,21,386,2864100,0,0,0
1414,21,386,2864200,246,121,125
1415,21,386,2864300,0,0,0
1416,21,386,2864400,52,25,27
1417,21,386,2864500,0,0,0
1418,21,386,2864600,72,40,32
1419,21,386,2864700,192,99,93
1420,21,386,2864800,337,150,187
1421,21,386,2864900,0,0,0
1422,21,386,2865000,0,0,0
1423,21,386,2865100,0,0,0
1424,21,386,2865200,0,0,0
1425,21,386,2865300,0,0,0
1426,21,386,2865400,0,0,0
1427,21,386,2865500,545,317,228
1428,21,386,2865600,0,0,0
1429,21,386,2865700,0,0,0
1430,21,386,2865800,37,15,22
1431,21,386,2865900,94,47,47
1432,21,386,2866000,45,15,30
1433,21,386,2866100,45,23,22
1434,21,386,2866200,87,40,47
1435,21,386,2866300,886,425,461
1436,21,386,2866400,89,43,46
1437,21,386,2866500,43,16,27
1438,21,386,2866600,0,0,0
1439,21,386,2866700,180,95,85
1440,21,386,2866800,594,305,289
1441,21,386,2866900,0,0,0
1442,21,386,2867000,0,0,0
1443,21,386,2867100,0,0,0
1444,21,386,2867200,0,0,0
1445,21,386,2867300,0,0,0
1446,21,386,2867400,474,199,275
1447,21,386,2867500,738,309,429
1448,21,386,2867600,0,0,0
1449,21,386,2867700,710,324,386
1450,21,386,2867800,517,235,282
1451,21,386,2867900,1188,571,617
1452,21,386,2868000,766,383,383
1453,21,386,2868100,1498,695,803
1454,21,386,2868200,994,438,556
1455,21,386,2868300,289,124,165
1456,21,386,2868400,0,0,0
1457,21,386,2868500,379,166,213
1458,21,386,2868600,691,355,336
1459,21,386,2868700,0,0,0
1460,21,386,2868800,0,0,0
1461,21,386,2868900,1216,571,645
1462,21,386,2869000,288,135,153
1463,21,386,2869100,173,74,99
1464,21,386,2869200,1372,663,709
1465,21,386,2869300,534,235,299
1466,21,386,2869400,1063,562,501
1467,21,386,2869500,0,0,0
1468,21,386,2869600,0,0,0
1469,21,386,2869700,836,368,468
1470,21,386,2869800,1322,625,697
1471,21,386,2869900,2462,1155,1307
1472,21,386,2870000,239,103,136
1473,21,386,2870100,1954,870,1084
1474,21,386,2870200,169,80,89
1475,21,386,2870300,311,150,161
1476,21,386,2870400,388,172,216
1477,21,386,2870500,570,246,324
1478,21,386,2870600,1039,500,539
1479,21,386,2870700,388,185,203
1480,21,386,2870800,1621,796,825
1481,21,386,2870900,1759,845,914
1482,21,386,2871000,1103,549,554
1483,21,386,2871100,338,165,173
1484,21,386,2871200,416,201,215
1485,21,386,2871300,169,79,90
1486,21,386,2871400,803,368,435
1487,21,386,2871500,633,304,329
1488,21,386,2871600,0,0,0
1489,21,386,2871700,479,263,216
1490,21,386,2871800,0,0,0
1491,21,386,2871900,320,156,164
1492,21,386,2872000,206,82,124
1493,21,386,2872100,452,218,234
1494,21,386,2872200,1527,670,857
1495,21,386,2872300,529,262,267
1496,21,386,2872400,260,128,132
1497,21,386,2872500,3433,1674,1759
1498,21,386,2872600,0,0,0
1499,21,386,2872700,0,0,0
1500,21,386,2872800,351,162,189
1501,21,386,2872900,0,0,0
1502,21,386,2873000,46,26,20
1503,21,386,2873100,0,0,0
1504,21,386,2873200,0,0,0
1505,21,386,2873300,0,0,0
1506,21,386,2873400,801,402,399
1507,21,386,2873500,0,0,0
1508,21,386,2873600,0,0,0
1509,21,386,2873700,493,250,243
1510,21,386,2873800,587,326,261
1511,21,386,2873900,12,8,4
1512,21,386,2874000,425,214,211
1513,21,386,2874100,99,44,55
1514,21,386,2874200,4808,2529,2279
1515,21,386,2874300,256,120,136
1516,21,386,2874400,1413,730,683
1517,21,386,2874500,482,241,241
1518,21,386,2874600,157,79,78
1519,21,386,2874700,171,101,70
1520,21,386,2874800,765,381,384
1521,21,386,2874900,1025,489,536
1522,21,386,2875000,1277,662,615
1523,21,386,2875100,889,428,461
1524,21,386,2875200,695,368,327
1525,21,386,2875300,1028,535,493
1526,21,386,2875400,3664,1870,1794
1527,21,386,2875500,660,326,334
1528,21,386,2875600,1492,723,769
1529,21,386,2875700,0,0,0
1530,21,386,2875800,2108,1098,1010
1531,21,386,2875900,0,0,0
1532,21,386,2876000,0,0,0
1533,21,386,2876100,145,72,73
1534,21,386,2876200,40,22,18
1535,21,386,2876300,410,212,198
1536,21,386,2876400,127,67,60
1537,21,386,2876500,170,75,95
1538,21,386,2876600,733,347,386
1539,21,386,2876700,393,200,193
1540,21,386,2876800,692,338,354
1541,21,386,2876900,233,114,119
1542,21,386,2877000,664,310,354
1543,21,386,2877100,565,289,276
1544,21,386,2877200,149,79,70
1545,21,386,2877300,61,33,28
1546,21,386,2877400,0,0,0
1547,21,386,2877500,283,134,149
1548,21,386,2877600,165,74,91
1549,21,386,2877700,740,354,386
1550,21,386,2877800,520,257,263
