,Statecode,Districtcode,VillageCode,Population,Males,Females
0,21,378,1454100,1485,717,768
1,21,378,1454200,746,395,351
2,21,378,1454300,3174,1593,1581
3,21,378,1454400,728,373,355
4,21,378,1454500,478,237,241
5,21,378,1454600,1687,821,866
6,21,378,1454700,830,413,417
7,21,378,1454800,1233,589,644
8,21,378,1454900,1643,847,796
9,21,378,1455000,650,341,309
10,21,378,1455100,0,0,0
11,21,378,1455200,1258,622,636
12,21,378,1455300,652,311,341
13,21,378,1455400,564,319,245
14,21,378,1455500,1323,681,642
15,21,378,1455600,709,382,327
16,21,378,1455700,1940,947,993
17,21,378,1455800,0,0,0
18,21,378,1455900,108,56,52
19,21,378,1456000,589,282,307
20,21,378,1456100,1673,830,843
21,21,378,1456200,2222,1108,1114
22,21,378,1456300,999,517,482
23,21,378,1456400,609,296,313
24,21,378,1456500,532,243,289
25,21,378,1456600,660,333,327
26,21,378,1456700,813,405,408
27,21,378,1456800,910,453,457
28,21,378,1456900,927,461,466
29,21,378,1457000,906,462,444
30,21,378,1457100,4493,2357,2136
31,21,378,1457200,472,225,247
32,21,378,1457300,497,264,233
33,21,378,1457400,110,46,64
34,21,378,1457500,209,103,106
35,21,378,1457600,426,213,213
36,21,378,1457700,451,214,237
37,21,378,1457800,746,386,360
38,21,378,1457900,500,264,236
39,21,378,1458000,301,154,147
40,21,378,1458100,107,55,52
41,21,378,1458200,1729,880,849
42,21,378,1458300,822,425,397
43,21,378,1458400,1304,674,630
44,21,378,1458500,167,91,76
45,21,378,1458600,760,373,387
46,21,378,1458700,1415,693,722
47,21,378,1458800,605,316,289
48,21,378,1458900,256,122,134
49,21,378,1459000,1153,564,589
50,21,378,1459100,402,215,187
51,21,378,1459200,1534,747,787
52,21,378,1459300,1342,648,694
53,21,378,1459400,372,164,208
54,21,378,1459500,1676,842,834
55,21,378,1459600,991,482,509
56,21,378,1459700,895,451,444
57,21,378,1459800,879,422,457
58,21,378,1459900,233,117,116
59,21,378,1460000,528,283,245
60,21,378,1460100,1186,630,556
61,21,378,1460200,540,265,275
62,21,378,1460300,535,254,281
63,21,378,1460400,259,142,117
64,21,378,1460500,623,292,331
65,21,378,1460600,832,428,404
66,21,378,1460700,1370,687,683
67,21,378,1460800,384,182,202
68,21,378,1460900,329,176,153
69,21,378,1461000,810,412,398
70,21,378,1461100,803,407,396
71,21,378,1461200,850,460,390
72,21,378,1461300,1116,575,541
73,21,378,1461400,770,383,387
74,21,378,1461500,3101,1591,1510
75,21,378,1461600,539,279,260
76,21,378,1461700,244,123,121
77,21,378,1461800,333,165,168
78,21,378,1461900,847,399,448
79,21,378,1462000,60,32,28
80,21,378,1462100,926,455,471
81,21,378,1462200,1111,584,527
82,21,378,1462300,622,293,329
83,21,378,1462400,285,130,155
84,21,378,1462500,368,185,183
85,21,378,1462600,289,131,158
86,21,378,1462700,124,52,72
87,21,378,1462800,63,27,36
88,21,378,1462900,1217,627,590
89,21,378,1463000,558,266,292
90,21,378,1463100,1537,757,780
91,21,378,1463200,775,404,371
92,21,378,1463300,0,0,0
93,21,378,1463400,289,144,145
94,21,378,1463500,201,107,94
95,21,378,1463600,138,63,75
96,21,378,1463700,266,134,132
97,21,378,1463800,276,131,145
98,21,378,1463900,1048,512,536
99,21,378,1464000,6049,3029,3020
100,21,378,1464100,295,155,140
101,21,378,1464200,0,0,0
102,21,378,1464300,0,0,0
103,21,378,1464400,1213,599,614
104,21,378,1464500,430,210,220
105,21,378,1464600,141,63,78
106,21,378,1464700,1031,501,530
107,21,378,1464800,717,380,337
108,21,378,1464900,392,190,202
109,21,378,1465000,500,263,237
110,21,378,1465100,174,83,91
111,21,378,1465200,563,269,294
112,21,378,1465300,621,326,295
113,21,378,1465400,561,274,287
114,21,378,1465500,330,147,183
115,21,378,1465600,205,101,104
116,21,378,1465700,618,314,304
117,21,378,1465800,513,266,247
118,21,378,1465900,275,134,141
119,21,378,1466000,425,214,211
120,21,378,1466100,2636,1372,1264
121,21,378,1466200,1662,818,844
122,21,378,1466300,610,312,298
123,21,378,1466400,47,18,29
124,21,378,1466500,591,329,262
125,21,378,1466600,2261,1177,1084
126,21,378,1466700,881,429,452
127,21,378,1466800,560,281,279
128,21,378,1466900,0,0,0
129,21,378,1467000,3008,1546,1462
130,21,378,1467100,1775,867,908
131,21,378,1467200,2227,1110,1117
132,21,378,1467300,241,123,118
133,21,378,1467400,1217,602,615
134,21,378,1467500,729,381,348
135,21,378,1467600,319,161,158
136,21,378,1467700,594,320,274
137,21,378,1467800,311,144,167
138,21,378,1467900,667,341,326
139,21,378,1468000,280,127,153
140,21,378,1468100,670,329,341
141,21,378,1468200,293,152,141
142,21,378,1468300,875,433,442
143,21,378,1468400,214,111,103
144,21,378,1468500,638,331,307
145,21,378,1468600,1310,669,641
146,21,378,1468700,806,398,408
147,21,378,1468800,686,363,323
148,21,378,1468900,383,185,198
149,21,378,1469000,231,120,111
150,21,378,1469100,517,266,251
151,21,378,1469200,345,166,179
152,21,378,1469300,205,100,105
153,21,378,1469400,902,460,442
154,21,378,1469500,92,52,40
155,21,378,1469600,382,204,178
156,21,378,1469700,255,131,124
157,21,378,1469800,134,66,68
158,21,378,1469900,607,314,293
159,21,378,1470000,821,414,407
160,21,378,1470100,660,350,310
161,21,378,1470200,790,405,385
162,21,378,1470300,489,246,243
163,21,378,1470400,569,291,278
164,21,378,1470500,813,388,425
165,21,378,1470600,1091,572,519
166,21,378,1470700,790,370,420
167,21,378,1470800,224,112,112
168,21,378,1470900,263,136,127
169,21,378,1471000,271,130,141
170,21,378,1471100,652,330,322
171,21,378,1471200,819,432,387
172,21,378,1471300,459,246,213
173,21,378,1471400,360,182,178
174,21,378,1471500,2777,1359,1418
175,21,378,1471600,481,232,249
176,21,378,1471700,280,124,156
177,21,378,1471800,679,329,350
178,21,378,1471900,806,416,390
179,21,378,1472000,1439,690,749
180,21,378,1472100,64,28,36
181,21,378,1472200,865,451,414
182,21,378,1472300,985,465,520
183,21,378,1472400,1172,583,589
184,21,378,1472500,279,157,122
185,21,378,1472600,424,215,209
186,21,378,1472700,3241,1623,1618
187,21,378,1472800,3052,1534,1518
188,21,378,1472900,2472,1282,1190
189,21,378,1473000,1116,579,537
190,21,378,1473100,505,256,249
191,21,378,1473200,292,156,136
192,21,378,1473300,4629,2403,2226
193,21,378,1473400,2593,1308,1285
194,21,378,1473500,888,451,437
195,21,378,1473600,1015,548,467
196,21,378,1473700,1009,508,501
197,21,378,1473800,791,391,400
198,21,378,1473900,4645,2311,2334
199,21,378,1474000,3412,1750,1662
200,21,378,1474100,751,396,355
201,21,378,1474200,1345,652,693
202,21,378,1474300,485,249,236
203,21,378,1474400,290,150,140
204,21,378,1474500,1397,700,697
205,21,378,1474600,3419,1729,1690
206,21,378,1474700,3287,1711,1576
207,21,378,1474800,2113,1085,1028
208,21,378,1474900,3144,1584,1560
209,21,378,1475000,4378,2222,2156
210,21,378,1475100,1852,980,872
211,21,378,1475200,3703,1859,1844
212,21,378,1475300,713,375,338
213,21,378,1475400,1215,631,584
214,21,378,1475500,1416,728,688
215,21,378,1475600,2932,1463,1469
216,21,378,1475700,7796,3989,3807
217,21,378,1475800,2184,1092,1092
218,21,378,1475900,1775,850,925
219,21,378,1476000,272,133,139
220,21,378,1476100,141,76,65
221,21,378,1476200,2179,1136,1043
222,21,378,1476300,881,478,403
223,21,378,1476400,1448,759,689
224,21,378,1476500,3259,1676,1583
225,21,378,1476600,1184,591,593
226,21,378,1476700,4658,2366,2292
227,21,378,1476800,1185,602,583
228,21,378,1476900,695,349,346
229,21,378,1477000,1230,593,637
230,21,378,1477100,3202,1588,1614
231,21,378,1477200,2326,1163,1163
232,21,378,1477300,2932,1494,1438
233,21,378,1477400,1303,651,652
234,21,378,1477500,2456,1225,1231
235,21,378,1477600,1743,884,859
236,21,378,1477700,1364,695,669
237,21,378,1477800,2546,1306,1240
238,21,378,1477900,972,510,462
239,21,378,1478000,866,443,423
240,21,378,1478100,170,81,89
241,21,378,1478200,748,363,385
242,21,378,1478300,806,409,397
243,21,378,1478400,562,290,272
244,21,378,1478500,884,449,435
245,21,378,1478600,1991,994,997
246,21,378,1478700,2611,1297,1314
247,21,378,1478800,668,350,318
248,21,378,1478900,3545,1846,1699
249,21,378,1479000,2484,1326,1158
250,21,378,1479100,2548,1315,1233
251,21,378,1479200,816,371,445
252,21,378,1479300,1742,852,890
253,21,378,1479400,3122,1581,1541
254,21,378,1479500,1156,569,587
255,21,378,1479600,204,101,103
256,21,378,1479700,2081,1046,1035
257,21,378,1479800,2967,1547,1420
258,21,378,1479900,4,2,2
259,21,378,1480000,1454,751,703
260,21,378,1480100,0,0,0
261,21,378,1480200,1179,572,607
262,21,378,1480300,570,285,285
263,21,378,1480400,3235,1606,1629
264,21,378,1480500,790,392,398
265,21,378,1480600,182,94,88
266,21,378,1480700,1408,722,686
267,21,378,1480800,1285,681,604
268,21,378,1480900,2060,1038,1022
269,21,378,1481000,2236,1170,1066
270,21,378,1481100,1078,542,536
271,21,378,1481200,1735,838,897
272,21,378,1481300,27,16,11
273,21,378,1481400,468,233,235
274,21,378,1481500,1328,707,621
275,21,378,1481600,402,194,208
276,21,378,1481700,515,269,246
277,21,378,1481800,1571,816,755
278,21,378,1481900,2032,1004,1028
279,21,378,1482000,1175,599,576
280,21,378,1482100,1200,607,593
281,21,378,1482200,2928,1505,1423
282,21,378,1482300,513,274,239
283,21,378,1482400,3115,1576,1539
284,21,378,1482500,1721,842,879
285,21,378,1482600,799,371,428
286,21,378,1482700,1035,489,546
287,21,378,1482800,2051,1034,1017
288,21,378,1482900,994,512,482
289,21,378,1483000,1314,668,646
290,21,378,1483100,592,308,284
291,21,378,1483200,542,269,273
292,21,378,1483300,676,341,335
293,21,378,1483400,355,167,188
294,21,378,1483500,1703,886,817
295,21,378,1483600,1098,560,538
296,21,378,1483700,492,232,260
297,21,378,1483800,4176,2063,2113
298,21,378,1483900,2134,1030,1104
299,21,378,1484000,1329,661,668
300,21,378,1484100,382,205,177
301,21,378,1484200,2904,1474,1430
302,21,378,1484300,460,245,215
303,21,378,1484400,659,326,333
304,21,378,1484500,557,293,264
305,21,378,1484600,1027,521,506
306,21,378,1484700,1334,647,687
307,21,378,1484800,1379,721,658
308,21,378,1484900,750,352,398
309,21,378,1485000,489,243,246
310,21,378,1485100,1783,907,876
311,21,378,1485200,802,430,372
312,21,378,1485300,2590,1267,1323
313,21,378,1485400,1894,950,944
314,21,378,1485500,12163,6158,6005
315,21,378,1485600,1154,558,596
316,21,378,1485700,747,371,376
317,21,378,1485800,3341,1703,1638
318,21,378,1485900,455,229,226
319,21,378,1486000,731,382,349
320,21,378,1486100,3023,1541,1482
321,21,378,1486200,1982,1016,966
322,21,378,1486300,508,263,245
323,21,378,1486400,980,469,511
324,21,378,1486500,596,322,274
325,21,378,1486600,4409,2237,2172
326,21,378,1486700,480,243,237
327,21,378,1486800,1830,958,872
328,21,378,1486900,570,296,274
329,21,378,1487000,987,492,495
330,21,378,1487100,412,207,205
331,21,378,1487200,868,418,450
332,21,378,1487300,249,126,123
333,21,378,1487400,489,259,230
334,21,378,1487500,1517,768,749
335,21,378,1487600,966,482,484
336,21,378,1487700,1178,578,600
337,21,378,1487800,1252,629,623
338,21,378,1487900,572,290,282
339,21,378,1488000,424,223,201
340,21,378,1488100,0,0,0
341,21,378,1488200,2034,1035,999
342,21,378,1488300,0,0,0
343,21,378,1488400,1279,623,656
344,21,378,1488500,776,386,390
345,21,378,1488600,1795,929,866
346,21,378,1488700,1333,641,692
347,21,378,1488800,1962,1021,941
348,21,378,1488900,3125,1580,1545
349,21,378,1489000,0,0,0
350,21,378,1489100,0,0,0
351,21,378,1489200,570,290,280
352,21,378,1489300,2852,1436,1416
353,21,378,1489400,138,66,72
354,21,378,1489500,1076,548,528
355,21,378,1489600,627,327,300
356,21,378,1489700,1075,525,550
357,21,378,1489800,1090,564,526
358,21,378,1489900,3023,1512,1511
359,21,378,1490000,766,407,359
360,21,378,1490100,1040,524,516
361,21,378,1490200,583,298,285
362,21,378,1490300,928,465,463
363,21,378,1490400,640,326,314
364,21,378,1490500,826,418,408
365,21,378,1490600,873,454,419
366,21,378,1490700,156,80,76
367,21,378,1490800,1855,974,881
368,21,378,1490900,541,276,265
369,21,378,1491000,1129,586,543
370,21,378,1491100,378,197,181
371,21,378,1491200,871,425,446
372,21,378,1491300,1191,577,614
373,21,378,1491400,1942,1002,940
374,21,378,1491500,613,279,334
375,21,378,1491600,363,176,187
376,21,378,1491700,316,167,149
377,21,378,1491800,1478,738,740
378,21,378,1491900,0,0,0
379,21,378,1492000,679,333,346
380,21,378,1492100,690,359,331
381,21,378,1492200,1508,751,757
382,21,378,1492300,124,58,66
383,21,378,1492400,96,47,49
384,21,378,1492500,1803,875,928
385,21,378,1492600,1544,794,750
386,21,378,1492700,0,0,0
387,21,378,1492800,1370,697,673
388,21,378,1492900,2034,1002,1032
389,21,378,1493000,244,114,130
390,21,378,1493100,1100,559,541
391,21,378,1493200,770,362,408
392,21,378,1493300,3172,1594,1578
393,21,378,1493400,806,386,420
394,21,378,1493500,2926,1477,1449
395,21,378,1493600,921,471,450
396,21,378,1493700,880,440,440
397,21,378,1493800,712,365,347
398,21,378,1493900,146,71,75
399,21,378,1494000,539,266,273
400,21,378,1494100,788,398,390
401,21,378,1494200,2465,1279,1186
402,21,378,1494300,1208,607,601
403,21,378,1494400,0,0,0
404,21,378,1494500,494,239,255
405,21,378,1494600,419,221,198
406,21,378,1494700,608,313,295
407,21,378,1494800,401,205,196
408,21,378,1494900,0,0,0
409,21,378,1495000,764,384,380
410,21,378,1495100,797,398,399
411,21,378,1495200,539,282,257
412,21,378,1495300,1379,676,703
413,21,378,1495400,1772,891,881
414,21,378,1495500,1054,560,494
415,21,378,1495600,241,126,115
416,21,378,1495700,197,106,91
417,21,378,1495800,969,462,507
418,21,378,1495900,880,440,440
419,21,378,1496000,1730,887,843
420,21,378,1496100,262,125,137
421,21,378,1496200,980,472,508
422,21,378,1496300,862,426,436
423,21,378,1496400,3461,1712,1749
424,21,378,1496500,1319,678,641
425,21,378,1496600,1512,731,781
426,21,378,1496700,368,200,168
427,21,378,1496800,481,245,236
428,21,378,1496900,0,0,0
429,21,378,1497000,0,0,0
430,21,378,1497100,458,247,211
431,21,378,1497200,866,460,406
432,21,378,1497300,0,0,0
433,21,378,1497400,192,91,101
434,21,378,1497500,227,115,112
435,21,378,1497600,150,75,75
436,21,378,1497700,772,412,360
437,21,378,1497800,624,306,318
438,21,378,1497900,1008,485,523
439,21,378,1498000,275,155,120
440,21,378,1498100,789,405,384
441,21,378,1498200,760,396,364
442,21,378,1498300,2119,1054,1065
443,21,378,1498400,528,280,248
444,21,378,1498500,663,311,352
445,21,378,1498600,708,379,329
446,21,378,1498700,309,164,145
447,21,378,1498800,246,125,121
448,21,378,1498900,581,315,266
449,21,378,1499000,440,222,218
450,21,378,1499100,170,85,85
451,21,378,1499200,2714,1405,1309
452,21,378,1499300,1002,500,502
453,21,378,1499400,652,327,325
454,21,378,1499500,304,157,147
455,21,378,1499600,341,181,160
456,21,378,1499700,1313,644,669
457,21,378,1499800,163,81,82
458,21,378,1499900,0,0,0
459,21,378,1500000,1119,579,540
460,21,378,1500100,3222,1604,1618
461,21,378,1500200,108,47,61
462,21,378,1500300,85,42,43
463,21,378,1500400,407,192,215
464,21,378,1500500,512,279,233
465,21,378,1500600,1206,580,626
466,21,378,1500700,884,436,448
467,21,378,1500800,106,51,55
468,21,378,1500900,2227,1109,1118
469,21,378,1501000,1541,775,766
470,21,378,1501100,1872,956,916
471,21,378,1501200,740,373,367
472,21,378,1501300,594,292,302
473,21,378,1501400,1903,969,934
474,21,378,1501500,64,33,31
475,21,378,1501600,56,17,39
476,21,378,1501700,955,469,486
477,21,378,1501800,683,356,327
478,21,378,1501900,432,214,218
479,21,378,1502000,391,193,198
480,21,378,1502100,120,66,54
481,21,378,1502200,414,195,219
482,21,378,1502300,190,93,97
483,21,378,1502400,426,221,205
484,21,378,1502500,280,150,130
485,21,378,1502600,722,371,351
486,21,378,1502700,0,0,0
487,21,378,1502800,2068,1088,980
488,21,378,1502900,2465,1254,1211
489,21,378,1503000,2234,1168,1066
490,21,378,1503100,2107,1045,1062
491,21,378,1503200,0,0,0
492,21,378,1503300,1460,728,732
493,21,378,1503400,214,114,100
494,21,378,1503500,383,191,192
495,21,378,1503600,1762,910,852
496,21,378,1503700,610,300,310
497,21,378,1503800,1681,870,811
498,21,378,1503900,2221,1111,1110
499,21,378,1504000,847,430,417
500,21,378,1504100,667,360,307
501,21,378,1504200,1743,857,886
502,21,378,1504300,495,272,223
503,21,378,1504400,2574,1313,1261
504,21,378,1504500,713,364,349
505,21,378,1504600,501,256,245
506,21,378,1504700,253,119,134
507,21,378,1504800,239,130,109
508,21,378,1504900,2888,1409,1479
509,21,378,1505000,521,266,255
510,21,378,1505100,0,0,0
511,21,378,1505200,1529,786,743
512,21,378,1505300,343,181,162
513,21,378,1505400,1091,567,524
514,21,378,1505500,621,333,288
515,21,378,1505600,161,85,76
516,21,378,1505700,583,308,275
517,21,378,1505800,1047,532,515
518,21,378,1505900,798,398,400
519,21,378,1506000,323,175,148
520,21,378,1506100,438,213,225
521,21,378,1506200,1169,591,578
522,21,378,1506300,0,0,0
523,21,378,1506400,273,137,136
524,21,378,1506500,0,0,0
525,21,378,1506600,912,479,433
526,21,378,1506700,750,365,385
527,21,378,1506800,1611,806,805
528,21,378,1506900,0,0,0
529,21,378,1507000,899,449,450
530,21,378,1507100,1559,777,782
531,21,378,1507200,572,293,279
532,21,378,1507300,1665,868,797
533,21,378,1507400,539,261,278
534,21,378,1507500,2221,1133,1088
535,21,378,1507600,43,18,25
536,21,378,1507700,560,281,279
537,21,378,1507800,455,235,220
538,21,378,1507900,1176,577,599
539,21,378,1508000,535,256,279
540,21,378,1508100,1166,600,566
541,21,378,1508200,1230,614,616
542,21,378,1508300,1036,513,523
543,21,378,1508400,840,433,407
544,21,378,1508500,509,269,240
545,21,378,1508600,572,295,277
546,21,378,1508700,365,201,164
547,21,378,1508800,1783,850,933
548,21,378,1508900,3499,1750,1749
549,21,378,1509000,800,368,432
550,21,378,1509100,498,254,244
551,21,378,1509200,0,0,0
552,21,378,1509300,2467,1230,1237
553,21,378,1509400,43,18,25
554,21,378,1509500,252,125,127
555,21,378,1509600,1662,808,854
556,21,378,1509700,2778,1436,1342
557,21,378,1509800,650,321,329
558,21,378,1509900,453,227,226
559,21,378,1510000,581,289,292
560,21,378,1510100,971,455,516
561,21,378,1510200,0,0,0
562,21,378,1510300,0,0,0
563,21,378,1510400,24,12,12
564,21,378,1510500,855,404,451
565,21,378,1510600,291,153,138
566,21,378,1510700,0,0,0
567,21,378,1510800,718,352,366
568,21,378,1510900,434,217,217
569,21,378,1511000,1082,577,505
570,21,378,1511100,695,339,356
571,21,378,1511200,270,137,133
572,21,378,1511300,1488,762,726
573,21,378,1511400,728,375,353
574,21,378,1511500,1388,700,688
575,21,378,1511600,0,0,0
576,21,378,1511700,0,0,0
577,21,378,1511800,4374,2208,2166
578,21,378,1511900,0,0,0
579,21,378,1512000,517,263,254
580,21,378,1512100,146,67,79
581,21,378,1512200,3719,1884,1835
582,21,378,1512300,1009,525,484
583,21,378,1512400,4135,2154,1981
584,21,378,1512500,3213,1685,1528
585,21,378,1512600,700,355,345
586,21,378,1512700,0,0,0
587,21,378,1512800,1355,695,660
588,21,378,1512900,1931,942,989
589,21,378,1513000,3161,1511,1650
590,21,378,1513100,1104,512,592
591,21,378,1513200,2081,991,1090
592,21,378,1513300,1230,631,599
593,21,378,1513400,36,21,15
594,21,378,1513500,84,41,43
595,21,378,1513600,919,438,481
596,21,378,1513700,909,440,469
597,21,378,1513800,1249,630,619
598,21,378,1513900,404,199,205
599,21,378,1514000,747,378,369
600,21,378,1514100,2410,1227,1183
601,21,378,1514200,799,399,400
602,21,378,1514300,1161,559,602
603,21,378,1514400,929,426,503
604,21,378,1514500,383,199,184
605,21,378,1514600,822,381,441
606,21,378,1514700,1761,888,873
607,21,378,1514800,1348,689,659
608,21,378,1514900,1901,938,963
609,21,378,1515000,2229,1078,1151
610,21,378,1515100,1460,702,758
611,21,378,1515200,863,419,444
612,21,378,1515300,0,0,0
613,21,378,1515400,1164,601,563
614,21,378,1515500,2770,1385,1385
615,21,378,1515600,985,462,523
616,21,378,1515700,605,322,283
617,21,378,1515800,266,134,132
618,21,378,1515900,643,326,317
619,21,378,1516000,2710,1376,1334
620,21,378,1516100,326,167,159
621,21,378,1516200,1359,684,675
622,21,378,1516300,1742,863,879
623,21,378,1516400,1109,578,531
624,21,378,1516500,3568,1852,1716
625,21,378,1516600,3789,1918,1871
626,21,378,1516700,2392,1238,1154
627,21,378,1516800,449,220,229
628,21,378,1516900,587,306,281
629,21,378,1517000,1942,986,956
630,21,378,1517100,0,0,0
631,21,378,1517200,710,352,358
632,21,378,1517300,810,402,408
633,21,378,1517400,3823,2021,1802
634,21,378,1517500,1920,931,989
635,21,378,1517600,1806,945,861
636,21,378,1517700,738,362,376
637,21,378,1517800,700,333,367
638,21,378,1517900,0,0,0
639,21,378,1518000,1880,967,913
640,21,378,1518100,4538,2227,2311
641,21,378,1518200,838,395,443
642,21,378,1518300,3303,1665,1638
643,21,378,1518400,1329,663,666
644,21,378,1518500,1329,644,685
645,21,378,1518600,731,354,377
646,21,378,1518700,2758,1353,1405
647,21,378,1518800,578,280,298
648,21,378,1518900,373,183,190
649,21,378,1519000,245,115,130
650,21,378,1519100,2257,1199,1058
651,21,378,1519200,2698,1375,1323
652,21,378,1519300,1586,820,766
653,21,378,1519400,2119,1095,1024
654,21,378,1519500,2619,1324,1295
655,21,378,1519600,926,434,492
656,21,378,1519700,4312,2218,2094
657,21,378,1519800,2408,1199,1209
658,21,378,1519900,3917,1928,1989
659,21,378,1520000,3164,1606,1558
660,21,378,1520100,2932,1474,1458
661,21,378,1520200,2138,1069,1069
662,21,378,1520300,942,469,473
663,21,378,1520400,6609,3305,3304
664,21,378,1520500,2858,1426,1432
665,21,378,1520600,949,488,461
666,21,378,1520700,2526,1269,1257
667,21,378,1520800,1604,758,846
668,21,378,1520900,3427,1705,1722
669,21,378,1521000,1383,691,692
670,21,378,1521100,1575,728,847
671,21,378,1521200,4777,2367,2410
672,21,378,1521300,1408,648,760
673,21,378,1521400,2258,1130,1128
674,21,378,1521500,1449,689,760
675,21,378,1521600,1542,752,790
676,21,378,1521700,2177,1115,1062
677,21,378,1521800,152,77,75
678,21,378,1521900,2422,1285,1137
679,21,378,1522000,3726,1889,1837
680,21,378,1522100,2476,1277,1199
681,21,378,1522200,876,410,466
682,21,378,1522300,599,295,304
683,21,378,1522400,1282,639,643
684,21,378,1522500,906,436,470
685,21,378,1522600,591,275,316
686,21,378,1522700,472,244,228
687,21,378,1522800,644,308,336
688,21,378,1522900,1019,511,508
689,21,378,1523000,1343,648,695
690,21,378,1523100,1073,502,571
691,21,378,1523200,296,141,155
692,21,378,1523300,1335,686,649
693,21,378,1523400,2704,1388,1316
694,21,378,1523500,1243,611,632
695,21,378,1523600,323,152,171
696,21,378,1523700,3737,1961,1776
697,21,378,1523800,1031,523,508
698,21,378,1523900,1857,988,869
699,21,378,1524000,2457,1275,1182
700,21,378,1524100,1276,668,608
701,21,378,1524200,5997,2934,3063
702,21,378,1524300,301,165,136
703,21,378,1524400,907,458,449
704,21,378,1524500,1065,541,524
705,21,378,1524600,1228,611,617
706,21,378,1524700,3166,1606,1560
707,21,378,1524800,721,361,360
708,21,378,1524900,5400,2715,2685
709,21,378,1525000,936,455,481
710,21,378,1525100,1730,912,818
711,21,378,1525200,482,249,233
712,21,378,1525300,2040,1030,1010
713,21,378,1525400,386,195,191
714,21,378,1525500,2293,1147,1146
715,21,378,1525600,369,189,180
716,21,378,1525700,271,137,134
717,21,378,1525800,1036,531,505
718,21,378,1525900,954,485,469
719,21,378,1526000,901,459,442
720,21,378,1526100,852,435,417
721,21,378,1526200,295,157,138
722,21,378,1526300,772,382,390
723,21,378,1526400,756,375,381
724,21,378,1526500,1399,676,723
725,21,378,1526600,2040,1064,976
726,21,378,1526700,1347,730,617
727,21,378,1526800,1086,551,535
728,21,378,1526900,1580,737,843
729,21,378,1527000,330,166,164
730,21,378,1527100,2447,1271,1176
731,21,378,1527200,4232,2197,2035
732,21,378,1527300,3329,1613,1716
733,21,378,1527400,1620,813,807
734,21,378,1527500,1993,991,1002
735,21,378,1527600,648,296,352
736,21,378,1527700,0,0,0
737,21,378,1527800,6897,3604,3293
738,21,378,1527900,270,141,129
739,21,378,1528000,579,300,279
740,21,378,1528100,141,62,79
741,21,378,1528200,1644,782,862
742,21,378,1528300,530,273,257
743,21,378,1528400,0,0,0
744,21,378,1528500,615,320,295
745,21,378,1528600,634,311,323
746,21,378,1528700,670,331,339
747,21,378,1528800,1030,531,499
748,21,378,1528900,647,327,320
749,21,378,1529000,1101,533,568
750,21,378,1529100,5103,2597,2506
751,21,378,1529200,560,275,285
752,21,378,1529300,669,354,315
753,21,378,1529400,3180,1645,1535
754,21,378,1529500,1380,682,698
755,21,378,1529600,465,239,226
756,21,378,1529700,722,378,344
757,21,378,1529800,1621,841,780
758,21,378,1529900,1391,687,704
759,21,378,1530000,407,205,202
760,21,378,1530100,2460,1238,1222
761,21,378,1530200,1226,624,602
762,21,378,1530300,378,170,208
763,21,378,1530400,1017,523,494
764,21,378,1530500,345,164,181
765,21,378,1530600,2601,1276,1325
766,21,378,1530700,205,91,114
767,21,378,1530800,386,184,202
768,21,378,1530900,658,350,308
769,21,378,1531000,1298,669,629
770,21,378,1531100,189,77,112
771,21,378,1531200,0,0,0
772,21,378,1531300,1095,553,542
773,21,378,1531400,409,205,204
774,21,378,1531500,602,324,278
775,21,378,1531600,356,189,167
776,21,378,1531700,375,181,194
777,21,378,1531800,591,311,280
778,21,378,1531900,383,201,182
779,21,378,1532000,1266,587,679
780,21,378,1532100,487,247,240
781,21,378,1532200,859,448,411
782,21,378,1532300,1279,638,641
783,21,378,1532400,55,28,27
784,21,378,1532500,0,0,0
785,21,378,1532600,371,182,189
786,21,378,1532700,0,0,0
787,21,378,1532800,433,214,219
788,21,378,1532900,1686,839,847
789,21,378,1533000,0,0,0
790,21,378,1533100,955,469,486
791,21,378,1533200,174,80,94
792,21,378,1533300,820,442,378
793,21,378,1533400,1419,736,683
794,21,378,1533500,3595,1795,1800
795,21,378,1533600,1036,508,528
796,21,378,1533700,550,290,260
797,21,378,1533800,1473,776,697
798,21,378,1533900,1457,731,726
799,21,378,1534000,1854,897,957
800,21,378,1534100,1790,906,884
801,21,378,1534200,2225,1100,1125
802,21,378,1534300,149,75,74
803,21,378,1534400,802,420,382
804,21,378,1534500,2290,1164,1126
805,21,378,1534600,1734,871,863
806,21,378,1534700,2194,1104,1090
807,21,378,1534800,1463,737,726
808,21,378,1534900,712,362,350
809,21,378,1535000,2395,1167,1228
810,21,378,1535100,1981,997,984
811,21,378,1535200,4455,2219,2236
812,21,378,1535300,401,209,192
813,21,378,1535400,0,0,0
814,21,378,1535500,528,275,253
815,21,378,1535600,2606,1280,1326
816,21,378,1535700,972,498,474
817,21,378,1535800,2318,1160,1158
818,21,378,1535900,1862,868,994
819,21,378,1536000,2194,1085,1109
820,21,378,1536100,3751,1841,1910
821,21,378,1536200,5940,3001,2939
822,21,378,1536300,4243,2024,2219
823,21,378,1536400,1299,673,626
824,21,378,1536500,826,402,424
825,21,378,1536600,1442,723,719
826,21,378,1536700,942,453,489
827,21,378,1536800,379,191,188
828,21,378,1536900,1485,767,718
829,21,378,1537000,1242,623,619
830,21,378,1537100,1098,587,511
831,21,378,1537200,4314,2218,2096
832,21,378,1537300,1829,971,858
833,21,378,1537400,1528,761,767
834,21,378,1537500,2796,1418,1378
835,21,378,1537600,3737,1882,1855
836,21,378,1537700,1299,647,652
837,21,378,1537800,259,140,119
838,21,378,1537900,1425,717,708
839,21,378,1538000,848,448,400
840,21,378,1538100,1246,631,615
841,21,378,1538200,638,320,318
842,21,378,1538300,925,498,427
843,21,378,1538400,2010,1035,975
844,21,378,1538500,2181,1124,1057
845,21,378,1538600,5,2,3
846,21,378,1538700,35,17,18
847,21,378,1538800,1482,782,700
848,21,378,1538900,1901,979,922
849,21,378,1539000,2919,1501,1418
850,21,378,1539100,1039,508,531
851,21,378,1539200,2260,1166,1094
852,21,378,1539300,1926,956,970
853,21,378,1539400,2182,1091,1091
854,21,378,1539500,889,438,451
855,21,378,1539600,420,216,204
856,21,378,1539700,2577,1359,1218
857,21,378,1539800,2992,1525,1467
858,21,378,1539900,1249,624,625
859,21,378,1540000,596,301,295
860,21,378,1540100,303,140,163
861,21,378,1540200,326,175,151
862,21,378,1540300,819,416,403
863,21,378,1540400,298,162,136
864,21,378,1540500,289,150,139
865,21,378,1540600,937,481,456
866,21,378,1540700,2439,1268,1171
867,21,378,1540800,0,0,0
868,21,378,1540900,349,185,164
869,21,378,1541000,2091,1088,1003
870,21,378,1541100,1966,1002,964
871,21,378,1541200,493,245,248
872,21,378,1541300,1183,586,597
873,21,378,1541400,1154,580,574
874,21,378,1541500,3876,2002,1874
875,21,378,1541600,1723,850,873
876,21,378,1541700,743,346,397
877,21,378,1541800,615,269,346
878,21,378,1541900,1602,778,824
879,21,378,1542000,1436,746,690
880,21,378,1542100,912,468,444
881,21,378,1542200,428,209,219
882,21,378,1542300,608,299,309
883,21,378,1542400,452,206,246
884,21,378,1542500,848,395,453
885,21,378,1542600,410,194,216
886,21,378,1542700,524,259,265
887,21,378,1542800,1559,790,769
888,21,378,1542900,3022,1521,1501
889,21,378,1543000,0,0,0
890,21,378,1543100,3573,1733,1840
891,21,378,1543200,581,293,288
892,21,378,1543300,1553,828,725
893,21,378,1543400,1061,500,561
894,21,378,1543500,420,221,199
895,21,378,1543600,455,231,224
896,21,378,1543700,818,412,406
897,21,378,1543800,379,197,182
898,21,378,1543900,488,233,255
899,21,378,1544000,1725,851,874
900,21,378,1544100,2055,1044,1011
901,21,378,1544200,551,274,277
902,21,378,1544300,2411,1201,1210
903,21,378,1544400,371,182,189
904,21,378,1544500,879,459,420
905,21,378,1544600,481,235,246
906,21,378,1544700,432,205,227
907,21,378,1544800,1155,601,554
908,21,378,1544900,1246,603,643
909,21,378,1545000,2167,1100,1067
910,21,378,1545100,1336,697,639
911,21,378,1545200,388,194,194
912,21,378,1545300,548,276,272
913,21,378,1545400,0,0,0
914,21,378,1545500,500,240,260
915,21,378,1545600,615,330,285
916,21,378,1545700,375,183,192
917,21,378,1545800,517,246,271
918,21,378,1545900,568,266,302
919,21,378,1546000,2034,1007,1027
920,21,378,1546100,0,0,0
921,21,378,1546200,708,361,347
922,21,378,1546300,527,292,235
923,21,378,1546400,498,239,259
924,21,378,1546500,298,155,143
925,21,378,1546600,2148,1059,1089
926,21,378,1546700,1021,510,511
927,21,378,1546800,1238,608,630
928,21,378,1546900,5134,2659,2475
929,21,378,1547000,957,455,502
930,21,378,1547100,90,48,42
931,21,378,1547200,1319,679,640
932,21,378,1547300,3673,1914,1759
933,21,378,1547400,2459,1265,1194
934,21,378,1547500,4086,2072,2014
935,21,378,1547600,981,509,472
936,21,378,1547700,119,60,59
937,21,378,1547800,941,474,467
938,21,378,1547900,301,138,163
939,21,378,1548000,419,207,212
940,21,378,1548100,459,233,226
941,21,378,1548200,490,247,243
942,21,378,1548300,673,341,332
943,21,378,1548400,557,306,251
944,21,378,1548500,265,133,132
945,21,378,1548600,327,170,157
946,21,378,1548700,945,473,472
947,21,378,1548800,1963,974,989
948,21,378,1548900,772,381,391
949,21,378,1549000,920,450,470
950,21,378,1549100,1329,673,656
951,21,378,1549200,519,255,264
952,21,378,1549300,828,416,412
953,21,378,1549400,319,160,159
954,21,378,1549500,782,410,372
955,21,378,1549600,875,453,422
956,21,378,1549700,1514,750,764
957,21,378,1549800,430,207,223
958,21,378,1549900,335,176,159
959,21,378,1550000,553,311,242
960,21,378,1550100,1561,806,755
961,21,378,1550200,1424,724,700
962,21,378,1550300,51,18,33
963,21,378,1550400,847,413,434
964,21,378,1550500,2271,1161,1110
965,21,378,1550600,1854,930,924
966,21,378,1550700,1697,906,791
967,21,378,1550800,259,127,132
968,21,378,1550900,1998,1017,981
969,21,378,1551000,0,0,0
970,21,378,1551100,102,55,47
971,21,378,1551200,46,24,22
972,21,378,1551300,0,0,0
973,21,378,1551400,10,7,3
974,21,378,1551500,107,48,59
975,21,378,1551600,4,2,2
976,21,378,1551700,64,31,33
977,21,378,1551800,1166,601,565
978,21,378,1551900,3898,2022,1876
979,21,378,1552000,1318,657,661
980,21,378,1552100,93,48,45
981,21,378,1552200,184,90,94
982,21,378,1552300,272,144,128
983,21,378,1552400,0,0,0
984,21,378,1552500,490,282,208
985,21,378,1552600,464,251,213
986,21,378,1552700,8,5,3
987,21,378,1552800,535,285,250
988,21,378,1552900,490,222,268
989,21,378,1553000,662,319,343
990,21,378,1553100,669,364,305
991,21,378,1553200,356,190,166
992,21,378,1553300,724,383,341
993,21,378,1553400,1666,821,845
994,21,378,1553500,1005,521,484
995,21,378,1553600,1555,806,749
996,21,378,1553700,722,388,334
997,21,378,1553800,1575,790,785
998,21,378,1553900,2389,1220,1169
999,21,378,1554000,722,329,393
1000,21,378,1554100,2345,1197,1148
1001,21,378,1554200,1673,858,815
1002,21,378,1554300,352,183,169
1003,21,378,1554400,492,272,220
1004,21,378,1554500,902,490,412
1005,21,378,1554600,648,330,318
1006,21,378,1554700,0,0,0
1007,21,378,1554800,1186,622,564
1008,21,378,1554900,473,235,238
1009,21,378,1555000,0,0,0
1010,21,378,1555100,0,0,0
1011,21,378,1555200,298,147,151
1012,21,378,1555300,1923,992,931
1013,21,378,1555400,1637,840,797
1014,21,378,1555500,7,3,4
1015,21,378,1555600,470,232,238
1016,21,378,1555700,0,0,0
1017,21,378,1555800,93,48,45
1018,21,378,1555900,1224,581,643
1019,21,378,1556000,954,448,506
1020,21,378,1556100,1553,758,795
1021,21,378,1556200,356,174,182
1022,21,378,1556300,678,365,313
1023,21,378,1556400,141,82,59
1024,21,378,1556500,46,24,22
1025,21,378,1556600,505,259,246
1026,21,378,1556700,65,28,37
1027,21,378,1556800,5,3,2
1028,21,378,1556900,686,352,334
1029,21,378,1557000,718,352,366
1030,21,378,1557100,579,296,283
1031,21,378,1557200,1210,626,584
1032,21,378,1557300,2131,1110,1021
1033,21,378,1557400,2259,1139,1120
1034,21,378,1557500,1983,997,986
1035,21,378,1557600,425,199,226
1036,21,378,1557700,3297,1666,1631
1037,21,378,1557800,891,429,462
1038,21,378,1557900,2065,1026,1039
1039,21,378,1558000,150,72,78
1040,21,378,1558100,1624,826,798
1041,21,378,1558200,56,32,24
1042,21,378,1558300,180,87,93
1043,21,378,1558400,638,336,302
1044,21,378,1558500,239,126,113
1045,21,378,1558600,1358,695,663
1046,21,378,1558700,971,489,482
1047,21,378,1558800,873,445,428
1048,21,378,1558900,926,481,445
1049,21,378,1559000,308,142,166
1050,21,378,1559100,1674,875,799
1051,21,378,1559200,1533,775,758
1052,21,378,1559300,117,60,57
1053,21,378,1559400,2091,1094,997
1054,21,378,1559500,421,229,192
1055,21,378,1559600,245,119,126
1056,21,378,1559700,859,444,415
1057,21,378,1559800,10,4,6
1058,21,378,1559900,1962,991,971
1059,21,378,1560000,1279,611,668
1060,21,378,1560100,131,67,64
1061,21,378,1560200,48,28,20
1062,21,378,1560300,2327,1174,1153
1063,21,378,1560400,3260,1635,1625
1064,21,378,1560500,1819,932,887
1065,21,378,1560600,1631,789,842
1066,21,378,1560700,650,323,327
1067,21,378,1560800,1651,837,814
1068,21,378,1560900,1030,518,512
1069,21,378,1561000,416,225,191
1070,21,378,1561100,282,149,133
1071,21,378,1561200,2417,1223,1194
1072,21,378,1561300,266,138,128
1073,21,378,1561400,327,167,160
1074,21,378,1561500,448,232,216
1075,21,378,1561600,289,146,143
1076,21,378,1561700,323,175,148
1077,21,378,1561800,1201,623,578
1078,21,378,1561900,38,21,17
1079,21,378,1562000,321,152,169
1080,21,378,1562100,909,473,436
1081,21,378,1562200,1015,521,494
1082,21,378,1562300,106,106,0
1083,21,378,1562400,813,407,406
1084,21,378,1562500,1402,704,698
1085,21,378,1562600,206,110,96
1086,21,378,1562700,782,395,387
1087,21,378,1562800,564,292,272
1088,21,378,1562900,1378,753,625
1089,21,378,1563000,741,373,368
1090,21,378,1563100,1290,634,656
1091,21,378,1563200,2435,1244,1191
1092,21,378,1563300,945,481,464
1093,21,378,1563400,1252,674,578
1094,21,378,1563500,1265,642,623
1095,21,378,1563600,533,265,268
1096,21,378,1563700,229,117,112
1097,21,378,1563800,661,354,307
1098,21,378,1563900,194,95,99
1099,21,378,1564000,1146,572,574
1100,21,378,1564100,837,421,416
1101,21,378,1564200,414,212,202
1102,21,378,1564300,1018,531,487
1103,21,378,1564400,183,96,87
1104,21,378,1564500,313,165,148
1105,21,378,1564600,235,123,112
1106,21,378,1564700,3353,1741,1612
1107,21,378,1564800,650,331,319
1108,21,378,1564900,1018,542,476
1109,21,378,1565000,948,484,464
1110,21,378,1565100,265,136,129
1111,21,378,1565200,1481,790,691
1112,21,378,1565300,132,68,64
1113,21,378,1565400,1020,512,508
1114,21,378,1565500,1971,1008,963
1115,21,378,1565600,494,249,245
1116,21,378,1565700,1935,974,961
1117,21,378,1565800,0,0,0
1118,21,378,1565900,1415,750,665
1119,21,378,1566000,657,341,316
1120,21,378,1566100,750,407,343
1121,21,378,1566200,1075,534,541
1122,21,378,1566300,1256,607,649
1123,21,378,1566400,806,419,387
1124,21,378,1566500,1632,846,786
1125,21,378,1566600,418,215,203
1126,21,378,1566700,0,0,0
1127,21,378,1566800,0,0,0
1128,21,378,1566900,0,0,0
1129,21,378,1567000,760,382,378
1130,21,378,1567100,739,344,395
1131,21,378,1567200,882,464,418
1132,21,378,1567300,7736,3810,3926
1133,21,378,1567400,7047,3560,3487
1134,21,378,1567500,162,72,90
1135,21,378,1567600,687,333,354
1136,21,378,1567700,542,235,307
1137,21,378,1567800,1364,626,738
1138,21,378,1567900,1416,623,793
1139,21,378,1568000,671,333,338
1140,21,378,1568100,777,381,396
1141,21,378,1568200,958,473,485
1142,21,378,1568300,313,144,169
1143,21,378,1568400,870,430,440
1144,21,378,1568500,605,291,314
1145,21,378,1568600,1179,596,583
1146,21,378,1568700,2348,1198,1150
1147,21,378,1568800,845,445,400
1148,21,378,1568900,468,235,233
1149,21,378,1569000,412,217,195
1150,21,378,1569100,412,204,208
1151,21,378,1569200,2318,1126,1192
1152,21,378,1569300,697,359,338
1153,21,378,1569400,383,195,188
1154,21,378,1569500,710,364,346
1155,21,378,1569600,884,462,422
1156,21,378,1569700,0,0,0
1157,21,378,1569800,816,420,396
1158,21,378,1569900,975,414,561
1159,21,378,1570000,2824,1414,1410
1160,21,378,1570100,1027,513,514
1161,21,378,1570200,276,132,144
1162,21,378,1570300,369,195,174
1163,21,378,1570400,321,166,155
1164,21,378,1570500,741,361,380
1165,21,378,1570600,701,365,336
1166,21,378,1570700,445,215,230
1167,21,378,1570800,114,51,63
1168,21,378,1570900,1690,789,901
1169,21,378,1571000,868,434,434
1170,21,378,1571100,13438,6593,6845
1171,21,378,1571200,243,126,117
1172,21,378,1571300,890,454,436
1173,21,378,1571400,791,407,384
1174,21,378,1571500,484,214,270
1175,21,378,1571600,0,0,0
1176,21,378,1571700,621,316,305
1177,21,378,1571800,1158,577,581
1178,21,378,1571900,33,13,20
1179,21,378,1572000,2139,1071,1068
1180,21,378,1572100,190,91,99
1181,21,378,1572200,1531,762,769
1182,21,378,1572300,493,260,233
1183,21,378,1572400,390,209,181
1184,21,378,1572500,1376,697,679
1185,21,378,1572600,285,153,132
1186,21,378,1572700,2345,1206,1139
1187,21,378,1572800,1455,764,691
1188,21,378,1572900,21,12,9
1189,21,378,1573000,837,418,419
1190,21,378,1573100,572,291,281
1191,21,378,1573200,695,368,327
1192,21,378,1573300,2013,1017,996
1193,21,378,1573400,1597,820,777
1194,21,378,1573500,0,0,0
1195,21,378,1573600,0,0,0
1196,21,378,1573700,865,416,449
1197,21,378,1573800,0,0,0
1198,21,378,1573900,435,227,208
1199,21,378,1574000,0,0,0
1200,21,378,1574100,443,207,236
1201,21,378,1574200,2513,1327,1186
1202,21,378,1574300,1073,543,530
1203,21,378,1574400,3126,1627,1499
1204,21,378,1574500,624,321,303
1205,21,378,1574600,1901,887,1014
1206,21,378,1574700,477,252,225
1207,21,378,1574800,26,12,14
1208,21,378,1574900,82,46,36
1209,21,378,1575000,68,38,30
1210,21,378,1575100,42,21,21
1211,21,378,1575200,275,146,129
1212,21,378,1575300,244,134,110
1213,21,378,1575400,290,157,133
1214,21,378,1575500,2198,1121,1077
1215,21,378,1575600,1632,832,800
1216,21,378,1575700,1117,564,553
1217,21,378,1575800,3104,1605,1499
1218,21,378,1575900,3618,1832,1786
1219,21,378,1576000,361,177,184
1220,21,378,1576100,810,398,412
1221,21,378,1576200,8410,4288,4122
1222,21,378,1576300,603,287,316
1223,21,378,1576400,0,0,0
1224,21,378,1576500,2829,1471,1358
1225,21,378,1576600,531,289,242
1226,21,378,1576700,2395,1178,1217
1227,21,378,1576800,0,0,0
1228,21,378,1576900,251,123,128
1229,21,378,1577000,3663,1892,1771
1230,21,378,1577100,375,194,181
1231,21,378,1577200,370,190,180
1232,21,378,1577300,1559,786,773
1233,21,378,1577400,345,181,164
1234,21,378,1577500,586,282,304
1235,21,378,1577600,477,246,231
1236,21,378,1577700,708,362,346
1237,21,378,1577800,4520,2277,2243
1238,21,378,1577900,435,241,194
1239,21,378,1578000,4230,2156,2074
1240,21,378,1578100,8311,4258,4053
1241,21,378,1578200,11711,5992,5719
1242,21,378,1578300,746,379,367
1243,21,378,1578400,1140,572,568
1244,21,378,1578500,5885,3032,2853
1245,21,378,1578600,2254,1183,1071
1246,21,378,1578700,0,0,0
1247,21,378,1578800,2089,1065,1024
1248,21,378,1578900,324,160,164
1249,21,378,1579000,627,327,300
1250,21,378,1579100,2588,1334,1254
1251,21,378,1579200,780,402,378
1252,21,378,1579300,263,141,122
1253,21,378,1579400,1414,679,735
1254,21,378,1579500,714,350,364
1255,21,378,1579600,453,230,223
1256,21,378,1579700,1399,736,663
1257,21,378,1579800,586,324,262
1258,21,378,1579900,1374,718,656
1259,21,378,1580000,304,161,143
1260,21,378,1580100,269,137,132
1261,21,378,1580200,165,96,69
1262,21,378,1580300,845,426,419
1263,21,378,1580400,772,381,391
1264,21,378,1580500,2340,1210,1130
1265,21,378,1580600,111,52,59
1266,21,378,1580700,386,191,195
1267,21,378,1580800,430,221,209
1268,21,378,1580900,429,215,214
1269,21,378,1581000,414,197,217
1270,21,378,1581100,181,82,99
1271,21,378,1581200,689,339,350
1272,21,378,1581300,1795,935,860
1273,21,378,1581400,658,335,323
1274,21,378,1581500,639,321,318
1275,21,378,1581600,471,230,241
1276,21,378,1581700,764,401,363
1277,21,378,1581800,1822,890,932
1278,21,378,1581900,1954,972,982
1279,21,378,1582000,221,111,110
1280,21,378,1582100,3381,1760,1621
1281,21,378,1582200,0,0,0
1282,21,378,1582300,264,140,124
1283,21,378,1582400,1466,746,720
1284,21,378,1582500,737,369,368
1285,21,378,1582600,847,404,443
1286,21,378,1582700,327,165,162
1287,21,378,1582800,298,155,143
1288,21,378,1582900,418,213,205
1289,21,378,1583000,2402,1190,1212
1290,21,378,1583100,517,274,243
1291,21,378,1583200,1359,699,660
1292,21,378,1583300,3178,1665,1513
1293,21,378,1583400,86,46,40
1294,21,378,1583500,772,414,358
1295,21,378,1583600,2352,1153,1199
1296,21,378,1583700,4776,2352,2424
1297,21,378,1583800,2154,1117,1037
1298,21,378,1583900,1186,592,594
1299,21,378,1584000,2912,1522,1390
1300,21,378,1584100,3500,1791,1709
1301,21,378,1584200,2529,1267,1262
1302,21,378,1584300,5252,2596,2656
1303,21,378,1584400,272,150,122
1304,21,378,1584500,570,279,291
1305,21,378,1584600,4268,2168,2100
1306,21,378,1584700,890,444,446
1307,21,378,1584800,593,284,309
1308,21,378,1584900,443,249,194
1309,21,378,1585000,1236,632,604
1310,21,378,1585100,5625,2910,2715
